m horizon +0
a contact +82 +4257 1 3 808593033
a range +82 +4257 1 3 0.12
a contact +175 +3973 1 2 994709960
a range +175 +3973 1 2 0.12
a contact +297 +4220 5 6 1090409813
a range +297 +4220 5 6 0.13
a contact +503 +3444 2 3 861902725
a range +503 +3444 2 3 0.12
a contact +933 +4825 4 3 1175520891
a range +933 +4825 4 3 846.37
a contact +968 +5014 1 3 1056336141
a range +968 +5014 1 3 0.12
a contact +1051 +4963 5 4 906149293
a range +1051 +4963 5 4 0.13
a contact +1086 +4186 5 4 862699773
a range +1086 +4186 5 4 0.13
a contact +1263 +5029 5 6 867343998
a range +1263 +5029 5 6 0.13
a contact +1314 +5436 4 2 1067854097
a range +1314 +5436 4 2 842.82
a contact +1452 +5299 1 2 1071251072
a range +1452 +5299 1 2 0.12
a contact +1767 +5619 4 2 1137176288
a range +1767 +5619 4 2 847.92
a contact +1852 +5727 5 4 811386830
a range +1852 +5727 5 4 0.13
a contact +2565 +6060 2 1 1034788000
a range +2565 +6060 2 1 0.12
a contact +3100 +6194 4 5 1181244100
a range +3100 +6194 4 5 0.13
a contact +3913 +7844 2 1 1159701095
a range +3913 +7844 2 1 0.12
a contact +4130 +7628 4 3 889687563
a range +4130 +7628 4 3 840.95
a contact +4978 +8429 5 2 913756767
a range +4978 +8429 5 2 834.09
a contact +5380 +8335 6 5 1084291651
a range +5380 +8335 6 5 0.13
a contact +5444 +8827 3 2 1000730016
a range +5444 +8827 3 2 0.12
a contact +5564 +8674 5 3 803599481
a range +5564 +8674 5 3 837.72
a contact +5603 +9200 5 3 986802175
a range +5603 +9200 5 3 832.89
a contact +5773 +9241 1 3 941894578
a range +5773 +9241 1 3 0.12
a contact +6164 +9216 4 3 1129630913
a range +6164 +9216 4 3 836.85
a contact +6419 +10225 2 4 1145225418
a range +6419 +10225 2 4 835.41
a contact +6622 +9587 3 4 873789326
a range +6622 +9587 3 4 837.39
a contact +7457 +11076 3 2 820839096
a range +7457 +11076 3 2 0.12
a contact +7699 +11982 5 2 1161183124
a range +7699 +11982 5 2 840.96
a contact +7931 +11705 2 3 1031634960
a range +7931 +11705 2 3 0.12
a contact +8010 +11280 2 5 1009078659
a range +8010 +11280 2 5 845.41
a contact +8204 +12010 3 5 1199239679
a range +8204 +12010 3 5 832.39
a contact +8899 +12940 2 3 1091081237
a range +8899 +12940 2 3 0.12
a contact +8988 +12136 4 5 899155685
a range +8988 +12136 4 5 0.13
a contact +9200 +12861 3 2 1084854302
a range +9200 +12861 3 2 0.12
a contact +9266 +12334 3 5 931936333
a range +9266 +12334 3 5 834.16
a contact +9449 +13498 5 2 1102488456
a range +9449 +13498 5 2 845.61
a contact +9977 +13074 6 4 920303066
a range +9977 +13074 6 4 0.13
a contact +10001 +13832 2 5 965374261
a range +10001 +13832 2 5 848.06
a contact +10928 +14938 2 5 1049085546
a range +10928 +14938 2 5 833.31
a contact +11092 +14337 6 5 1061224866
a range +11092 +14337 6 5 0.13
a contact +11181 +15244 6 4 996095121
a range +11181 +15244 6 4 0.13
a contact +11670 +15809 2 1 1050074327
a range +11670 +15809 2 1 0.12
a contact +11724 +15143 6 4 801673709
a range +11724 +15143 6 4 0.13
a contact +12027 +15044 4 5 1148548666
a range +12027 +15044 4 5 0.13
a contact +12147 +15102 1 3 813341597
a range +12147 +15102 1 3 0.12
a contact +12328 +16083 1 2 926367716
a range +12328 +16083 1 2 0.12
a contact +12475 +15763 3 2 1130997370
a range +12475 +15763 3 2 0.12
a contact +12709 +16365 5 3 946846861
a range +12709 +16365 5 3 840.33
a contact +12734 +15838 6 5 992563225
a range +12734 +15838 6 5 0.13
a contact +13246 +16382 5 4 1001294450
a range +13246 +16382 5 4 0.13
a contact +13477 +17530 6 4 981638207
a range +13477 +17530 6 4 0.13
a contact +13484 +16561 2 5 910472794
a range +13484 +16561 2 5 840.34
a contact +13528 +17334 2 1 929641227
a range +13528 +17334 2 1 0.12
a contact +13597 +16825 4 6 848947949
a range +13597 +16825 4 6 0.13
a contact +13638 +17272 4 3 1092801255
a range +13638 +17272 4 3 847.75
a contact +13729 +16869 3 1 819799553
a range +13729 +16869 3 1 0.12
a contact +14054 +17948 2 4 993493483
a range +14054 +17948 2 4 844.74
a contact +14067 +17918 5 4 898098921
a range +14067 +17918 5 4 0.13
a contact +14138 +17338 5 3 906173906
a range +14138 +17338 5 3 832.36
a contact +14182 +17132 6 4 1196693732
a range +14182 +17132 6 4 0.13
a contact +14310 +17432 1 2 866941188
a range +14310 +17432 1 2 0.12
a contact +14461 +18628 5 2 1067773270
a range +14461 +18628 5 2 848.29
a contact +14949 +18730 1 3 997841832
a range +14949 +18730 1 3 0.12
a contact +15228 +19106 5 3 886766320
a range +15228 +19106 5 3 848.31
a contact +15395 +19191 4 6 986690803
a range +15395 +19191 4 6 0.13
a contact +15629 +18937 4 6 1180802498
a range +15629 +18937 4 6 0.13
a contact +15645 +19207 5 3 1043962947
a range +15645 +19207 5 3 846.64
a contact +16048 +19912 6 5 898733212
a range +16048 +19912 6 5 0.13
a contact +16103 +20111 2 3 1015898568
a range +16103 +20111 2 3 0.12
a contact +16953 +20052 4 6 1066472759
a range +16953 +20052 4 6 0.13
a contact +16974 +20374 6 4 916162067
a range +16974 +20374 6 4 0.13
a contact +17055 +20924 4 6 1030072634
a range +17055 +20924 4 6 0.13
a contact +17109 +21166 2 4 1161472698
a range +17109 +21166 2 4 838.65
a contact +17596 +20796 1 2 1100944813
a range +17596 +20796 1 2 0.12
a contact +17989 +21854 5 2 1024067453
a range +17989 +21854 5 2 833.85
a contact +18337 +21377 2 5 1182813845
a range +18337 +21377 2 5 844.24
a contact +18565 +21751 1 2 903404668
a range +18565 +21751 1 2 0.12
a contact +18593 +21544 2 3 1022910130
a range +18593 +21544 2 3 0.12
a contact +18931 +23189 5 4 1015877403
a range +18931 +23189 5 4 0.13
a contact +19027 +23214 5 2 1126976028
a range +19027 +23214 5 2 842.3
a contact +19330 +23456 5 2 983494106
a range +19330 +23456 5 2 839.5
a contact +19345 +22898 3 4 951777583
a range +19345 +22898 3 4 846.47
a contact +19597 +22545 5 6 916193325
a range +19597 +22545 5 6 0.13
a contact +19777 +23291 2 1 841441572
a range +19777 +23291 2 1 0.12
a contact +19869 +23817 2 3 1181588806
a range +19869 +23817 2 3 0.12
a contact +19887 +23231 5 6 896125266
a range +19887 +23231 5 6 0.13
a contact +19993 +23317 5 3 1053090551
a range +19993 +23317 5 3 842.06
a contact +20273 +23445 1 3 1042855042
a range +20273 +23445 1 3 0.12
a contact +20420 +24249 5 2 929093446
a range +20420 +24249 5 2 846.31
a contact +20478 +24542 6 4 811362455
a range +20478 +24542 6 4 0.13
a contact +20541 +24769 2 3 1121942670
a range +20541 +24769 2 3 0.12
a contact +20824 +23796 5 6 1120547485
a range +20824 +23796 5 6 0.13
a contact +20890 +24610 3 2 857287363
a range +20890 +24610 3 2 0.12
a contact +20990 +24285 4 5 1037396795
a range +20990 +24285 4 5 0.13
a contact +21210 +25330 5 3 1195078139
a range +21210 +25330 5 3 833.74
a contact +21528 +24680 5 3 991115772
a range +21528 +24680 5 3 845.21
a contact +21928 +25294 6 4 971267333
a range +21928 +25294 6 4 0.13
a contact +21968 +26052 2 3 1085144023
a range +21968 +26052 2 3 0.12
a contact +22015 +25375 3 1 998958653
a range +22015 +25375 3 1 0.12
a contact +22610 +25534 2 1 1105613315
a range +22610 +25534 2 1 0.12
a contact +22883 +26702 5 6 1132718847
a range +22883 +26702 5 6 0.13
a contact +22930 +25954 4 6 1026134365
a range +22930 +25954 4 6 0.13
a contact +23015 +27258 5 2 954447243
a range +23015 +27258 5 2 834.7
a contact +23140 +26139 3 5 1181116507
a range +23140 +26139 3 5 839.43
a contact +23177 +27013 4 5 879722996
a range +23177 +27013 4 5 0.13
a contact +23332 +27338 3 5 909728433
a range +23332 +27338 3 5 831.61
a contact +23369 +26900 6 5 1066985145
a range +23369 +26900 6 5 0.13
a contact +23610 +26757 3 5 1196201057
a range +23610 +26757 3 5 845.26
a contact +23785 +27564 3 2 1152496958
a range +23785 +27564 3 2 0.12
a contact +23852 +26963 3 5 1121341954
a range +23852 +26963 3 5 832.52
a contact +23933 +27866 3 4 1136515238
a range +23933 +27866 3 4 840.6
a contact +24139 +27730 4 6 1014906604
a range +24139 +27730 4 6 0.13
a contact +24227 +27931 3 1 804693041
a range +24227 +27931 3 1 0.12
a contact +24262 +28210 4 6 1139052991
a range +24262 +28210 4 6 0.13
a contact +24344 +28623 4 5 1026235650
a range +24344 +28623 4 5 0.13
a contact +24487 +27386 4 2 957818029
a range +24487 +27386 4 2 842.88
a contact +24553 +28610 3 4 1027843974
a range +24553 +28610 3 4 839.05
a contact +24821 +28671 2 4 804121837
a range +24821 +28671 2 4 831.97
a contact +25335 +28897 5 2 1066847583
a range +25335 +28897 5 2 843.0
a contact +25474 +29068 5 4 1001900250
a range +25474 +29068 5 4 0.13
a contact +25540 +29703 1 3 961130245
a range +25540 +29703 1 3 0.12
a contact +25570 +28469 2 5 1035729028
a range +25570 +28469 2 5 846.89
a contact +26161 +29665 5 2 989049634
a range +26161 +29665 5 2 839.71
a contact +26241 +29173 5 6 806956402
a range +26241 +29173 5 6 0.13
a contact +26398 +30610 2 1 1053677519
a range +26398 +30610 2 1 0.12
a contact +26439 +29732 4 5 1113696488
a range +26439 +29732 4 5 0.13
a contact +26734 +30864 4 5 819203354
a range +26734 +30864 4 5 0.13
a contact +26755 +30633 5 3 980166289
a range +26755 +30633 5 3 841.2
a contact +26791 +30768 5 4 1033207820
a range +26791 +30768 5 4 0.13
a contact +27192 +30299 4 3 830859819
a range +27192 +30299 4 3 842.08
a contact +27201 +30238 4 2 1094731546
a range +27201 +30238 4 2 839.22
a contact +27220 +31436 4 3 850868829
a range +27220 +31436 4 3 841.47
a contact +27361 +30573 4 3 950171571
a range +27361 +30573 4 3 840.76
a contact +27527 +31589 6 5 1176712934
a range +27527 +31589 6 5 0.13
a contact +27745 +31932 2 3 1086500803
a range +27745 +31932 2 3 0.12
a contact +27981 +31299 5 6 951077061
a range +27981 +31299 5 6 0.13
a contact +28035 +32310 2 3 970929126
a range +28035 +32310 2 3 0.12
a contact +28424 +32742 6 5 1112700421
a range +28424 +32742 6 5 0.13
a contact +29638 +32838 4 2 821121993
a range +29638 +32838 4 2 847.38
a contact +29682 +32770 6 4 1195144579
a range +29682 +32770 6 4 0.13
a contact +29960 +33245 4 2 1132690150
a range +29960 +33245 4 2 847.92
a contact +30010 +33349 4 3 1185786080
a range +30010 +33349 4 3 834.16
a contact +30047 +33921 6 4 1144888570
a range +30047 +33921 6 4 0.13
a contact +30777 +34802 4 6 912732310
a range +30777 +34802 4 6 0.13
a contact +30782 +34732 4 2 909517997
a range +30782 +34732 4 2 839.87
a contact +31040 +34748 3 4 1109696318
a range +31040 +34748 3 4 834.59
a contact +31259 +34491 4 2 1138293052
a range +31259 +34491 4 2 838.0
a contact +31289 +35486 4 3 1181166976
a range +31289 +35486 4 3 839.39
a contact +31313 +35306 6 5 804137520
a range +31313 +35306 6 5 0.13
a contact +31357 +35638 4 3 940687143
a range +31357 +35638 4 3 831.86
a contact +31540 +35608 5 6 922610953
a range +31540 +35608 5 6 0.13
a contact +31603 +34639 1 2 967634902
a range +31603 +34639 1 2 0.12
a contact +31866 +35490 5 4 1005343995
a range +31866 +35490 5 4 0.13
a contact +31950 +36073 2 1 1036193348
a range +31950 +36073 2 1 0.12
a contact +32133 +36302 1 2 898113363
a range +32133 +36302 1 2 0.12
a contact +32154 +36017 3 1 867061985
a range +32154 +36017 3 1 0.12
a contact +32175 +36033 6 4 1119352555
a range +32175 +36033 6 4 0.13
a contact +32868 +37011 3 4 993459998
a range +32868 +37011 3 4 835.86
a contact +33035 +36881 4 2 1064473160
a range +33035 +36881 4 2 848.11
a contact +33043 +37185 2 4 1069031155
a range +33043 +37185 2 4 846.69
a contact +33206 +36737 3 5 1185718546
a range +33206 +36737 3 5 846.15
a contact +33273 +37089 6 5 1144142363
a range +33273 +37089 6 5 0.13
a contact +33486 +36464 2 1 1029268363
a range +33486 +36464 2 1 0.12
a contact +33522 +36713 4 5 1041213810
a range +33522 +36713 4 5 0.13
a contact +33555 +37167 6 5 901619230
a range +33555 +37167 6 5 0.13
a contact +33569 +37153 5 2 867897983
a range +33569 +37153 5 2 846.06
a contact +33620 +37143 2 3 1072530135
a range +33620 +37143 2 3 0.12
a contact +33948 +37583 3 1 889045718
a range +33948 +37583 3 1 0.12
a contact +34094 +38154 6 5 815611893
a range +34094 +38154 6 5 0.13
a contact +34139 +38442 4 5 984744459
a range +34139 +38442 4 5 0.13
a contact +34290 +37779 1 3 800137779
a range +34290 +37779 1 3 0.12
a contact +34442 +37405 5 3 1078017976
a range +34442 +37405 5 3 837.12
a contact +35056 +39060 2 4 908699998
a range +35056 +39060 2 4 833.41
a contact +35204 +38899 6 4 856915905
a range +35204 +38899 6 4 0.13
a contact +35284 +38823 6 5 1184125537
a range +35284 +38823 6 5 0.13
a contact +35397 +39445 1 3 939153274
a range +35397 +39445 1 3 0.12
a contact +35497 +38938 3 4 883084047
a range +35497 +38938 3 4 841.4
a contact +35656 +39315 1 3 975146180
a range +35656 +39315 1 3 0.12
a contact +35761 +40065 2 4 1065545684
a range +35761 +40065 2 4 831.9
a contact +35767 +39125 3 1 1144103452
a range +35767 +39125 3 1 0.12
a contact +36073 +39441 6 5 809666517
a range +36073 +39441 6 5 0.13
a contact +36200 +39444 4 6 825320813
a range +36200 +39444 4 6 0.13
a contact +36230 +40376 5 3 1189371647
a range +36230 +40376 5 3 838.03
a contact +36317 +40272 2 4 988656797
a range +36317 +40272 2 4 847.28
a contact +36473 +39453 5 6 832219030
a range +36473 +39453 5 6 0.13
a contact +36478 +39730 3 2 1118827849
a range +36478 +39730 3 2 0.12
a contact +36482 +39459 3 5 1102798587
a range +36482 +39459 3 5 839.53
a contact +36489 +40035 5 2 809957789
a range +36489 +40035 5 2 846.33
a contact +36595 +39656 2 5 1094757389
a range +36595 +39656 2 5 846.47
a contact +36636 +39605 4 6 1169150946
a range +36636 +39605 4 6 0.13
a contact +36793 +40532 2 4 1089067441
a range +36793 +40532 2 4 831.68
a contact +36869 +40537 4 5 838854226
a range +36869 +40537 4 5 0.13
a contact +37059 +40294 1 3 969492867
a range +37059 +40294 1 3 0.12
a contact +37228 +41223 5 2 913767145
a range +37228 +41223 5 2 835.34
a contact +37239 +41249 4 3 1162625734
a range +37239 +41249 4 3 846.25
a contact +37254 +40619 3 4 1141517168
a range +37254 +40619 3 4 832.6
a contact +37305 +40768 3 5 1139575551
a range +37305 +40768 3 5 838.05
a contact +37353 +40926 1 3 1185800926
a range +37353 +40926 1 3 0.12
a contact +37401 +40682 2 3 805701918
a range +37401 +40682 2 3 0.12
a contact +37514 +40497 2 4 950991893
a range +37514 +40497 2 4 842.48
a contact +37761 +41887 2 4 1164436515
a range +37761 +41887 2 4 843.56
a contact +37778 +41264 5 4 960011975
a range +37778 +41264 5 4 0.13
a contact +37856 +42102 4 5 1015083635
a range +37856 +42102 4 5 0.13
a contact +38083 +42387 4 5 1142173712
a range +38083 +42387 4 5 0.13
a contact +38224 +42198 5 3 927700013
a range +38224 +42198 5 3 836.26
a contact +38677 +41743 5 6 1037499906
a range +38677 +41743 5 6 0.13
a contact +38979 +42963 4 5 1151446830
a range +38979 +42963 4 5 0.13
a contact +39151 +42415 4 3 1189643504
a range +39151 +42415 4 3 839.75
a contact +40141 +44395 4 5 882703598
a range +40141 +44395 4 5 0.13
a contact +40488 +43624 5 6 892548078
a range +40488 +43624 5 6 0.13
a contact +40840 +43887 6 4 1152546429
a range +40840 +43887 6 4 0.13
a contact +41057 +45086 1 2 1126205202
a range +41057 +45086 1 2 0.12
a contact +41106 +44272 4 6 1164420888
a range +41106 +44272 4 6 0.13
a contact +41362 +45049 4 2 1042248490
a range +41362 +45049 4 2 845.44
a contact +41537 +45290 3 2 1060368475
a range +41537 +45290 3 2 0.12
a contact +41783 +44896 2 5 1049644103
a range +41783 +44896 2 5 833.22
a contact +41872 +45156 3 5 1143960097
a range +41872 +45156 3 5 847.56
a contact +42009 +45518 5 6 1141137149
a range +42009 +45518 5 6 0.13
a contact +42052 +45939 3 2 1129063833
a range +42052 +45939 3 2 0.12
a contact +42201 +46390 2 5 978895491
a range +42201 +46390 2 5 844.06
a contact +42435 +46675 4 6 826437597
a range +42435 +46675 4 6 0.13
a contact +42614 +45889 6 4 841205237
a range +42614 +45889 6 4 0.13
a contact +42776 +46909 4 6 1097645338
a range +42776 +46909 4 6 0.13
a contact +42955 +46752 2 4 1010082443
a range +42955 +46752 2 4 836.9
a contact +43153 +46092 3 2 878256217
a range +43153 +46092 3 2 0.12
a contact +43460 +47619 5 3 1122725166
a range +43460 +47619 5 3 845.86
a contact +43543 +46919 2 3 1196420849
a range +43543 +46919 2 3 0.12
a contact +43747 +48065 3 2 931899930
a range +43747 +48065 3 2 0.12
a contact +43822 +47339 4 3 959915877
a range +43822 +47339 4 3 846.21
a contact +44535 +47528 3 4 859724061
a range +44535 +47528 3 4 838.79
a contact +44582 +47933 4 3 901944137
a range +44582 +47933 4 3 842.7
a contact +44599 +48126 5 6 960706812
a range +44599 +48126 5 6 0.13
a contact +45101 +48060 3 1 975633618
a range +45101 +48060 3 1 0.12
a contact +45178 +48090 5 3 1177566484
a range +45178 +48090 5 3 839.16
a contact +45302 +48325 2 1 1051404055
a range +45302 +48325 2 1 0.12
a contact +46001 +49906 3 2 1099500362
a range +46001 +49906 3 2 0.12
a contact +46151 +49647 1 2 1181232938
a range +46151 +49647 1 2 0.12
a contact +46204 +50498 5 6 1075079635
a range +46204 +50498 5 6 0.13
a contact +46577 +49514 2 3 1014562681
a range +46577 +49514 2 3 0.12
a contact +46626 +50128 5 6 999912192
a range +46626 +50128 5 6 0.13
a contact +46825 +49964 4 5 964428215
a range +46825 +49964 4 5 0.13
a contact +47585 +51462 2 3 864594916
a range +47585 +51462 2 3 0.12
a contact +47649 +50647 4 2 1072802818
a range +47649 +50647 4 2 844.56
a contact +47773 +52008 1 3 1027150919
a range +47773 +52008 1 3 0.12
a contact +48218 +51399 4 2 950454711
a range +48218 +51399 4 2 845.22
a contact +48621 +52647 1 2 885382315
a range +48621 +52647 1 2 0.12
a contact +48680 +51854 3 4 969892005
a range +48680 +51854 3 4 841.79
a contact +49008 +53148 5 3 1059233219
a range +49008 +53148 5 3 839.82
a contact +49051 +52524 3 1 1149130425
a range +49051 +52524 3 1 0.12
a contact +49544 +53403 3 5 1191998077
a range +49544 +53403 3 5 843.35
a contact +49569 +52977 2 1 1060717450
a range +49569 +52977 2 1 0.12
a contact +49826 +52846 3 4 1176519959
a range +49826 +52846 3 4 834.72
a contact +50210 +53104 3 1 939727717
a range +50210 +53104 3 1 0.12
a contact +50434 +53641 5 4 1038482524
a range +50434 +53641 5 4 0.13
a contact +50470 +53987 4 6 1157479368
a range +50470 +53987 4 6 0.13
a contact +50720 +55030 3 5 1078796081
a range +50720 +55030 3 5 842.82
a contact +50758 +53989 3 2 1144947367
a range +50758 +53989 3 2 0.12
a contact +50811 +54821 5 4 1149186256
a range +50811 +54821 5 4 0.13
a contact +50918 +54946 1 2 1197713158
a range +50918 +54946 1 2 0.12
a contact +50999 +55316 2 4 998593474
a range +50999 +55316 2 4 844.65
a contact +51128 +54146 6 4 1049340778
a range +51128 +54146 6 4 0.13
a contact +51196 +54351 5 4 847127477
a range +51196 +54351 5 4 0.13
a contact +51206 +54439 5 2 905128777
a range +51206 +54439 5 2 842.02
a contact +51627 +55389 3 1 1012249075
a range +51627 +55389 3 1 0.12
a contact +51728 +54889 3 2 945539791
a range +51728 +54889 3 2 0.12
a contact +51822 +55061 5 6 1156691685
a range +51822 +55061 5 6 0.13
a contact +51828 +54776 2 3 956748850
a range +51828 +54776 2 3 0.12
a contact +51900 +55421 6 5 824395802
a range +51900 +55421 6 5 0.13
a contact +51949 +55848 1 3 1064837431
a range +51949 +55848 1 3 0.12
a contact +52030 +55110 5 6 1132092427
a range +52030 +55110 5 6 0.13
a contact +52039 +54954 4 6 1114381742
a range +52039 +54954 4 6 0.13
a contact +52258 +55620 2 4 1073176187
a range +52258 +55620 2 4 838.53
a contact +52756 +56807 1 3 1131742189
a range +52756 +56807 1 3 0.12
a contact +52950 +57015 5 3 890301598
a range +52950 +57015 5 3 843.08
a contact +52956 +56840 6 4 868541155
a range +52956 +56840 6 4 0.13
a contact +53709 +57535 2 1 801128822
a range +53709 +57535 2 1 0.12
a contact +54769 +58191 5 2 1187582330
a range +54769 +58191 5 2 836.26
a contact +54878 +57920 2 1 944396619
a range +54878 +57920 2 1 0.12
a contact +54916 +58667 3 2 877016746
a range +54916 +58667 3 2 0.12
a contact +54967 +58190 4 2 1057369509
a range +54967 +58190 4 2 836.53
a contact +55063 +58668 2 4 1165799643
a range +55063 +58668 2 4 835.37
a contact +55139 +58973 1 2 877753868
a range +55139 +58973 1 2 0.12
a contact +55284 +58837 6 5 1180779142
a range +55284 +58837 6 5 0.13
a contact +55489 +59524 2 4 917309867
a range +55489 +59524 2 4 845.9
a contact +55998 +59753 4 5 1040248575
a range +55998 +59753 4 5 0.13
a contact +56062 +60132 6 5 1025027115
a range +56062 +60132 6 5 0.13
a contact +56113 +59165 2 5 942777494
a range +56113 +59165 2 5 840.8
a contact +56467 +59766 3 1 965379810
a range +56467 +59766 3 1 0.12
a contact +56502 +60457 2 1 1165887311
a range +56502 +60457 2 1 0.12
a contact +56881 +59996 2 3 814741421
a range +56881 +59996 2 3 0.12
a contact +56913 +59832 1 2 1087350396
a range +56913 +59832 1 2 0.12
a contact +56990 +61287 3 1 895126004
a range +56990 +61287 3 1 0.12
a contact +57606 +60770 6 4 1039791594
a range +57606 +60770 6 4 0.13
a contact +57944 +61338 5 3 1163182456
a range +57944 +61338 5 3 837.97
a contact +57947 +61598 3 4 1196835261
a range +57947 +61598 3 4 837.02
a contact +58316 +62390 4 6 1021876317
a range +58316 +62390 4 6 0.13
a contact +58339 +62151 5 4 1005405816
a range +58339 +62151 5 4 0.13
a contact +58402 +61400 3 2 979506754
a range +58402 +61400 3 2 0.12
a contact +58508 +62461 3 4 1088866147
a range +58508 +62461 3 4 845.75
a contact +58606 +62359 4 3 1194510215
a range +58606 +62359 4 3 838.67
a contact +58639 +62271 2 3 1010353459
a range +58639 +62271 2 3 0.12
a contact +58915 +62363 1 2 1193253009
a range +58915 +62363 1 2 0.12
a contact +58941 +63025 4 3 1058218553
a range +58941 +63025 4 3 842.48
a contact +58977 +63008 2 5 1173708767
a range +58977 +63008 2 5 835.98
a contact +59201 +63394 4 3 1199287680
a range +59201 +63394 4 3 844.15
a contact +59951 +63044 5 3 960858764
a range +59951 +63044 5 3 835.12
a contact +59978 +64162 1 3 1035107957
a range +59978 +64162 1 3 0.12
a contact +59978 +64262 3 4 1064016709
a range +59978 +64262 3 4 846.29
a contact +60050 +63128 4 5 1033845250
a range +60050 +63128 4 5 0.13
a contact +60418 +63725 1 2 1156580709
a range +60418 +63725 1 2 0.12
a contact +60473 +63880 3 1 1127727131
a range +60473 +63880 3 1 0.12
a contact +60483 +63982 2 3 960823703
a range +60483 +63982 2 3 0.12
a contact +61060 +64772 3 1 929720379
a range +61060 +64772 3 1 0.12
a contact +61111 +65423 6 5 1137996333
a range +61111 +65423 6 5 0.13
a contact +61178 +64572 2 4 1186687777
a range +61178 +64572 2 4 836.2
a contact +61428 +64652 2 4 1009973326
a range +61428 +64652 2 4 836.02
a contact +61625 +65518 5 4 946003918
a range +61625 +65518 5 4 0.13
a contact +61698 +65011 2 3 1154505271
a range +61698 +65011 2 3 0.12
a contact +61778 +65087 6 5 1028187268
a range +61778 +65087 6 5 0.13
a contact +62242 +66043 6 5 1084013642
a range +62242 +66043 6 5 0.13
a contact +62622 +66609 2 4 1064523741
a range +62622 +66609 2 4 833.79
a contact +62885 +65863 2 5 1063374539
a range +62885 +65863 2 5 832.02
a contact +63051 +66670 6 4 1001985384
a range +63051 +66670 6 4 0.13
a contact +63071 +66590 4 2 1067406781
a range +63071 +66590 4 2 831.83
a contact +63168 +66671 6 4 939958826
a range +63168 +66671 6 4 0.13
a contact +64264 +68541 2 5 1044291693
a range +64264 +68541 2 5 839.28
a contact +64347 +67643 5 4 831583294
a range +64347 +67643 5 4 0.13
a contact +64369 +67969 5 2 865564722
a range +64369 +67969 5 2 845.29
a contact +64411 +68053 5 6 1172146432
a range +64411 +68053 5 6 0.13
a contact +64492 +67746 4 2 1120007388
a range +64492 +67746 4 2 834.01
a contact +64530 +68489 3 1 896082407
a range +64530 +68489 3 1 0.12
a contact +64796 +69109 2 5 1122970156
a range +64796 +69109 2 5 836.73
a contact +64825 +68085 2 3 889566976
a range +64825 +68085 2 3 0.12
a contact +65234 +68386 6 5 804107637
a range +65234 +68386 6 5 0.13
a contact +65370 +69378 4 6 835232298
a range +65370 +69378 4 6 0.13
a contact +65392 +68655 4 2 1081287080
a range +65392 +68655 4 2 846.81
a contact +65412 +68411 5 6 1005662873
a range +65412 +68411 5 6 0.13
a contact +65459 +68493 3 4 1123961799
a range +65459 +68493 3 4 834.62
a contact +65571 +69836 4 3 956392671
a range +65571 +69836 4 3 833.08
a contact +65615 +68842 5 4 891543963
a range +65615 +68842 5 4 0.13
a contact +65720 +69310 6 5 1054195862
a range +65720 +69310 6 5 0.13
a contact +65803 +68761 3 2 1105789912
a range +65803 +68761 3 2 0.12
a contact +67030 +71304 2 5 1185002887
a range +67030 +71304 2 5 838.52
a contact +67167 +70262 6 4 1012122529
a range +67167 +70262 6 4 0.13
a contact +67247 +70349 3 5 1161560664
a range +67247 +70349 3 5 832.91
a contact +67587 +71885 2 5 964824724
a range +67587 +71885 2 5 839.09
a contact +67610 +71784 3 5 930014347
a range +67610 +71784 3 5 838.28
a contact +68100 +71518 3 1 1167868706
a range +68100 +71518 3 1 0.12
a contact +68137 +72124 2 1 1055324901
a range +68137 +72124 2 1 0.12
a contact +68191 +71452 1 3 1094648289
a range +68191 +71452 1 3 0.12
a contact +68833 +73131 2 5 1157843655
a range +68833 +73131 2 5 841.62
a contact +68841 +72219 3 5 1106407168
a range +68841 +72219 3 5 845.44
a contact +69535 +72764 3 4 828240424
a range +69535 +72764 3 4 843.3
a contact +69999 +73990 5 6 1179076921
a range +69999 +73990 5 6 0.13
a contact +70385 +74166 5 3 912843408
a range +70385 +74166 5 3 842.36
a contact +70386 +74459 4 2 1089658239
a range +70386 +74459 4 2 845.84
a contact +70436 +74282 5 2 881509868
a range +70436 +74282 5 2 848.14
a contact +70460 +74543 3 4 1173179500
a range +70460 +74543 3 4 837.7
a contact +70464 +73674 3 1 1033861112
a range +70464 +73674 3 1 0.12
a contact +70729 +73730 3 5 1059078238
a range +70729 +73730 3 5 835.55
a contact +70785 +74519 1 3 871050687
a range +70785 +74519 1 3 0.12
a contact +70964 +74370 3 4 899173219
a range +70964 +74370 3 4 848.11
a contact +71916 +75884 4 2 864501218
a range +71916 +75884 4 2 841.83
a contact +71979 +75933 4 3 1132609846
a range +71979 +75933 4 3 841.56
a contact +72116 +76125 4 2 805299953
a range +72116 +76125 4 2 834.95
a contact +72164 +75328 2 5 1031885080
a range +72164 +75328 2 5 838.13
a contact +72953 +76495 2 4 1125064851
a range +72953 +76495 2 4 835.41
a contact +73009 +76640 1 2 1158623897
a range +73009 +76640 1 2 0.12
a contact +73023 +76243 3 1 1027497644
a range +73023 +76243 3 1 0.12
a contact +73072 +76370 2 4 1141849875
a range +73072 +76370 2 4 845.82
a contact +73153 +77189 5 4 1045202689
a range +73153 +77189 5 4 0.13
a contact +73350 +76674 4 5 1104190168
a range +73350 +76674 4 5 0.13
a contact +73356 +77471 3 4 910851419
a range +73356 +77471 3 4 843.73
a contact +73370 +76981 2 3 1133594161
a range +73370 +76981 2 3 0.12
a contact +73445 +77760 2 1 1100058283
a range +73445 +77760 2 1 0.12
a contact +73580 +76925 4 2 996418570
a range +73580 +76925 4 2 847.42
a contact +73818 +77680 5 4 833993520
a range +73818 +77680 5 4 0.13
a contact +73830 +77972 4 5 901792955
a range +73830 +77972 4 5 0.13
a contact +74008 +77333 6 4 1015117859
a range +74008 +77333 6 4 0.13
a contact +74578 +77702 2 1 1071337685
a range +74578 +77702 2 1 0.12
a contact +74637 +78088 4 6 1015779632
a range +74637 +78088 4 6 0.13
a contact +74778 +77762 5 4 1155407885
a range +74778 +77762 5 4 0.13
a contact +75043 +78540 3 2 852749236
a range +75043 +78540 3 2 0.12
a contact +75075 +79341 4 2 1169418331
a range +75075 +79341 4 2 844.3
a contact +75429 +78810 3 2 1191664157
a range +75429 +78810 3 2 0.12
a contact +75465 +78784 3 5 1078164804
a range +75465 +78784 3 5 833.04
a contact +75771 +79353 4 3 1188200146
a range +75771 +79353 4 3 837.26
a contact +76049 +79971 3 2 1035529156
a range +76049 +79971 3 2 0.12
a contact +76185 +80096 5 2 904904761
a range +76185 +80096 5 2 837.41
a contact +76478 +79559 4 5 893614709
a range +76478 +79559 4 5 0.13
a contact +76519 +80254 3 5 1067479797
a range +76519 +80254 3 5 843.55
a contact +76623 +79796 3 2 827102316
a range +76623 +79796 3 2 0.12
a contact +76746 +80451 3 5 1059773612
a range +76746 +80451 3 5 840.13
a contact +76858 +79864 5 2 1156631891
a range +76858 +79864 5 2 844.64
a contact +77013 +79914 5 3 1096860572
a range +77013 +79914 5 3 835.68
a contact +77042 +80092 6 4 971416205
a range +77042 +80092 6 4 0.13
a contact +77067 +80872 4 6 1089590319
a range +77067 +80872 4 6 0.13
a contact +77161 +80649 2 5 844684894
a range +77161 +80649 2 5 838.47
a contact +77163 +80285 4 5 953346879
a range +77163 +80285 4 5 0.13
a contact +77449 +80526 2 5 1102322033
a range +77449 +80526 2 5 846.59
a contact +77482 +81468 2 4 946169555
a range +77482 +81468 2 4 833.75
a contact +77549 +81703 5 4 801303812
a range +77549 +81703 5 4 0.13
a contact +77855 +81628 6 5 1022319267
a range +77855 +81628 6 5 0.13
a contact +78028 +81994 2 1 1076188036
a range +78028 +81994 2 1 0.12
a contact +78276 +82434 4 2 818262936
a range +78276 +82434 4 2 846.92
a contact +78399 +82420 2 5 1158540821
a range +78399 +82420 2 5 848.02
a contact +78475 +82713 2 4 824983908
a range +78475 +82713 2 4 832.58
a contact +78618 +82184 3 1 939220137
a range +78618 +82184 3 1 0.12
a contact +78986 +82624 2 1 998252711
a range +78986 +82624 2 1 0.12
a contact +79357 +82639 3 4 865999499
a range +79357 +82639 3 4 834.61
a contact +79586 +82989 4 3 909169805
a range +79586 +82989 4 3 846.35
a contact +79640 +82980 4 3 904491065
a range +79640 +82980 4 3 832.35
a contact +79902 +83039 5 4 1032465356
a range +79902 +83039 5 4 0.13
a contact +80202 +84302 3 1 986022663
a range +80202 +84302 3 1 0.12
a contact +80696 +83624 1 2 1185338324
a range +80696 +83624 1 2 0.12
a contact +80741 +84063 5 2 939237304
a range +80741 +84063 5 2 845.99
a contact +80833 +84186 2 5 974830249
a range +80833 +84186 2 5 844.52
a contact +81039 +84927 3 5 1026059285
a range +81039 +84927 3 5 841.92
a contact +81473 +84885 2 1 1034463848
a range +81473 +84885 2 1 0.12
a contact +81721 +85820 1 2 852319470
a range +81721 +85820 1 2 0.12
a contact +81768 +86044 3 1 834178598
a range +81768 +86044 3 1 0.12
a contact +81912 +86023 3 1 802899258
a range +81912 +86023 3 1 0.12
a contact +81942 +85425 1 3 972812130
a range +81942 +85425 1 3 0.12
a contact +82134 +86016 1 2 873847432
a range +82134 +86016 1 2 0.12
a contact +82272 +85231 4 5 834210483
a range +82272 +85231 4 5 0.13
a contact +82329 +85755 2 5 1108977771
a range +82329 +85755 2 5 832.8
a contact +82334 +86080 4 6 802424432
a range +82334 +86080 4 6 0.13
a contact +82347 +85781 2 1 866928419
a range +82347 +85781 2 1 0.12
a contact +82364 +86379 2 3 1124251634
a range +82364 +86379 2 3 0.12
a contact +82386 +85881 3 2 1051676579
a range +82386 +85881 3 2 0.12
a contact +82453 +85873 3 4 1171116865
a range +82453 +85873 3 4 834.96
a contact +82571 +86064 2 1 816903696
a range +82571 +86064 2 1 0.12
a contact +82588 +86153 1 3 848228810
a range +82588 +86153 1 3 0.12
a contact +82913 +86400 6 5 1064006428
a range +82913 +86400 6 5 0.13
a contact +83053 +86203 5 3 1063202690
a range +83053 +86203 5 3 847.52
a contact +83197 +86221 3 2 1013498198
a range +83197 +86221 3 2 0.12
a contact +83372 +86400 5 2 974087138
a range +83372 +86400 5 2 846.92
a contact +83734 +86400 2 1 1006332544
a range +83734 +86400 2 1 0.12
a contact +83771 +86400 1 2 853956295
a range +83771 +86400 1 2 0.12
a contact +83870 +86400 3 1 926844875
a range +83870 +86400 3 1 0.12
a contact +83870 +86400 4 6 1029855990
a range +83870 +86400 4 6 0.13
a contact +83924 +86400 4 6 1165227092
a range +83924 +86400 4 6 0.13
a contact +83976 +86400 5 3 1121665542
a range +83976 +86400 5 3 844.43
a contact +84056 +86400 6 4 1035966771
a range +84056 +86400 6 4 0.13
a contact +84160 +86400 1 2 1010292831
a range +84160 +86400 1 2 0.12
a contact +84206 +86400 3 4 849068617
a range +84206 +86400 3 4 836.15
a contact +84397 +86400 5 6 843237410
a range +84397 +86400 5 6 0.13
a contact +84469 +86400 3 5 1015140423
a range +84469 +86400 3 5 838.74
a contact +84499 +86400 1 3 883026712
a range +84499 +86400 1 3 0.12
a contact +84562 +86400 3 5 1063123898
a range +84562 +86400 3 5 834.78
a contact +84669 +86400 3 5 867127190
a range +84669 +86400 3 5 833.49
a contact +84832 +86400 3 4 934792123
a range +84832 +86400 3 4 846.95
a contact +85079 +86400 5 6 1025291070
a range +85079 +86400 5 6 0.13
a contact +85142 +86400 5 4 1161034129
a range +85142 +86400 5 4 0.13
a contact +85361 +86400 1 3 1017151412
a range +85361 +86400 1 3 0.12
a contact +85564 +86400 4 2 895898385
a range +85564 +86400 4 2 838.61
a contact +85776 +86400 1 3 912472122
a range +85776 +86400 1 3 0.12
a contact +86045 +86400 5 2 837688664
a range +86045 +86400 5 2 837.59
a contact +86078 +86400 4 3 902025353
a range +86078 +86400 4 3 832.58
a contact +86177 +86400 1 2 1150080917
a range +86177 +86400 1 2 0.12
