m horizon +0
a contact +10 +3793 2 5 1148489616
a range +10 +3793 2 5 845.69
a contact +367 +4034 4 3 999289557
a range +367 +4034 4 3 808.28
a contact +711 +4087 2 4 1025553046
a range +711 +4087 2 4 856.89
a contact +1018 +4432 5 2 1088773609
a range +1018 +4432 5 2 855.66
a contact +1247 +4627 2 1 1023275893
a range +1247 +4627 2 1 0.12
a contact +1255 +4393 3 1 1080277674
a range +1255 +4393 3 1 0.12
a contact +1616 +5899 2 5 1132401510
a range +1616 +5899 2 5 856.21
a contact +2007 +5463 3 4 994254530
a range +2007 +5463 3 4 871.98
a contact +2083 +5358 3 5 837939236
a range +2083 +5358 3 5 834.86
a contact +2272 +5468 5 3 1052170368
a range +2272 +5468 5 3 837.8
a contact +2577 +5610 4 2 1187270540
a range +2577 +5610 4 2 813.26
a contact +2899 +6383 1 3 1012398051
a range +2899 +6383 1 3 0.12
a contact +3372 +7465 4 2 1185465543
a range +3372 +7465 4 2 806.16
a contact +3649 +6970 1 2 977979426
a range +3649 +6970 1 2 0.12
a contact +4041 +7155 4 3 1054030497
a range +4041 +7155 4 3 835.63
a contact +4210 +7200 4 6 1010224829
a range +4210 +7200 4 6 0.13
a contact +4230 +7991 5 2 1157419962
a range +4230 +7991 5 2 817.0
a contact +4682 +8444 5 3 1117078446
a range +4682 +8444 5 3 877.05
a contact +4934 +9076 5 2 986241515
a range +4934 +9076 5 2 869.03
a contact +5519 +8685 3 5 964473950
a range +5519 +8685 3 5 803.4
a contact +5662 +9042 3 5 878431410
a range +5662 +9042 3 5 849.91
a contact +5928 +8899 2 5 934021481
a range +5928 +8899 2 5 877.13
a contact +6351 +9323 4 6 1017974052
a range +6351 +9323 4 6 0.13
a contact +6584 +10860 2 1 857680564
a range +6584 +10860 2 1 0.12
a contact +6674 +10703 2 4 1046961691
a range +6674 +10703 2 4 818.8
a contact +6745 +10059 6 5 903584360
a range +6745 +10059 6 5 0.13
a contact +6827 +10741 3 2 944665993
a range +6827 +10741 3 2 0.12
a contact +7325 +10546 2 1 1105492967
a range +7325 +10546 2 1 0.12
a contact +7598 +11544 2 1 937468921
a range +7598 +11544 2 1 0.12
a contact +7673 +10601 5 2 1134309987
a range +7673 +10601 5 2 879.53
a contact +7705 +11518 5 2 839862376
a range +7705 +11518 5 2 854.02
a contact +7938 +11130 2 1 915258153
a range +7938 +11130 2 1 0.12
a contact +8033 +11408 5 6 820902970
a range +8033 +11408 5 6 0.13
a contact +8052 +12117 4 3 1148980128
a range +8052 +12117 4 3 808.45
a contact +8357 +12048 5 3 1054916647
a range +8357 +12048 5 3 847.84
a contact +8472 +11672 3 4 954388867
a range +8472 +11672 3 4 809.55
a contact +8654 +12588 1 2 1114503562
a range +8654 +12588 1 2 0.12
a contact +8670 +12618 4 2 1031495134
a range +8670 +12618 4 2 829.04
a contact +8887 +12130 6 5 1048479793
a range +8887 +12130 6 5 0.13
a contact +8921 +11991 5 4 1036434528
a range +8921 +11991 5 4 0.13
a contact +8935 +12760 6 5 874945614
a range +8935 +12760 6 5 0.13
a contact +9440 +13693 5 4 861426040
a range +9440 +13693 5 4 0.13
a contact +10024 +13450 5 4 1136367026
a range +10024 +13450 5 4 0.13
a contact +10038 +13861 5 3 884052574
a range +10038 +13861 5 3 869.29
a contact +10074 +13483 6 4 1075616948
a range +10074 +13483 6 4 0.13
a contact +10326 +14522 2 5 1076662155
a range +10326 +14522 2 5 830.43
a contact +10390 +13354 2 3 1158607715
a range +10390 +13354 2 3 0.12
a contact +10392 +13460 2 1 1170321546
a range +10392 +13460 2 1 0.12
a contact +10451 +13898 2 3 824586834
a range +10451 +13898 2 3 0.12
a contact +10940 +14988 3 5 877862091
a range +10940 +14988 3 5 817.66
a contact +10966 +14002 5 4 856637756
a range +10966 +14002 5 4 0.13
a contact +11600 +15272 2 3 1013815766
a range +11600 +15272 2 3 0.12
a contact +12253 +16287 6 4 990317808
a range +12253 +16287 6 4 0.13
a contact +12355 +16273 4 2 1127989159
a range +12355 +16273 4 2 871.54
a contact +12599 +16036 3 2 1088779882
a range +12599 +16036 3 2 0.12
a contact +12636 +16484 3 2 809168133
a range +12636 +16484 3 2 0.12
a contact +12697 +15716 3 2 1197329498
a range +12697 +15716 3 2 0.12
a contact +12812 +16694 3 4 870610535
a range +12812 +16694 3 4 856.72
a contact +12900 +16438 2 1 994372265
a range +12900 +16438 2 1 0.12
a contact +12933 +16258 3 4 1123276913
a range +12933 +16258 3 4 827.78
a contact +12949 +17134 4 3 1093542926
a range +12949 +17134 4 3 849.21
a contact +13219 +16707 3 2 1172475582
a range +13219 +16707 3 2 0.12
a contact +13563 +16957 2 4 1004181471
a range +13563 +16957 2 4 875.2
a contact +13582 +17870 3 1 839637499
a range +13582 +17870 3 1 0.12
a contact +13595 +17702 5 3 1138179445
a range +13595 +17702 5 3 838.77
a contact +14022 +17512 5 3 1155505833
a range +14022 +17512 5 3 857.79
a contact +14420 +18166 6 4 1161702568
a range +14420 +18166 6 4 0.13
a contact +14903 +18531 6 4 1102223782
a range +14903 +18531 6 4 0.13
a contact +14967 +18152 1 3 1117595163
a range +14967 +18152 1 3 0.12
a contact +15205 +18543 5 3 1016440294
a range +15205 +18543 5 3 862.44
a contact +15579 +18703 3 1 870786195
a range +15579 +18703 3 1 0.12
a contact +16145 +20202 5 4 824372771
a range +16145 +20202 5 4 0.13
a contact +16200 +19765 2 3 943641769
a range +16200 +19765 2 3 0.12
a contact +16327 +20357 3 1 1110779040
a range +16327 +20357 3 1 0.12
a contact +16688 +19955 4 6 988750787
a range +16688 +19955 4 6 0.13
a contact +16749 +20120 2 4 1018778754
a range +16749 +20120 2 4 829.3
a contact +16957 +19924 2 3 972740958
a range +16957 +19924 2 3 0.12
a contact +17094 +21398 5 2 1054232501
a range +17094 +21398 5 2 848.16
a contact +17496 +20932 6 4 1023339700
a range +17496 +20932 6 4 0.13
a contact +17595 +21210 5 2 1026102745
a range +17595 +21210 5 2 845.82
a contact +17760 +21685 4 5 1029908841
a range +17760 +21685 4 5 0.13
a contact +17767 +21675 6 5 1185545740
a range +17767 +21675 6 5 0.13
a contact +17971 +21153 3 4 1124208217
a range +17971 +21153 3 4 809.24
a contact +18027 +22268 3 5 970792551
a range +18027 +22268 3 5 798.8
a contact +18111 +21751 2 4 1098684251
a range +18111 +21751 2 4 864.03
a contact +18428 +22339 2 1 847027568
a range +18428 +22339 2 1 0.12
a contact +18477 +21930 6 4 885285230
a range +18477 +21930 6 4 0.13
a contact +18522 +22427 5 6 836974919
a range +18522 +22427 5 6 0.13
a contact +18765 +22566 6 5 1170967313
a range +18765 +22566 6 5 0.13
a contact +18822 +22406 6 5 1058664663
a range +18822 +22406 6 5 0.13
a contact +18845 +22410 4 5 888578274
a range +18845 +22410 4 5 0.13
a contact +19407 +22674 3 4 979299025
a range +19407 +22674 3 4 815.65
a contact +20179 +24313 6 5 1026649670
a range +20179 +24313 6 5 0.13
a contact +20223 +23105 3 5 1144632921
a range +20223 +23105 3 5 831.46
a contact +20444 +24109 5 6 1116208553
a range +20444 +24109 5 6 0.13
a contact +20529 +24019 2 5 950760766
a range +20529 +24019 2 5 858.39
a contact +20629 +23519 4 2 900031510
a range +20629 +23519 4 2 809.42
a contact +20821 +24925 2 5 1115374866
a range +20821 +24925 2 5 866.59
a contact +20875 +24281 4 2 969722228
a range +20875 +24281 4 2 867.78
a contact +21079 +24340 5 4 907327299
a range +21079 +24340 5 4 0.13
a contact +21106 +24483 5 6 930765393
a range +21106 +24483 5 6 0.13
a contact +21133 +24923 1 3 963325114
a range +21133 +24923 1 3 0.12
a contact +21262 +25232 2 4 1108308375
a range +21262 +25232 2 4 818.69
a contact +21587 +25412 5 6 1181169966
a range +21587 +25412 5 6 0.13
a contact +22250 +25214 5 4 810018994
a range +22250 +25214 5 4 0.13
a contact +22381 +26250 3 1 1118696482
a range +22381 +26250 3 1 0.12
a contact +22387 +25911 5 3 1000630691
a range +22387 +25911 5 3 874.99
a contact +22489 +25884 4 6 1069828895
a range +22489 +25884 4 6 0.13
a contact +22938 +26826 4 5 909516831
a range +22938 +26826 4 5 0.13
a contact +23089 +26333 6 4 822668110
a range +23089 +26333 6 4 0.13
a contact +23662 +27651 2 3 1124044849
a range +23662 +27651 2 3 0.12
a contact +23903 +27154 1 3 980837825
a range +23903 +27154 1 3 0.12
a contact +24083 +27763 1 2 1010086824
a range +24083 +27763 1 2 0.12
a contact +24142 +27559 5 6 890131518
a range +24142 +27559 5 6 0.13
a contact +24150 +27398 2 1 955703736
a range +24150 +27398 2 1 0.12
a contact +24323 +28579 2 5 935659264
a range +24323 +28579 2 5 845.75
a contact +25155 +29026 1 3 925609862
a range +25155 +29026 1 3 0.12
a contact +25382 +29106 4 2 818902001
a range +25382 +29106 4 2 863.76
a contact +26016 +29412 3 2 1148457442
a range +26016 +29412 3 2 0.12
a contact +26222 +29388 6 5 973158009
a range +26222 +29388 6 5 0.13
a contact +26467 +30657 5 6 976122032
a range +26467 +30657 5 6 0.13
a contact +26707 +29696 4 2 1198472673
a range +26707 +29696 4 2 804.51
a contact +26784 +30504 4 6 1004467284
a range +26784 +30504 4 6 0.13
a contact +26805 +30490 2 3 1175126548
a range +26805 +30490 2 3 0.12
a contact +27398 +30870 2 4 1196554675
a range +27398 +30870 2 4 862.64
a contact +27645 +30582 3 2 837452455
a range +27645 +30582 3 2 0.12
a contact +27672 +31760 1 3 1171985116
a range +27672 +31760 1 3 0.12
a contact +27896 +32063 6 4 875604124
a range +27896 +32063 6 4 0.13
a contact +28033 +31897 5 2 1058794257
a range +28033 +31897 5 2 815.23
a contact +28177 +31712 5 6 1197488342
a range +28177 +31712 5 6 0.13
a contact +28233 +31801 1 3 1086288904
a range +28233 +31801 1 3 0.12
a contact +28761 +32211 5 4 1197344845
a range +28761 +32211 5 4 0.13
a contact +29142 +33445 4 6 887335953
a range +29142 +33445 4 6 0.13
a contact +29165 +32393 5 3 935438705
a range +29165 +32393 5 3 860.84
a contact +29194 +32379 1 3 913778541
a range +29194 +32379 1 3 0.12
a contact +29238 +32772 5 4 890245475
a range +29238 +32772 5 4 0.13
a contact +29292 +32383 5 4 1145582131
a range +29292 +32383 5 4 0.13
a contact +29469 +33561 5 2 875167508
a range +29469 +33561 5 2 868.61
a contact +29526 +32682 1 2 1174286670
a range +29526 +32682 1 2 0.12
a contact +29616 +32952 5 3 921342083
a range +29616 +32952 5 3 813.84
a contact +29744 +32886 5 3 844307365
a range +29744 +32886 5 3 811.58
a contact +30188 +34126 5 3 917952545
a range +30188 +34126 5 3 822.44
a contact +30206 +33671 3 1 1001836986
a range +30206 +33671 3 1 0.12
a contact +30292 +34482 4 5 1155663055
a range +30292 +34482 4 5 0.13
a contact +30481 +34738 3 2 993026401
a range +30481 +34738 3 2 0.12
a contact +31132 +34616 2 1 865176501
a range +31132 +34616 2 1 0.12
a contact +31528 +34559 3 4 922018206
a range +31528 +34559 3 4 801.1
a contact +31689 +35906 4 2 991433887
a range +31689 +35906 4 2 864.4
a contact +31993 +36269 5 2 915863891
a range +31993 +36269 5 2 867.03
a contact +32273 +36336 6 4 1030515082
a range +32273 +36336 6 4 0.13
a contact +32318 +35446 2 3 862412977
a range +32318 +35446 2 3 0.12
a contact +32732 +36095 4 2 857189382
a range +32732 +36095 4 2 816.49
a contact +32841 +37091 6 4 983749356
a range +32841 +37091 6 4 0.13
a contact +32935 +36842 5 6 1109311711
a range +32935 +36842 5 6 0.13
a contact +32940 +36358 3 5 884287105
a range +32940 +36358 3 5 880.83
a contact +33286 +36625 6 4 828956695
a range +33286 +36625 6 4 0.13
a contact +33891 +37989 5 3 1042587576
a range +33891 +37989 5 3 824.32
a contact +33923 +38001 5 4 1004849372
a range +33923 +38001 5 4 0.13
a contact +34244 +37761 4 5 885885788
a range +34244 +37761 4 5 0.13
a contact +34471 +38379 2 1 1151691062
a range +34471 +38379 2 1 0.12
a contact +34708 +38193 3 5 907459546
a range +34708 +38193 3 5 861.78
a contact +34851 +38118 5 6 1086860865
a range +34851 +38118 5 6 0.13
a contact +34859 +38085 5 3 835342423
a range +34859 +38085 5 3 878.13
a contact +35062 +38356 6 4 1002797817
a range +35062 +38356 6 4 0.13
a contact +35312 +38642 2 5 1015132151
a range +35312 +38642 2 5 832.08
a contact +35400 +38627 6 4 1022904493
a range +35400 +38627 6 4 0.13
a contact +35529 +38942 1 2 1074973454
a range +35529 +38942 1 2 0.12
a contact +35534 +39356 2 1 1023471680
a range +35534 +39356 2 1 0.12
a contact +35634 +38518 5 2 918041513
a range +35634 +38518 5 2 814.56
a contact +35690 +39407 2 1 1044915658
a range +35690 +39407 2 1 0.12
a contact +35691 +39784 3 4 1095004653
a range +35691 +39784 3 4 850.39
a contact +35825 +39690 1 2 1157640860
a range +35825 +39690 1 2 0.12
a contact +36044 +39340 5 4 1183429741
a range +36044 +39340 5 4 0.13
a contact +36123 +40217 4 3 890431949
a range +36123 +40217 4 3 864.52
a contact +36301 +40302 2 4 1157555821
a range +36301 +40302 2 4 861.24
a contact +36520 +40499 1 3 803276742
a range +36520 +40499 1 3 0.12
a contact +36575 +40451 3 2 835430379
a range +36575 +40451 3 2 0.12
a contact +36761 +39710 4 3 1137733016
a range +36761 +39710 4 3 864.25
a contact +36794 +41034 1 3 1159383553
a range +36794 +41034 1 3 0.12
a contact +37086 +41394 2 5 994995477
a range +37086 +41394 2 5 832.72
a contact +37234 +40606 4 6 1064550358
a range +37234 +40606 4 6 0.13
a contact +37325 +41471 4 6 1170553378
a range +37325 +41471 4 6 0.13
a contact +37494 +40777 3 5 1089418741
a range +37494 +40777 3 5 831.61
a contact +37511 +40401 4 6 1062043626
a range +37511 +40401 4 6 0.13
a contact +37681 +40726 5 6 1194511721
a range +37681 +40726 5 6 0.13
a contact +37899 +42029 1 3 977491723
a range +37899 +42029 1 3 0.12
a contact +37944 +41053 4 2 1097896306
a range +37944 +41053 4 2 807.67
a contact +38233 +41327 6 5 1133746694
a range +38233 +41327 6 5 0.13
a contact +38378 +41868 4 6 848717914
a range +38378 +41868 4 6 0.13
a contact +38440 +41785 3 1 1112666532
a range +38440 +41785 3 1 0.12
a contact +38463 +41495 2 5 928532173
a range +38463 +41495 2 5 840.86
a contact +38598 +42905 2 1 1151845151
a range +38598 +42905 2 1 0.12
a contact +38694 +42586 3 1 1134037593
a range +38694 +42586 3 1 0.12
a contact +38821 +42938 2 3 973071447
a range +38821 +42938 2 3 0.12
a contact +38885 +42539 6 5 1107482778
a range +38885 +42539 6 5 0.13
a contact +38960 +42970 2 4 875504416
a range +38960 +42970 2 4 859.41
a contact +39152 +43031 5 3 925913156
a range +39152 +43031 5 3 847.26
a contact +39161 +42720 6 5 1060434511
a range +39161 +42720 6 5 0.13
a contact +39750 +43684 1 3 1094244032
a range +39750 +43684 1 3 0.12
a contact +39814 +43683 6 4 1040701941
a range +39814 +43683 6 4 0.13
a contact +39931 +43099 2 4 946707554
a range +39931 +43099 2 4 878.95
a contact +39946 +43035 2 4 991382665
a range +39946 +43035 2 4 878.11
a contact +39951 +43901 6 5 1016954790
a range +39951 +43901 6 5 0.13
a contact +40328 +43703 5 4 1015317111
a range +40328 +43703 5 4 0.13
a contact +40666 +44106 2 4 1176063357
a range +40666 +44106 2 4 855.98
a contact +40876 +45059 2 3 1088723873
a range +40876 +45059 2 3 0.12
a contact +40957 +44392 1 3 1042054022
a range +40957 +44392 1 3 0.12
a contact +41156 +44831 6 5 965697361
a range +41156 +44831 6 5 0.13
a contact +41485 +45231 5 6 832788005
a range +41485 +45231 5 6 0.13
a contact +41789 +45413 2 5 1000376152
a range +41789 +45413 2 5 832.8
a contact +41988 +45935 6 4 1173380033
a range +41988 +45935 6 4 0.13
a contact +42163 +45093 1 3 1073555392
a range +42163 +45093 1 3 0.12
a contact +42302 +46282 4 5 803058489
a range +42302 +46282 4 5 0.13
a contact +42352 +46378 5 6 979537161
a range +42352 +46378 5 6 0.13
a contact +43092 +47041 5 4 819348949
a range +43092 +47041 5 4 0.13
a contact +43321 +47050 4 5 876185410
a range +43321 +47050 4 5 0.13
a contact +43339 +46701 2 3 998973271
a range +43339 +46701 2 3 0.12
a contact +43392 +46557 5 6 990529800
a range +43392 +46557 5 6 0.13
a contact +43527 +47224 4 5 836179181
a range +43527 +47224 4 5 0.13
a contact +43639 +47455 4 5 1102767353
a range +43639 +47455 4 5 0.13
a contact +44110 +47950 2 3 1199203107
a range +44110 +47950 2 3 0.12
a contact +44167 +47921 3 4 1174025733
a range +44167 +47921 3 4 807.0
a contact +44380 +48279 2 3 1130488258
a range +44380 +48279 2 3 0.12
a contact +44411 +47321 2 4 1027587974
a range +44411 +47321 2 4 832.66
a contact +44492 +47646 4 2 1058860802
a range +44492 +47646 4 2 834.02
a contact +44577 +48691 3 2 1174158858
a range +44577 +48691 3 2 0.12
a contact +44621 +48627 3 2 961671419
a range +44621 +48627 3 2 0.12
a contact +44668 +48884 3 2 1089052449
a range +44668 +48884 3 2 0.12
a contact +44675 +47696 2 3 918099897
a range +44675 +47696 2 3 0.12
a contact +44694 +47874 1 2 1107957984
a range +44694 +47874 1 2 0.12
a contact +45142 +48184 4 6 1107887336
a range +45142 +48184 4 6 0.13
a contact +45150 +49112 2 4 880997830
a range +45150 +49112 2 4 851.55
a contact +45192 +48432 4 3 1057546207
a range +45192 +48432 4 3 818.47
a contact +45523 +48799 1 2 1000897858
a range +45523 +48799 1 2 0.12
a contact +46252 +49574 5 6 1127122736
a range +46252 +49574 5 6 0.13
a contact +46309 +50306 2 4 1148705518
a range +46309 +50306 2 4 880.07
a contact +46386 +50683 4 6 1066832248
a range +46386 +50683 4 6 0.13
a contact +46428 +49985 5 4 1052732028
a range +46428 +49985 5 4 0.13
a contact +46475 +49675 4 2 1154020795
a range +46475 +49675 4 2 855.25
a contact +46660 +50618 3 4 1085988976
a range +46660 +50618 3 4 829.15
a contact +46718 +50008 4 2 1158208818
a range +46718 +50008 4 2 872.93
a contact +46896 +50526 3 5 1174704835
a range +46896 +50526 3 5 850.45
a contact +47397 +50936 1 2 1169728668
a range +47397 +50936 1 2 0.12
a contact +47459 +50486 6 5 883151823
a range +47459 +50486 6 5 0.13
a contact +47494 +51429 4 3 995618380
a range +47494 +51429 4 3 820.83
a contact +47636 +50980 3 2 1183081591
a range +47636 +50980 3 2 0.12
a contact +47786 +51164 1 3 954938571
a range +47786 +51164 1 3 0.12
a contact +47951 +51391 5 4 947780503
a range +47951 +51391 5 4 0.13
a contact +47973 +51835 4 6 1177987261
a range +47973 +51835 4 6 0.13
a contact +48009 +52145 4 3 1184408132
a range +48009 +52145 4 3 824.19
a contact +48019 +51484 2 1 933609224
a range +48019 +51484 2 1 0.12
a contact +48065 +51031 3 5 846150448
a range +48065 +51031 3 5 805.21
a contact +48096 +51394 2 5 818674377
a range +48096 +51394 2 5 800.87
a contact +48224 +52542 5 2 958736925
a range +48224 +52542 5 2 865.72
a contact +48347 +52308 5 4 1082905183
a range +48347 +52308 5 4 0.13
a contact +48749 +52564 5 6 847024374
a range +48749 +52564 5 6 0.13
a contact +48801 +52082 2 1 1133171234
a range +48801 +52082 2 1 0.12
a contact +49050 +52646 6 4 981854170
a range +49050 +52646 6 4 0.13
a contact +49112 +52942 2 4 1021422152
a range +49112 +52942 2 4 800.99
a contact +49329 +53475 5 6 1075981136
a range +49329 +53475 5 6 0.13
a contact +49344 +53424 3 4 865597707
a range +49344 +53424 3 4 860.58
a contact +49432 +53449 2 5 1148843796
a range +49432 +53449 2 5 855.1
a contact +49881 +53112 6 5 1060676916
a range +49881 +53112 6 5 0.13
a contact +49948 +53327 3 1 878568885
a range +49948 +53327 3 1 0.12
a contact +50450 +54322 5 2 904194015
a range +50450 +54322 5 2 819.15
a contact +50507 +54228 3 4 926507631
a range +50507 +54228 3 4 818.69
a contact +50539 +54227 2 3 900540900
a range +50539 +54227 2 3 0.12
a contact +50581 +54388 6 4 986793623
a range +50581 +54388 6 4 0.13
a contact +50865 +54039 3 1 1159743878
a range +50865 +54039 3 1 0.12
a contact +51133 +54303 2 5 1022471342
a range +51133 +54303 2 5 821.09
a contact +51395 +55714 6 5 1052960157
a range +51395 +55714 6 5 0.13
a contact +51904 +55162 2 3 845630813
a range +51904 +55162 2 3 0.12
a contact +52000 +56057 4 3 890094128
a range +52000 +56057 4 3 857.06
a contact +52059 +54968 6 5 976950868
a range +52059 +54968 6 5 0.13
a contact +52315 +55594 4 5 1102146980
a range +52315 +55594 4 5 0.13
a contact +52674 +55697 3 5 1082318773
a range +52674 +55697 3 5 855.08
a contact +52681 +56705 5 3 1039967009
a range +52681 +56705 5 3 865.27
a contact +52787 +56939 4 6 1151680160
a range +52787 +56939 4 6 0.13
a contact +53310 +56363 3 2 955018866
a range +53310 +56363 3 2 0.12
a contact +53967 +56910 2 5 1140395821
a range +53967 +56910 2 5 800.39
a contact +54005 +58185 2 3 994637609
a range +54005 +58185 2 3 0.12
a contact +54064 +57723 5 2 894272915
a range +54064 +57723 5 2 824.99
a contact +54141 +58325 5 3 811538318
a range +54141 +58325 5 3 874.38
a contact +54342 +58540 6 4 1084650050
a range +54342 +58540 6 4 0.13
a contact +54377 +57497 2 5 894290014
a range +54377 +57497 2 5 846.94
a contact +54502 +57852 2 1 894772189
a range +54502 +57852 2 1 0.12
a contact +54843 +57851 6 4 1127216142
a range +54843 +57851 6 4 0.13
a contact +55189 +58421 5 2 1061505886
a range +55189 +58421 5 2 800.54
a contact +55254 +58728 4 5 1076990824
a range +55254 +58728 4 5 0.13
a contact +55500 +58875 2 5 810002213
a range +55500 +58875 2 5 822.82
a contact +55562 +59408 3 1 1186403104
a range +55562 +59408 3 1 0.12
a contact +55763 +60009 5 2 857744077
a range +55763 +60009 5 2 828.78
a contact +55927 +59393 5 6 1075949635
a range +55927 +59393 5 6 0.13
a contact +56028 +59382 4 2 953250656
a range +56028 +59382 4 2 832.73
a contact +56515 +59942 4 5 1098554550
a range +56515 +59942 4 5 0.13
a contact +56569 +60350 2 3 986630299
a range +56569 +60350 2 3 0.12
a contact +56607 +59599 4 2 1163436276
a range +56607 +59599 4 2 825.16
a contact +56763 +59647 4 3 1100981932
a range +56763 +59647 4 3 843.61
a contact +56991 +60053 3 2 1088248334
a range +56991 +60053 3 2 0.12
a contact +57086 +61076 1 2 1016836508
a range +57086 +61076 1 2 0.12
a contact +57362 +60984 1 3 1177358262
a range +57362 +60984 1 3 0.12
a contact +58116 +61971 3 4 901396032
a range +58116 +61971 3 4 834.68
a contact +58202 +62063 2 4 849631230
a range +58202 +62063 2 4 799.37
a contact +58560 +61498 3 5 1199688234
a range +58560 +61498 3 5 838.88
a contact +58662 +61625 3 2 1103651113
a range +58662 +61625 3 2 0.12
a contact +59097 +62224 1 3 1005595799
a range +59097 +62224 1 3 0.12
a contact +59445 +62790 3 1 1078404205
a range +59445 +62790 3 1 0.12
a contact +59672 +62752 3 1 1047547705
a range +59672 +62752 3 1 0.12
a contact +59679 +63794 2 3 972577092
a range +59679 +63794 2 3 0.12
a contact +59755 +62795 3 4 990602681
a range +59755 +62795 3 4 855.5
a contact +59814 +63410 1 2 870466095
a range +59814 +63410 1 2 0.12
a contact +59991 +63127 2 1 954104713
a range +59991 +63127 2 1 0.12
a contact +60035 +63154 3 2 911996611
a range +60035 +63154 3 2 0.12
a contact +60512 +64810 5 3 1062079258
a range +60512 +64810 5 3 872.77
a contact +60537 +63463 3 1 1178220679
a range +60537 +63463 3 1 0.12
a contact +60544 +64223 2 3 901342935
a range +60544 +64223 2 3 0.12
a contact +60745 +63739 3 5 1164786847
a range +60745 +63739 3 5 833.82
a contact +60954 +64795 3 4 1134879989
a range +60954 +64795 3 4 870.43
a contact +61541 +64574 6 4 1102268076
a range +61541 +64574 6 4 0.13
a contact +61696 +66006 1 2 1055803533
a range +61696 +66006 1 2 0.12
a contact +62078 +66211 4 2 848004288
a range +62078 +66211 4 2 856.36
a contact +62131 +65726 5 6 845737383
a range +62131 +65726 5 6 0.13
a contact +62144 +66137 4 3 867979756
a range +62144 +66137 4 3 855.55
a contact +62261 +65498 4 6 1048935676
a range +62261 +65498 4 6 0.13
a contact +62276 +65752 3 1 943052852
a range +62276 +65752 3 1 0.12
a contact +62373 +65901 4 5 919488359
a range +62373 +65901 4 5 0.13
a contact +62461 +65699 6 5 934091117
a range +62461 +65699 6 5 0.13
a contact +63273 +66389 3 5 1089938200
a range +63273 +66389 3 5 875.02
a contact +63326 +67576 3 4 901119836
a range +63326 +67576 3 4 817.87
a contact +63473 +66480 1 2 1058591113
a range +63473 +66480 1 2 0.12
a contact +63561 +66693 5 4 1163727582
a range +63561 +66693 5 4 0.13
a contact +63587 +67039 4 3 942270154
a range +63587 +67039 4 3 853.9
a contact +63857 +68152 5 2 1157894932
a range +63857 +68152 5 2 808.96
a contact +64133 +67746 2 3 1020665141
a range +64133 +67746 2 3 0.12
a contact +64294 +68530 3 5 1175836847
a range +64294 +68530 3 5 819.37
a contact +64353 +67599 2 1 899499886
a range +64353 +67599 2 1 0.12
a contact +65065 +68283 1 3 829145093
a range +65065 +68283 1 3 0.12
a contact +65067 +67978 5 2 800064369
a range +65067 +67978 5 2 812.19
a contact +65305 +68283 6 5 834907074
a range +65305 +68283 6 5 0.13
a contact +65415 +69305 3 1 800222299
a range +65415 +69305 3 1 0.12
a contact +66033 +69772 2 5 970247944
a range +66033 +69772 2 5 827.64
a contact +66117 +69766 1 3 1100958839
a range +66117 +69766 1 3 0.12
a contact +66416 +69632 5 2 1031905954
a range +66416 +69632 5 2 863.44
a contact +66560 +69516 4 6 855736725
a range +66560 +69516 4 6 0.13
a contact +66629 +70317 1 2 1139608829
a range +66629 +70317 1 2 0.12
a contact +66897 +70733 3 4 949653136
a range +66897 +70733 3 4 880.58
a contact +66918 +70172 3 4 982341156
a range +66918 +70172 3 4 880.29
a contact +66920 +70145 1 3 968396287
a range +66920 +70145 1 3 0.12
a contact +67089 +71086 3 5 838356416
a range +67089 +71086 3 5 851.42
a contact +67439 +71599 3 4 862489155
a range +67439 +71599 3 4 873.04
a contact +67919 +71494 2 3 958643591
a range +67919 +71494 2 3 0.12
a contact +68063 +71526 4 3 1064072513
a range +68063 +71526 4 3 880.79
a contact +68194 +71788 3 1 1043643073
a range +68194 +71788 3 1 0.12
a contact +68247 +71169 3 5 866253747
a range +68247 +71169 3 5 869.56
a contact +68263 +71168 4 3 1131263861
a range +68263 +71168 4 3 861.65
a contact +68445 +71467 2 5 828545968
a range +68445 +71467 2 5 802.17
a contact +68681 +72387 3 2 819712898
a range +68681 +72387 3 2 0.12
a contact +69516 +73213 5 4 1072410335
a range +69516 +73213 5 4 0.13
a contact +69815 +73457 1 3 1184431409
a range +69815 +73457 1 3 0.12
a contact +69960 +74067 5 6 922986563
a range +69960 +74067 5 6 0.13
a contact +70276 +73204 3 5 894639086
a range +70276 +73204 3 5 844.2
a contact +70452 +73478 4 3 911738898
a range +70452 +73478 4 3 846.63
a contact +70488 +74081 5 2 1122398248
a range +70488 +74081 5 2 875.5
a contact +70608 +74744 2 4 857604585
a range +70608 +74744 2 4 839.86
a contact +70893 +74272 2 5 827057002
a range +70893 +74272 2 5 855.93
a contact +71187 +75065 5 4 828355905
a range +71187 +75065 5 4 0.13
a contact +71353 +74258 6 4 1072689428
a range +71353 +74258 6 4 0.13
a contact +71752 +75805 1 2 971661312
a range +71752 +75805 1 2 0.12
a contact +72026 +75474 2 4 950593480
a range +72026 +75474 2 4 803.6
a contact +72039 +75647 5 3 1070862762
a range +72039 +75647 5 3 851.1
a contact +72099 +75450 4 5 1195751543
a range +72099 +75450 4 5 0.13
a contact +72273 +75430 2 1 875973996
a range +72273 +75430 2 1 0.12
a contact +72390 +75675 6 5 904859024
a range +72390 +75675 6 5 0.13
a contact +72467 +76654 4 2 997784536
a range +72467 +76654 4 2 876.35
a contact +72487 +75572 5 6 1003208447
a range +72487 +75572 5 6 0.13
a contact +72558 +76784 3 5 1067934221
a range +72558 +76784 3 5 827.24
a contact +72642 +75963 5 2 1072742918
a range +72642 +75963 5 2 875.9
a contact +72710 +76725 6 4 909231246
a range +72710 +76725 6 4 0.13
a contact +72739 +76825 5 2 880598186
a range +72739 +76825 5 2 854.48
a contact +73058 +76624 1 2 1049707778
a range +73058 +76624 1 2 0.12
a contact +73192 +76918 4 5 920089303
a range +73192 +76918 4 5 0.13
a contact +73479 +76437 2 4 1066491180
a range +73479 +76437 2 4 823.53
a contact +73622 +77026 4 6 981683416
a range +73622 +77026 4 6 0.13
a contact +74320 +77984 4 5 1138362807
a range +74320 +77984 4 5 0.13
a contact +74401 +78045 1 3 1191391529
a range +74401 +78045 1 3 0.12
a contact +74424 +78685 2 4 963971948
a range +74424 +78685 2 4 842.35
a contact +75030 +78169 2 1 944404204
a range +75030 +78169 2 1 0.12
a contact +75063 +78372 4 2 1158834098
a range +75063 +78372 4 2 808.29
a contact +75178 +79146 2 1 1076797633
a range +75178 +79146 2 1 0.12
a contact +75211 +79414 3 5 1058477844
a range +75211 +79414 3 5 806.68
a contact +75346 +79234 2 5 825576627
a range +75346 +79234 2 5 859.79
a contact +75702 +78852 2 4 905431345
a range +75702 +78852 2 4 822.81
a contact +75861 +80103 4 3 1121388486
a range +75861 +80103 4 3 879.08
a contact +75959 +79782 4 5 942988486
a range +75959 +79782 4 5 0.13
a contact +76336 +79443 2 5 823736125
a range +76336 +79443 2 5 848.95
a contact +76405 +79694 5 3 1060455471
a range +76405 +79694 5 3 864.15
a contact +77000 +80866 4 6 1053379808
a range +77000 +80866 4 6 0.13
a contact +77001 +80600 4 5 1063629761
a range +77001 +80600 4 5 0.13
a contact +77032 +79945 4 2 1094337279
a range +77032 +79945 4 2 873.55
a contact +77091 +80889 5 3 1124454059
a range +77091 +80889 5 3 800.0
a contact +77289 +80880 3 5 1124222949
a range +77289 +80880 3 5 867.39
a contact +77464 +80567 1 2 987096680
a range +77464 +80567 1 2 0.12
a contact +77532 +81101 3 1 867662927
a range +77532 +81101 3 1 0.12
a contact +77785 +80833 1 3 803723296
a range +77785 +80833 1 3 0.12
a contact +78257 +82472 3 1 960204084
a range +78257 +82472 3 1 0.12
a contact +78331 +82416 5 3 1089078575
a range +78331 +82416 5 3 833.32
a contact +78369 +81729 4 5 1062417777
a range +78369 +81729 4 5 0.13
a contact +78636 +81811 3 2 1098886604
a range +78636 +81811 3 2 0.12
a contact +78679 +82309 5 3 1166943157
a range +78679 +82309 5 3 805.27
a contact +78922 +82210 4 6 937024275
a range +78922 +82210 4 6 0.13
a contact +78929 +82317 6 5 1088884413
a range +78929 +82317 6 5 0.13
a contact +78964 +81909 1 2 964811459
a range +78964 +81909 1 2 0.12
a contact +79205 +82656 4 6 1151201189
a range +79205 +82656 4 6 0.13
a contact +79519 +83435 4 2 952234023
a range +79519 +83435 4 2 835.84
a contact +80101 +83273 3 5 1100349491
a range +80101 +83273 3 5 842.23
a contact +80438 +83936 1 2 1184691741
a range +80438 +83936 1 2 0.12
a contact +80523 +83448 3 2 904591162
a range +80523 +83448 3 2 0.12
a contact +80688 +84822 3 1 1175760508
a range +80688 +84822 3 1 0.12
a contact +80902 +84401 3 1 1188581617
a range +80902 +84401 3 1 0.12
a contact +81096 +85185 4 3 1011924651
a range +81096 +85185 4 3 815.53
a contact +81111 +84121 2 4 1006814610
a range +81111 +84121 2 4 842.34
a contact +81451 +84346 3 1 969095909
a range +81451 +84346 3 1 0.12
a contact +81476 +85266 5 2 1075875789
a range +81476 +85266 5 2 824.85
a contact +81653 +85914 2 3 1195216393
a range +81653 +85914 2 3 0.12
a contact +81832 +85467 4 5 998092551
a range +81832 +85467 4 5 0.13
a contact +81895 +85815 3 2 841444949
a range +81895 +85815 3 2 0.12
a contact +82152 +85784 4 5 886963905
a range +82152 +85784 4 5 0.13
a contact +82216 +85345 4 5 814577807
a range +82216 +85345 4 5 0.13
a contact +82230 +85133 6 5 1012457771
a range +82230 +85133 6 5 0.13
a contact +82265 +85406 3 1 961522930
a range +82265 +85406 3 1 0.12
a contact +82273 +85691 4 2 887908775
a range +82273 +85691 4 2 805.65
a contact +82333 +86370 4 2 815423585
a range +82333 +86370 4 2 824.35
a contact +82354 +85461 3 2 913895174
a range +82354 +85461 3 2 0.12
a contact +82414 +86400 2 1 1182414786
a range +82414 +86400 2 1 0.12
a contact +82433 +85492 4 6 978032575
a range +82433 +85492 4 6 0.13
a contact +82660 +86400 3 4 1029282613
a range +82660 +86400 3 4 799.37
a contact +82708 +86400 5 6 927199010
a range +82708 +86400 5 6 0.13
a contact +82750 +86400 5 4 1112302184
a range +82750 +86400 5 4 0.13
a contact +82878 +86400 4 3 941443573
a range +82878 +86400 4 3 798.9
a contact +83038 +86400 1 2 1135082923
a range +83038 +86400 1 2 0.12
a contact +83281 +86400 5 4 1192727597
a range +83281 +86400 5 4 0.13
a contact +83469 +86400 4 3 974445795
a range +83469 +86400 4 3 822.35
a contact +83546 +86400 5 6 830768427
a range +83546 +86400 5 6 0.13
a contact +83623 +86400 4 6 976170428
a range +83623 +86400 4 6 0.13
a contact +83645 +86400 1 2 1121237424
a range +83645 +86400 1 2 0.12
a contact +83670 +86400 3 2 843898899
a range +83670 +86400 3 2 0.12
a contact +83729 +86400 3 4 1027164754
a range +83729 +86400 3 4 809.03
a contact +84068 +86400 6 5 1034743830
a range +84068 +86400 6 5 0.13
a contact +84214 +86400 4 5 821380374
a range +84214 +86400 4 5 0.13
a contact +84560 +86400 4 6 896278864
a range +84560 +86400 4 6 0.13
a contact +84663 +86400 6 4 1151139288
a range +84663 +86400 6 4 0.13
a contact +84753 +86400 3 4 991494161
a range +84753 +86400 3 4 833.83
a contact +84818 +86400 4 3 949082895
a range +84818 +86400 4 3 825.62
a contact +84861 +86400 4 3 1116559379
a range +84861 +86400 4 3 869.51
a contact +84924 +86400 5 4 1123084499
a range +84924 +86400 5 4 0.13
a contact +84982 +86400 2 5 1020500059
a range +84982 +86400 2 5 853.88
a contact +85178 +86400 4 3 1077253375
a range +85178 +86400 4 3 846.78
a contact +85555 +86400 1 2 1024463652
a range +85555 +86400 1 2 0.12
a contact +85615 +86400 1 2 819096773
a range +85615 +86400 1 2 0.12
a contact +86128 +86400 3 4 1090539621
a range +86128 +86400 3 4 808.33
