m horizon +0
a contact +0 +67 3 5 872059841
a range +0 +67 3 5 1.23
a contact +1 +54 4 6 923311875
a range +1 +54 4 6 0.18
a contact +2 +61 2 1 920997339
a range +2 +61 2 1 0.12
a contact +2 +52 2 4 1002828801
a range +2 +52 2 4 1.41
a contact +2 +54 3 4 1002996713
a range +2 +54 3 4 1.26
a contact +2 +3.29 5 6 842504926
a range +2 +3.29 5 6 0.06
a contact +3 +63 2 3 907725105
a range +3 +63 2 3 0.37
a contact +4 +72 1 3 816074044
a range +4 +72 1 3 0.12
a contact +4 +55 5 4 1123085931
a range +4 +55 5 4 0.12
a contact +4 +5.29 6 5 808584068
a range +4 +5.29 6 5 0.17
a contact +5 +75 4 5 908305980
a range +5 +75 4 5 0.13
a contact +6 +57 3 1 1045231264
a range +6 +57 3 1 0.12
a contact +6 +7.29 4 3 1021645405
a range +6 +7.29 4 3 1.29
a contact +6 +74 5 3 1116955456
a range +6 +74 5 3 1.27
a contact +6 +68 6 4 1084273727
a range +6 +68 6 4 0.04
a contact +7 +75 1 2 1049833067
a range +7 +75 1 2 0.12
a contact +7 +68 4 2 1173113080
a range +7 +68 4 2 1.17
a contact +8 +69 3 2 972778070
a range +8 +69 3 2 0.37
a contact +8 +59 5 2 886611167
a range +8 +59 5 2 1.23
a contact +9 +62 2 5 1125596311
a range +9 +62 2 5 1.31
a contact +53 +110 2 4 1011359768
a range +53 +110 2 4 1.2
a contact +55 +118 4 6 888697430
a range +55 +118 4 6 0.04
a contact +58 +126 3 1 991153887
a range +58 +126 3 1 0.12
a contact +59 +129 5 4 836009490
a range +59 +129 5 4 0.07
a contact +63 +124 3 4 1003715998
a range +63 +124 3 4 1.43
a contact +64 +117 2 3 1039884309
a range +64 +117 2 3 0.37
a contact +65 +128 5 2 806446590
a range +65 +128 5 2 1.34
a contact +67 +135 2 1 957757042
a range +67 +135 2 1 0.12
a contact +68 +139 4 2 954005815
a range +68 +139 4 2 1.44
a contact +68 +69.29 6 5 1076691781
a range +68 +69.29 6 5 0.04
a contact +71 +127 2 5 976075561
a range +71 +127 2 5 1.46
a contact +71 +136 5 6 904264639
a range +71 +136 5 6 0.18
a contact +72 +143 3 5 898351440
a range +72 +143 3 5 1.18
a contact +73 +133 1 3 1128935449
a range +73 +133 1 3 0.12
a contact +75 +145 4 3 1053373428
a range +75 +145 4 3 1.45
a contact +76 +145 3 2 930147068
a range +76 +145 3 2 0.37
a contact +76 +126 5 3 1147772704
a range +76 +126 5 3 1.11
a contact +78 +144 6 4 979238175
a range +78 +144 6 4 0.14
a contact +82 +133 1 2 1177080969
a range +82 +133 1 2 0.12
a contact +82 +83.29 4 5 1019810147
a range +82 +83.29 4 5 0.2
a contact +117 +169 2 4 1179221628
a range +117 +169 2 4 1.3
a contact +120 +187 4 6 1088869066
a range +120 +187 4 6 0.19
a contact +120 +171 6 5 1112539973
a range +120 +171 6 5 0.09
a contact +122 +180 2 3 827861292
a range +122 +180 2 3 0.37
a contact +130 +193 3 4 1002387004
a range +130 +193 3 4 1.42
a contact +132 +200 3 1 1128474168
a range +132 +200 3 1 0.12
a contact +132 +182 2 5 1041890731
a range +132 +182 2 5 1.46
a contact +133 +195 1 2 962938128
a range +133 +195 1 2 0.12
a contact +133 +185 5 3 1018064905
a range +133 +185 5 3 1.16
a contact +136 +207 5 4 1176367334
a range +136 +207 5 4 0.14
a contact +137 +188 5 2 824486304
a range +137 +188 5 2 1.2
a contact +137 +194 5 6 1147325747
a range +137 +194 5 6 0.18
a contact +141 +212 1 3 804732529
a range +141 +212 1 3 0.12
a contact +142 +209 2 1 1178590409
a range +142 +209 2 1 0.12
a contact +147 +148.29 4 2 1078444534
a range +147 +148.29 4 2 1.22
a contact +150 +151.29 4 3 867539797
a range +150 +151.29 4 3 1.34
a contact +150 +201 3 5 1126423049
a range +150 +201 3 5 1.34
a contact +151 +213 3 2 1045163206
a range +151 +213 3 2 0.37
a contact +153 +219 4 5 817883453
a range +153 +219 4 5 0.16
a contact +153 +209 6 4 805863476
a range +153 +209 6 4 0.09
a contact +169 +222 2 4 1169519888
a range +169 +222 2 4 1.44
a contact +180 +245 6 5 801492601
a range +180 +245 6 5 0.04
a contact +186 +236 5 3 999359606
a range +186 +236 5 3 1.4
a contact +187 +235 2 3 823804617
a range +187 +235 2 3 0.37
a contact +187 +247 4 6 1066558834
a range +187 +247 4 6 0.19
a contact +188 +245 2 5 818540823
a range +188 +245 2 5 1.23
a contact +191 +239 5 2 1015643398
a range +191 +239 5 2 1.23
a contact +197 +253 1 2 882554796
a range +197 +253 1 2 0.12
a contact +200 +260 5 6 988313383
a range +200 +260 5 6 0.06
a contact +201 +270 3 4 814743606
a range +201 +270 3 4 1.35
a contact +204 +275 3 1 1101000641
a range +204 +275 3 1 0.12
a contact +208 +258 3 5 909749365
a range +208 +258 3 5 1.36
a contact +210 +211.29 5 4 849560630
a range +210 +211.29 5 4 0.15
a contact +210 +277 6 4 871034388
a range +210 +277 6 4 0.04
a contact +212 +278 2 1 892278850
a range +212 +278 2 1 0.12
a contact +213 +283 4 2 887476282
a range +213 +283 4 2 1.41
a contact +214 +274 3 2 848602786
a range +214 +274 3 2 0.37
a contact +216 +264 1 3 1072905829
a range +216 +264 1 3 0.12
a contact +222 +276 4 3 1059837285
a range +222 +276 4 3 1.42
a contact +222 +290 4 5 1169747110
a range +222 +290 4 5 0.2
a contact +226 +280 2 4 1101962627
a range +226 +280 2 4 1.29
a contact +241 +296 2 3 1037971146
a range +241 +296 2 3 0.37
a contact +242 +243.29 5 3 802232207
a range +242 +243.29 5 3 1.15
a contact +243 +244.29 5 2 801097147
a range +243 +244.29 5 2 1.39
a contact +248 +314 2 5 1059050552
a range +248 +314 2 5 1.45
a contact +253 +320 4 6 866628423
a range +253 +320 4 6 0.01
a contact +253 +313 6 5 951256432
a range +253 +313 6 5 0.18
a contact +259 +317 3 5 850824722
a range +259 +317 3 5 1.44
a contact +263 +331 1 2 997978903
a range +263 +331 1 2 0.12
a contact +263 +264.29 5 6 900058622
a range +263 +264.29 5 6 0.06
a contact +273 +329 1 3 1139853729
a range +273 +329 1 3 0.12
a contact +274 +334 3 4 891001005
a range +274 +334 3 4 1.21
a contact +275 +341 3 2 1114416074
a range +275 +341 3 2 0.37
a contact +277 +346 4 3 1105788115
a range +277 +346 4 3 1.12
a contact +279 +333 3 1 1043036337
a range +279 +333 3 1 0.12
a contact +282 +354 5 4 1063792612
a range +282 +354 5 4 0.18
a contact +284 +338 2 1 953926638
a range +284 +338 2 1 0.12
a contact +284 +334 2 4 965564071
a range +284 +334 2 4 1.45
a contact +285 +340 4 2 1008030601
a range +285 +340 4 2 1.3
a contact +285 +333 6 4 924465619
a range +285 +333 6 4 0.08
a contact +291 +351 4 5 1041344411
a range +291 +351 4 5 0.14
a contact +302 +370 5 3 1169141292
a range +302 +370 5 3 1.47
a contact +303 +353 5 2 1192504379
a range +303 +353 5 2 1.24
a contact +304 +373 2 3 1192587871
a range +304 +373 2 3 0.37
a contact +317 +387 2 5 996310770
a range +317 +387 2 5 1.27
a contact +317 +318.29 6 5 1049593814
a range +317 +318.29 6 5 0.09
a contact +320 +371 3 5 1196405929
a range +320 +371 3 5 1.18
a contact +324 +387 4 6 1093734124
a range +324 +387 4 6 0.24
a contact +332 +395 1 3 1041464781
a range +332 +395 1 3 0.12
a contact +334 +393 5 6 881661902
a range +334 +393 5 6 0.15
a contact +337 +389 3 1 847168040
a range +337 +389 3 1 0.12
a contact +337 +392 2 4 1084193799
a range +337 +392 2 4 1.2
a contact +338 +391 6 4 1037983680
a range +338 +391 6 4 0.19
a contact +339 +395 2 1 1007057537
a range +339 +395 2 1 0.12
a contact +340 +390 1 2 1086209398
a range +340 +390 1 2 0.12
a contact +343 +402 3 4 1059572921
a range +343 +402 3 4 1.35
a contact +348 +349.29 4 2 897337961
a range +348 +349.29 4 2 1.21
a contact +348 +349.29 4 3 1168203322
a range +348 +349.29 4 3 1.1
a contact +350 +405 3 2 914108084
a range +350 +405 3 2 0.37
a contact +358 +411 4 5 1176638168
a range +358 +411 4 5 0.13
a contact +359 +410 5 4 905491536
a range +359 +410 5 4 0.15
a contact +360 +425 5 2 822842531
a range +360 +425 5 2 1.2
a contact +370 +432 5 3 1087054318
a range +370 +432 5 3 1.13
a contact +372 +441 3 5 987303858
a range +372 +441 3 5 1.43
a contact +382 +441 2 3 1053689347
a range +382 +441 2 3 0.37
a contact +388 +441 4 6 1025764184
a range +388 +441 4 6 0.04
a contact +389 +390.29 6 5 967623560
a range +389 +390.29 6 5 0.05
a contact +391 +456 3 1 1188229262
a range +391 +456 3 1 0.12
a contact +393 +448 1 2 1183163501
a range +393 +448 1 2 0.12
a contact +394 +458 2 5 909108188
a range +394 +458 2 5 1.33
a contact +395 +464 2 4 1076415838
a range +395 +464 2 4 1.29
a contact +396 +452 5 6 865898881
a range +396 +452 5 6 0.07
a contact +397 +462 1 3 824050612
a range +397 +462 1 3 0.12
a contact +398 +461 6 4 1143829803
a range +398 +461 6 4 0.21
a contact +400 +449 2 1 1073158150
a range +400 +449 2 1 0.12
a contact +403 +454 3 4 1185611787
a range +403 +454 3 4 1.35
a contact +405 +455 3 2 831829069
a range +405 +455 3 2 0.37
a contact +411 +467 5 4 1196474414
a range +411 +467 5 4 0.14
a contact +413 +465 4 3 1183048761
a range +413 +465 4 3 1.18
a contact +413 +482 4 5 975089762
a range +413 +482 4 5 0.13
a contact +414 +484 4 2 981554783
a range +414 +484 4 2 1.33
a contact +427 +486 5 2 1000981391
a range +427 +486 5 2 1.39
a contact +440 +508 5 3 1182133683
a range +440 +508 5 3 1.11
a contact +440 +503 6 5 1019171947
a range +440 +503 6 5 0.23
a contact +444 +509 3 5 1148218532
a range +444 +509 3 5 1.3
a contact +449 +507 2 3 930010887
a range +449 +507 2 3 0.37
a contact +450 +515 4 6 1005720463
a range +450 +515 4 6 0.01
a contact +455 +509 3 2 869822726
a range +455 +509 3 2 0.37
a contact +456 +526 1 2 818871702
a range +456 +526 1 2 0.12
a contact +458 +514 2 1 1053898153
a range +458 +514 2 1 0.12
a contact +460 +510 3 1 1078776688
a range +460 +510 3 1 0.12
a contact +461 +511 3 4 1044687257
a range +461 +511 3 4 1.22
a contact +461 +514 5 6 883027406
a range +461 +514 5 6 0.06
a contact +466 +524 2 4 840539554
a range +466 +524 2 4 1.32
a contact +467 +531 2 5 1011150184
a range +467 +531 2 5 1.21
a contact +467 +534 6 4 1191633807
a range +467 +534 6 4 0.24
a contact +469 +530 1 3 879523727
a range +469 +530 1 3 0.12
a contact +470 +518 5 4 1065066868
a range +470 +518 5 4 0.09
a contact +473 +545 4 3 925512186
a range +473 +545 4 3 1.28
a contact +486 +487.29 4 5 858756097
a range +486 +487.29 4 5 0.12
a contact +487 +541 5 2 998334378
a range +487 +541 5 2 1.3
a contact +490 +553 4 2 874086995
a range +490 +553 4 2 1.22
a contact +510 +565 3 1 801797709
a range +510 +565 3 1 0.12
a contact +512 +568 3 2 851522985
a range +512 +568 3 2 0.37
a contact +512 +564 6 5 1131797793
a range +512 +564 6 5 0.19
a contact +513 +569 3 5 1072213143
a range +513 +569 3 5 1.27
a contact +514 +571 5 3 1015025544
a range +514 +571 5 3 1.27
a contact +516 +587 2 3 806314300
a range +516 +587 2 3 0.37
a contact +516 +587 4 6 909285233
a range +516 +587 4 6 0.05
a contact +517 +583 2 1 978603927
a range +517 +583 2 1 0.12
a contact +518 +519.29 5 4 963608386
a range +518 +519.29 5 4 0.19
a contact +520 +578 3 4 1124317353
a range +520 +578 3 4 1.15
a contact +522 +575 5 6 835281642
a range +522 +575 5 6 0.19
a contact +527 +590 1 2 1089236956
a range +527 +590 1 2 0.12
a contact +530 +594 2 4 815444790
a range +530 +594 2 4 1.19
a contact +531 +594 1 3 1179455837
a range +531 +594 1 3 0.12
a contact +532 +591 2 5 876109596
a range +532 +591 2 5 1.41
a contact +540 +606 4 5 1133457013
a range +540 +606 4 5 0.2
a contact +541 +605 6 4 1112355290
a range +541 +605 6 4 0.16
a contact +544 +594 5 2 1012146315
a range +544 +594 5 2 1.32
a contact +547 +601 4 3 1111094839
a range +547 +601 4 3 1.29
a contact +562 +631 4 2 862172986
a range +562 +631 4 2 1.48
a contact +569 +637 3 1 1036156405
a range +569 +637 3 1 0.12
a contact +570 +636 3 5 966311702
a range +570 +636 3 5 1.38
a contact +571 +641 6 5 986328476
a range +571 +641 6 5 0.02
a contact +572 +630 5 3 889850042
a range +572 +630 5 3 1.25
a contact +577 +635 3 2 807718473
a range +577 +635 3 2 0.37
a contact +584 +643 5 6 865654523
a range +584 +643 5 6 0.16
a contact +586 +643 2 1 917321527
a range +586 +643 2 1 0.12
a contact +586 +651 3 4 822646927
a range +586 +651 3 4 1.16
a contact +588 +648 5 4 834910407
a range +588 +648 5 4 0.12
a contact +589 +656 4 6 1147223245
a range +589 +656 4 6 0.14
a contact +593 +646 1 2 892449272
a range +593 +646 1 2 0.12
a contact +593 +646 2 5 959540252
a range +593 +646 2 5 1.41
a contact +595 +651 1 3 1184746996
a range +595 +651 1 3 0.12
a contact +597 +664 2 3 815377933
a range +597 +664 2 3 0.37
a contact +598 +599.29 5 2 967212500
a range +598 +599.29 5 2 1.33
a contact +601 +658 2 4 1003386557
a range +601 +658 2 4 1.31
a contact +606 +663 6 4 826465035
a range +606 +663 6 4 0.08
a contact +607 +608.29 4 3 816679959
a range +607 +608.29 4 3 1.41
a contact +614 +670 4 5 958204193
a range +614 +670 4 5 0.15
a contact +630 +691 5 3 967583366
a range +630 +691 5 3 1.16
a contact +639 +701 4 2 961484258
a range +639 +701 4 2 1.42
a contact +643 +695 3 2 1134444654
a range +643 +695 3 2 0.37
a contact +643 +697 3 5 1131664600
a range +643 +697 3 5 1.34
a contact +644 +696 3 1 897081480
a range +644 +696 3 1 0.12
a contact +645 +705 5 6 984474329
a range +645 +705 5 6 0.12
a contact +646 +716 1 2 987975252
a range +646 +716 1 2 0.12
a contact +650 +718 2 5 1189324903
a range +650 +718 2 5 1.45
a contact +650 +651.29 6 5 812085752
a range +650 +651.29 6 5 0.21
a contact +651 +704 2 1 1148896984
a range +651 +704 2 1 0.12
a contact +653 +707 5 4 1053333225
a range +653 +707 5 4 0.12
a contact +654 +725 3 4 841628351
a range +654 +725 3 4 1.33
a contact +658 +715 1 3 991239105
a range +658 +715 1 3 0.12
a contact +661 +726 4 6 1056443792
a range +661 +726 4 6 0.17
a contact +665 +733 2 4 981653505
a range +665 +733 2 4 1.21
a contact +665 +722 5 2 952872620
a range +665 +722 5 2 1.2
a contact +667 +727 6 4 1073055909
a range +667 +727 6 4 0.1
a contact +671 +741 2 3 1191124339
a range +671 +741 2 3 0.37
a contact +672 +721 4 5 1009917398
a range +672 +721 4 5 0.15
a contact +674 +726 4 3 980167323
a range +674 +726 4 3 1.32
a contact +692 +749 5 3 975392467
a range +692 +749 5 3 1.14
a contact +697 +757 3 1 1125272360
a range +697 +757 3 1 0.12
a contact +700 +758 3 2 910862556
a range +700 +758 3 2 0.37
a contact +705 +757 3 5 1004780334
a range +705 +757 3 5 1.25
a contact +706 +765 5 6 1151353046
a range +706 +765 5 6 0.19
a contact +707 +708.29 4 2 970196497
a range +707 +708.29 4 2 1.3
a contact +708 +774 2 1 924954698
a range +708 +774 2 1 0.12
a contact +715 +787 5 4 958884011
a range +715 +787 5 4 0.1
a contact +716 +717.29 6 5 1083057214
a range +716 +717.29 6 5 0.06
a contact +717 +783 1 2 1096992462
a range +717 +783 1 2 0.12
a contact +718 +769 2 5 1159765779
a range +718 +769 2 5 1.4
a contact +719 +790 1 3 1037175357
a range +719 +790 1 3 0.12
a contact +723 +773 4 5 1137505908
a range +723 +773 4 5 0.11
a contact +729 +794 4 6 1175654957
a range +729 +794 4 6 0.01
a contact +730 +787 3 4 1062885348
a range +730 +787 3 4 1.26
a contact +730 +802 4 3 983464889
a range +730 +802 4 3 1.2
a contact +731 +781 6 4 806739214
a range +731 +781 6 4 0.06
a contact +732 +798 5 2 858221444
a range +732 +798 5 2 1.35
a contact +733 +792 2 4 956160234
a range +733 +792 2 4 1.11
a contact +744 +810 2 3 849123484
a range +744 +810 2 3 0.37
a contact +754 +814 5 3 1122636551
a range +754 +814 5 3 1.26
a contact +762 +829 4 2 842655884
a range +762 +829 4 2 1.28
a contact +766 +827 3 1 892143571
a range +766 +827 3 1 0.12
a contact +767 +829 3 5 1104035519
a range +767 +829 3 5 1.46
a contact +768 +820 3 2 1151525478
a range +768 +820 3 2 0.37
a contact +768 +828 5 6 1175525142
a range +768 +828 5 6 0.08
a contact +773 +825 6 5 1199318470
a range +773 +825 6 5 0.1
a contact +775 +844 2 5 944984355
a range +775 +844 2 5 1.24
a contact +777 +839 2 1 1184882903
a range +777 +839 2 1 0.12
a contact +780 +833 4 5 1086361960
a range +780 +833 4 5 0.15
a contact +781 +838 6 4 1186270925
a range +781 +838 6 4 0.24
a contact +784 +854 1 2 900088843
a range +784 +854 1 2 0.12
a contact +788 +844 3 4 1057569141
a range +788 +844 3 4 1.39
a contact +793 +842 2 4 1193831288
a range +793 +842 2 4 1.47
a contact +795 +796.29 5 4 1036199609
a range +795 +796.29 5 4 0.11
a contact +796 +865 1 3 951494427
a range +796 +865 1 3 0.12
a contact +796 +850 4 6 1090775810
a range +796 +850 4 6 0.23
a contact +801 +869 5 2 982414922
a range +801 +869 5 2 1.11
a contact +807 +855 4 3 981042095
a range +807 +855 4 3 1.23
a contact +815 +867 5 3 855287436
a range +815 +867 5 3 1.17
a contact +819 +888 2 3 1095937679
a range +819 +888 2 3 0.37
a contact +824 +893 3 2 958135486
a range +824 +893 3 2 0.37
a contact +828 +896 3 1 1103616853
a range +828 +896 3 1 0.12
a contact +829 +898 6 5 1166048345
a range +829 +898 6 5 0.07
a contact +833 +834.29 5 6 867661684
a range +833 +834.29 5 6 0.17
a contact +834 +893 4 2 900279516
a range +834 +893 4 2 1.11
a contact +834 +882 3 5 1163546770
a range +834 +882 3 5 1.39
a contact +838 +903 4 5 986688669
a range +838 +903 4 5 0.12
a contact +842 +890 2 1 997646127
a range +842 +890 2 1 0.12
a contact +845 +914 2 5 860778811
a range +845 +914 2 5 1.47
a contact +846 +847.29 6 4 1116356082
a range +846 +847.29 6 4 0.17
a contact +847 +906 2 4 1104480789
a range +847 +906 2 4 1.17
a contact +851 +904 3 4 906778982
a range +851 +904 3 4 1.24
a contact +855 +912 4 3 821696588
a range +855 +912 4 3 1.16
a contact +858 +924 4 6 1097575359
a range +858 +924 4 6 0.05
a contact +862 +914 1 2 1171444598
a range +862 +914 1 2 0.12
a contact +867 +917 5 4 1058885546
a range +867 +917 5 4 0.12
a contact +869 +938 1 3 1103024312
a range +869 +938 1 3 0.12
a contact +871 +937 5 2 863936809
a range +871 +937 5 2 1.36
a contact +874 +943 5 3 945378359
a range +874 +943 5 3 1.11
a contact +883 +954 3 5 1092697466
a range +883 +954 3 5 1.24
a contact +893 +957 4 2 1168095006
a range +893 +957 4 2 1.26
a contact +895 +966 2 1 1035210701
a range +895 +966 2 1 0.12
a contact +895 +955 3 2 1043417982
a range +895 +955 3 2 0.37
a contact +898 +963 3 1 1094552140
a range +898 +963 3 1 0.12
a contact +898 +955 2 3 973341965
a range +898 +955 2 3 0.37
a contact +898 +899.29 6 5 813309435
a range +898 +899.29 6 5 0.07
a contact +904 +905.29 4 5 858003204
a range +904 +905.29 4 5 0.07
a contact +904 +905.29 5 6 1193460189
a range +904 +905.29 5 6 0.19
a contact +910 +970 2 4 932962176
a range +910 +970 2 4 1.1
a contact +910 +969 3 4 818888007
a range +910 +969 3 4 1.12
a contact +917 +965 6 4 816079324
a range +917 +965 6 4 0.16
a contact +921 +987 4 3 1002907630
a range +921 +987 4 3 1.19
a contact +922 +986 1 2 881717442
a range +922 +986 1 2 0.12
a contact +922 +991 2 5 1074481449
a range +922 +991 2 5 1.39
a contact +923 +984 5 4 862414579
a range +923 +984 5 4 0.11
a contact +930 +983 4 6 982543865
a range +930 +983 4 6 0.19
a contact +941 +1007 5 2 850673471
a range +941 +1007 5 2 1.35
a contact +946 +1017 1 3 870014308
a range +946 +1017 1 3 0.12
a contact +951 +1000 5 3 1013290858
a range +951 +1000 5 3 1.12
a contact +954 +1017 6 5 1118459089
a range +954 +1017 6 5 0.18
a contact +958 +1021 4 2 1115733065
a range +958 +1021 4 2 1.23
a contact +959 +1008 3 5 1008234923
a range +959 +1008 3 5 1.23
a contact +961 +1032 4 5 852620725
a range +961 +1032 4 5 0.15
a contact +962 +1015 3 2 1081422061
a range +962 +1015 3 2 0.37
a contact +965 +1023 2 3 1184247159
a range +965 +1023 2 3 0.37
a contact +968 +1032 3 1 1081905669
a range +968 +1032 3 1 0.12
a contact +969 +1027 6 4 1077885386
a range +969 +1027 6 4 0.07
a contact +971 +1024 2 1 1172485612
a range +971 +1024 2 1 0.12
a contact +971 +1025 2 4 1026288939
a range +971 +1025 2 4 1.41
a contact +972 +1034 3 4 1006394162
a range +972 +1034 3 4 1.23
a contact +972 +973.29 5 6 1101281019
a range +972 +973.29 5 6 0.13
a contact +987 +1057 1 2 824668693
a range +987 +1057 1 2 0.12
a contact +988 +989.29 5 4 1119017241
a range +988 +989.29 5 4 0.1
a contact +990 +991.29 4 3 1010706627
a range +990 +991.29 4 3 1.2
a contact +992 +1045 2 5 1117092909
a range +992 +1045 2 5 1.32
a contact +992 +1041 4 6 820970633
a range +992 +1041 4 6 0.17
a contact +1003 +1069 5 3 944148472
a range +1003 +1069 5 3 1.4
a contact +1014 +1062 3 5 1025998505
a range +1014 +1062 3 5 1.21
a contact +1015 +1016.29 5 2 1176187653
a range +1015 +1016.29 5 2 1.42
a contact +1021 +1022.29 4 2 921147371
a range +1021 +1022.29 4 2 1.3
a contact +1022 +1089 1 3 968202628
a range +1022 +1089 1 3 0.12
a contact +1024 +1076 2 1 830743205
a range +1024 +1076 2 1 0.12
a contact +1025 +1090 3 2 1042759868
a range +1025 +1090 3 2 0.37
a contact +1026 +1093 2 3 875363643
a range +1026 +1093 2 3 0.37
a contact +1026 +1027.29 6 5 1185256594
a range +1026 +1027.29 6 5 0.17
a contact +1032 +1099 4 5 998274195
a range +1032 +1099 4 5 0.19
a contact +1033 +1096 2 4 1189403918
a range +1033 +1096 2 4 1.21
a contact +1034 +1101 6 4 853740385
a range +1034 +1101 6 4 0.11
a contact +1035 +1091 3 1 1121356285
a range +1035 +1091 3 1 0.12
a contact +1042 +1099 5 6 1051240052
a range +1042 +1099 5 6 0.22
a contact +1043 +1104 3 4 905172000
a range +1043 +1104 3 4 1.19
a contact +1043 +1109 5 4 925773302
a range +1043 +1109 5 4 0.13
a contact +1044 +1096 4 6 1110881502
a range +1044 +1096 4 6 0.07
a contact +1046 +1100 4 3 1123995951
a range +1046 +1100 4 3 1.13
a contact +1053 +1120 2 5 1165833868
a range +1053 +1120 2 5 1.21
a contact +1062 +1125 1 2 1192082902
a range +1062 +1125 1 2 0.12
a contact +1063 +1121 3 5 1091857435
a range +1063 +1121 3 5 1.47
a contact +1070 +1118 5 3 1042458940
a range +1070 +1118 5 3 1.19
a contact +1078 +1148 2 1 978338174
a range +1078 +1148 2 1 0.12
a contact +1081 +1140 4 2 1186430721
a range +1081 +1140 4 2 1.35
a contact +1082 +1140 5 2 1126814666
a range +1082 +1140 5 2 1.38
a contact +1090 +1138 6 5 995099427
a range +1090 +1138 6 5 0.14
a contact +1091 +1140 3 2 811219871
a range +1091 +1140 3 2 0.37
a contact +1093 +1143 2 3 866357134
a range +1093 +1143 2 3 0.37
a contact +1097 +1168 3 1 970290946
a range +1097 +1168 3 1 0.12
a contact +1098 +1149 1 3 1111868041
a range +1098 +1149 1 3 0.12
a contact +1101 +1156 2 4 1122854726
a range +1101 +1156 2 4 1.35
a contact +1102 +1154 4 5 1121753718
a range +1102 +1154 4 5 0.13
a contact +1102 +1103.29 6 4 888703641
a range +1102 +1103.29 6 4 0.17
a contact +1103 +1104.29 4 3 1111811293
a range +1103 +1104.29 4 3 1.23
a contact +1103 +1174 4 6 843555093
a range +1103 +1174 4 6 0.06
a contact +1105 +1162 5 6 951807005
a range +1105 +1162 5 6 0.23
a contact +1109 +1178 3 4 1118259299
a range +1109 +1178 3 4 1.44
a contact +1111 +1112.29 5 4 925252420
a range +1111 +1112.29 5 4 0.08
a contact +1122 +1176 2 5 938683370
a range +1122 +1176 2 5 1.36
a contact +1125 +1175 5 3 990155127
a range +1125 +1175 5 3 1.47
a contact +1128 +1193 3 5 874147225
a range +1128 +1193 3 5 1.13
a contact +1131 +1195 1 2 1149789929
a range +1131 +1195 1 2 0.12
a contact +1141 +1208 3 2 1119793083
a range +1141 +1208 3 2 0.37
a contact +1141 +1193 6 5 915991642
a range +1141 +1193 6 5 0.09
a contact +1146 +1199 4 2 960994069
a range +1146 +1199 4 2 1.37
a contact +1147 +1196 2 3 1072169879
a range +1147 +1196 2 3 0.37
a contact +1147 +1212 5 2 917402665
a range +1147 +1212 5 2 1.2
a contact +1152 +1202 1 3 835350892
a range +1152 +1202 1 3 0.12
a contact +1153 +1206 2 1 899041517
a range +1153 +1206 2 1 0.12
a contact +1155 +1217 4 5 937631202
a range +1155 +1217 4 5 0.15
a contact +1162 +1228 2 4 996767528
a range +1162 +1228 2 4 1.18
a contact +1164 +1220 6 4 957454394
a range +1164 +1220 6 4 0.15
a contact +1167 +1216 5 6 928365196
a range +1167 +1216 5 6 0.08
a contact +1178 +1230 3 1 1087472449
a range +1178 +1230 3 1 0.12
a contact +1179 +1247 4 3 804240127
a range +1179 +1247 4 3 1.38
a contact +1179 +1243 5 3 837187358
a range +1179 +1243 5 3 1.35
a contact +1180 +1234 4 6 1132830124
a range +1180 +1234 4 6 0.1
a contact +1182 +1237 3 4 1157077826
a range +1182 +1237 3 4 1.44
a contact +1184 +1254 2 5 894210405
a range +1184 +1254 2 5 1.13
a contact +1191 +1192.29 5 4 1015601442
a range +1191 +1192.29 5 4 0.17
a contact +1196 +1248 3 5 914729469
a range +1196 +1248 3 5 1.24
a contact +1199 +1270 6 5 1055386307
a range +1199 +1270 6 5 0.08
a contact +1200 +1260 4 2 1100513602
a range +1200 +1260 4 2 1.11
a contact +1201 +1269 1 2 1034615606
a range +1201 +1269 1 2 0.12
a contact +1201 +1266 2 3 1108323255
a range +1201 +1266 2 3 0.37
a contact +1205 +1273 1 3 1087351645
a range +1205 +1273 1 3 0.12
a contact +1210 +1279 3 2 1095975753
a range +1210 +1279 3 2 0.37
a contact +1211 +1270 2 1 1063796394
a range +1211 +1270 2 1 0.12
a contact +1214 +1279 5 2 959227793
a range +1214 +1279 5 2 1.28
a contact +1223 +1275 6 4 971125304
a range +1223 +1275 6 4 0.15
a contact +1223 +1224.29 5 6 875585816
a range +1223 +1224.29 5 6 0.24
a contact +1226 +1288 4 5 1028281848
a range +1226 +1288 4 5 0.2
a contact +1234 +1285 3 1 876726492
a range +1234 +1285 3 1 0.12
a contact +1236 +1291 4 6 827482846
a range +1236 +1291 4 6 0.01
a contact +1240 +1294 3 4 919709142
a range +1240 +1294 3 4 1.15
a contact +1245 +1298 5 4 868186434
a range +1245 +1298 5 4 0.2
a contact +1252 +1305 4 3 978180712
a range +1252 +1305 4 3 1.39
a contact +1258 +1323 2 5 921644808
a range +1258 +1323 2 5 1.3
a contact +1267 +1268.29 4 2 1062195145
a range +1267 +1268.29 4 2 1.34
a contact +1270 +1329 2 3 887913366
a range +1270 +1329 2 3 0.37
a contact +1276 +1331 1 2 1075104560
a range +1276 +1331 1 2 0.12
a contact +1280 +1346 1 3 1191098297
a range +1280 +1346 1 3 0.12
