m horizon +0
a contact +0 +54 4 3 933973564
a range +0 +54 4 3 1.15
a contact +5 +62 4 5 1001481311
a range +5 +62 4 5 0.13
a contact +6 +73 3 1 1114902974
a range +6 +73 3 1 0.12
a contact +12 +63 3 2 846964688
a range +12 +63 3 2 0.12
a contact +15 +86 2 5 920361139
a range +15 +86 2 5 1.31
a contact +16 +87 4 2 1022616723
a range +16 +87 4 2 1.11
a contact +16 +85 3 4 1162525545
a range +16 +85 3 4 1.06
a contact +17 +82 4 3 1145966991
a range +17 +82 4 3 1.09
a contact +18 +70 1 2 854855091
a range +18 +70 1 2 0.12
a contact +20 +78 2 1 928435926
a range +20 +78 2 1 0.12
a contact +20 +77 5 3 861166716
a range +20 +77 5 3 1.17
a contact +21 +83 4 6 1120812693
a range +21 +83 4 6 0.13
a contact +25 +79 3 4 862727975
a range +25 +79 3 4 1.31
a contact +25 +77 6 4 840905361
a range +25 +77 6 4 0.13
a contact +27 +81.8 1 2 977199106
a range +27 +81.8 1 2 0.12
a contact +28 +91 6 5 1146332834
a range +28 +91 6 5 0.13
a contact +29 +90 2 3 1161775507
a range +29 +90 2 3 0.12
a contact +29 +98.8 2 3 1048008795
a range +29 +98.8 2 3 0.12
a contact +31 +99.8 2 4 944922976
a range +31 +99.8 2 4 1.35
a contact +34 +105 5 3 966929247
a range +34 +105 5 3 1.3
a contact +34 +87 4 6 821523910
a range +34 +87 4 6 0.13
a contact +35 +83 6 5 864797323
a range +35 +83 6 5 0.13
a contact +40 +109 1 2 1027458140
a range +40 +109 1 2 0.12
a contact +40 +99 1 3 1112301779
a range +40 +99 1 3 0.12
a contact +48 +114.8 3 1 1063803642
a range +48 +114.8 3 1 0.12
a contact +49 +106 2 1 1110862537
a range +49 +106 2 1 0.12
a contact +51 +102 4 6 1030754159
a range +51 +102 4 6 0.13
a contact +55 +119 5 4 1197092698
a range +55 +119 5 4 0.13
a contact +55 +104 5 6 923150469
a range +55 +104 5 6 0.13
a contact +57 +119 3 2 1048642332
a range +57 +119 3 2 0.12
a contact +58 +117 4 6 1079005470
a range +58 +117 4 6 0.13
a contact +63 +129 5 4 877085099
a range +63 +129 5 4 0.13
a contact +65 +123 3 4 1029095814
a range +65 +123 3 4 1.14
a contact +69 +127 5 6 834790619
a range +69 +127 5 6 0.13
a contact +70 +122.8 2 1 822656915
a range +70 +122.8 2 1 0.12
a contact +71 +131.8 3 4 825682704
a range +71 +131.8 3 4 1.07
a contact +71 +121 4 5 1082955961
a range +71 +121 4 5 0.13
a contact +73 +143 5 2 1161196892
a range +73 +143 5 2 1.2
a contact +76 +145 3 5 852383899
a range +76 +145 3 5 1.11
a contact +81 +146 3 5 848856646
a range +81 +146 3 5 1.28
a contact +88 +138 5 3 867469829
a range +88 +138 5 3 1.37
a contact +89 +149 2 4 916474150
a range +89 +149 2 4 1.11
a contact +95 +152.8 3 1 1170117921
a range +95 +152.8 3 1 0.12
a contact +97 +167 4 6 1046587615
a range +97 +167 4 6 0.13
a contact +100 +168 3 1 927239561
a range +100 +168 3 1 0.12
a contact +103 +162 4 5 1039743327
a range +103 +162 4 5 0.13
a contact +104 +171.8 2 1 901405297
a range +104 +171.8 2 1 0.12
a contact +104 +169 4 3 809253131
a range +104 +169 4 3 1.16
a contact +106 +159 4 6 1184282004
a range +106 +159 4 6 0.13
a contact +107 +164 2 3 1148755729
a range +107 +164 2 3 0.12
a contact +107 +162 6 5 926983073
a range +107 +162 6 5 0.13
a contact +109 +159 2 5 1018261407
a range +109 +159 2 5 1.09
a contact +109 +161 5 3 986003200
a range +109 +161 5 3 1.26
a contact +116 +176 5 2 884511365
a range +116 +176 5 2 1.22
a contact +116 +176 5 6 1143785552
a range +116 +176 5 6 0.13
a contact +117 +176 5 2 993735270
a range +117 +176 5 2 1.09
a contact +122 +192 4 2 1024279778
a range +122 +192 4 2 1.13
a contact +122 +171 5 6 902726776
a range +122 +171 5 6 0.13
a contact +122 +190 6 5 1041957859
a range +122 +190 6 5 0.13
a contact +131 +191 1 3 819074434
a range +131 +191 1 3 0.12
a contact +131 +198.8 3 5 1113216119
a range +131 +198.8 3 5 1.23
a contact +132 +180 3 2 1097176231
a range +132 +180 3 2 0.12
a contact +135 +200 4 5 851283779
a range +135 +200 4 5 0.13
a contact +140 +198 2 1 942007391
a range +140 +198 2 1 0.12
a contact +141 +202 5 3 833549159
a range +141 +202 5 3 1.38
a contact +142 +196 5 6 923317913
a range +142 +196 5 6 0.13
a contact +151 +201.8 3 1 1012005473
a range +151 +201.8 3 1 0.12
a contact +156 +217.8 3 5 1062595916
a range +156 +217.8 3 5 1.26
a contact +163 +231 5 4 1199605666
a range +163 +231 5 4 0.13
a contact +164 +212 3 1 1002495324
a range +164 +212 3 1 0.12
a contact +164 +225 4 5 1198628234
a range +164 +225 4 5 0.13
a contact +166 +236 4 3 1144004335
a range +166 +236 4 3 1.28
a contact +171 +232 6 4 887895142
a range +171 +232 6 4 0.13
a contact +174 +241 6 5 1073244648
a range +174 +241 6 5 0.13
a contact +181 +238 4 6 866786131
a range +181 +238 4 6 0.13
a contact +184 +244 6 4 1064712995
a range +184 +244 6 4 0.13
a contact +190 +244 3 5 1142657583
a range +190 +244 3 5 1.04
a contact +192 +259 6 4 832601217
a range +192 +259 6 4 0.13
a contact +193 +250 1 2 1029489518
a range +193 +250 1 2 0.12
a contact +196 +263.8 2 5 1096615704
a range +196 +263.8 2 5 1.17
a contact +196 +262.8 3 4 1031172366
a range +196 +262.8 3 4 1.14
a contact +202 +265 1 3 898089965
a range +202 +265 1 3 0.12
a contact +202 +273 5 6 847956392
a range +202 +273 5 6 0.13
a contact +207 +268 2 1 968306839
a range +207 +268 2 1 0.12
a contact +208 +270 5 3 1055084905
a range +208 +270 5 3 1.28
a contact +215 +265 2 1 933211649
a range +215 +265 2 1 0.12
a contact +221 +283 3 4 1046010989
a range +221 +283 3 4 1.1
a contact +222 +281.8 3 5 1157093090
a range +222 +281.8 3 5 1.1
a contact +222 +291 6 4 1047071501
a range +222 +291 6 4 0.13
a contact +225 +283.8 3 1 856961768
a range +225 +283.8 3 1 0.12
a contact +230 +298 2 3 938989768
a range +230 +298 2 3 0.12
a contact +231 +289 4 5 1021125230
a range +231 +289 4 5 0.13
a contact +233 +299.8 2 3 872380456
a range +233 +299.8 2 3 0.12
a contact +236 +299 6 5 938420961
a range +236 +299 6 5 0.13
a contact +237 +308 5 3 1172418224
a range +237 +308 5 3 1.27
a contact +240 +309.8 1 2 1075007095
a range +240 +309.8 1 2 0.12
a contact +246 +312 1 3 874210580
a range +246 +312 1 3 0.12
a contact +248 +304.8 1 3 809018675
a range +248 +304.8 1 3 0.12
a contact +248 +296 5 4 852966274
a range +248 +296 5 4 0.13
a contact +249 +302 2 1 823303134
a range +249 +302 2 1 0.12
a contact +250 +307 4 6 1093950025
a range +250 +307 4 6 0.13
a contact +251 +321 5 4 869347528
a range +251 +321 5 4 0.13
a contact +254 +325 4 2 866017543
a range +254 +325 4 2 1.04
a contact +256 +326 3 1 916402710
a range +256 +326 3 1 0.12
a contact +262 +319 6 5 1197991961
a range +262 +319 6 5 0.13
a contact +267 +336 4 2 1076137866
a range +267 +336 4 2 1.25
a contact +268 +318 3 1 1113721407
a range +268 +318 3 1 0.12
a contact +269 +320.8 2 1 945214593
a range +269 +320.8 2 1 0.12
a contact +273 +342.8 1 2 993746751
a range +273 +342.8 1 2 0.12
a contact +275 +329 4 2 1112401452
a range +275 +329 4 2 1.08
a contact +277 +328 3 2 1194999535
a range +277 +328 3 2 0.12
a contact +281 +332 3 5 989186890
a range +281 +332 3 5 1.34
a contact +281 +351 6 5 970224673
a range +281 +351 6 5 0.13
a contact +285 +332.8 2 1 1152812376
a range +285 +332.8 2 1 0.12
a contact +291 +352 4 5 941178915
a range +291 +352 4 5 0.13
a contact +294 +352 1 2 1168968043
a range +294 +352 1 2 0.12
a contact +305 +369 1 2 981265779
a range +305 +369 1 2 0.12
a contact +305 +362 5 4 1154736494
a range +305 +362 5 4 0.13
a contact +305 +370 5 6 866107724
a range +305 +370 5 6 0.13
a contact +307 +368.8 3 4 904027815
a range +307 +368.8 3 4 1.31
a contact +308 +355.8 2 5 853245634
a range +308 +355.8 2 5 1.02
a contact +310 +374 4 3 847504949
a range +310 +374 4 3 1.36
a contact +311 +375.8 3 5 830971034
a range +311 +375.8 3 5 1.17
a contact +314 +379 1 3 1064580825
a range +314 +379 1 3 0.12
a contact +318 +374 4 3 1014597169
a range +318 +374 4 3 1.28
a contact +318 +374 3 5 863563245
a range +318 +374 3 5 1.04
a contact +319 +389 5 2 1004862483
a range +319 +389 5 2 1.09
a contact +321 +374 4 3 953459270
a range +321 +374 4 3 1.06
a contact +322 +388 1 3 808888669
a range +322 +388 1 3 0.12
a contact +324 +389 6 4 805938288
a range +324 +389 6 4 0.13
a contact +326 +390 5 4 807443371
a range +326 +390 5 4 0.13
a contact +327 +388 5 6 903037434
a range +327 +388 5 6 0.13
a contact +329 +384 6 4 1096465803
a range +329 +384 6 4 0.13
a contact +331 +379 5 3 1149521866
a range +331 +379 5 3 1.35
a contact +331 +390 4 6 1094479420
a range +331 +390 4 6 0.13
a contact +336 +405 3 5 931101254
a range +336 +405 3 5 1.31
a contact +341 +412 2 4 887193774
a range +341 +412 2 4 1.37
a contact +349 +409 3 1 1088295277
a range +349 +409 3 1 0.12
a contact +350 +411 1 2 1027312144
a range +350 +411 1 2 0.12
a contact +357 +417 5 3 837472076
a range +357 +417 5 3 1.2
a contact +361 +425 4 6 985473606
a range +361 +425 4 6 0.13
a contact +366 +433 5 2 1112718126
a range +366 +433 5 2 1.14
a contact +371 +420 5 2 1168348023
a range +371 +420 5 2 1.23
a contact +371 +421 4 6 952595929
a range +371 +421 4 6 0.13
a contact +371 +423 6 5 909840079
a range +371 +423 6 5 0.13
a contact +372 +441 5 2 973636783
a range +372 +441 5 2 1.21
a contact +374 +429 1 3 1014775452
a range +374 +429 1 3 0.12
a contact +388 +454 5 3 826165791
a range +388 +454 5 3 1.22
a contact +394 +441.8 1 2 929536244
a range +394 +441.8 1 2 0.12
a contact +396 +448 5 3 1076341574
a range +396 +448 5 3 1.3
a contact +396 +446 5 4 1150307825
a range +396 +446 5 4 0.13
a contact +397 +458 5 6 916322278
a range +397 +458 5 6 0.13
a contact +398 +463.8 1 3 1011486542
a range +398 +463.8 1 3 0.12
a contact +398 +447.8 1 3 1081572861
a range +398 +447.8 1 3 0.12
a contact +403 +464 3 2 832870132
a range +403 +464 3 2 0.12
a contact +406 +456 3 2 1006421518
a range +406 +456 3 2 0.12
a contact +407 +459 4 3 1126218387
a range +407 +459 4 3 1.21
a contact +413 +465 5 2 986029071
a range +413 +465 5 2 1.02
a contact +414 +481 1 2 858799025
a range +414 +481 1 2 0.12
a contact +415 +470 2 5 969220716
a range +415 +470 2 5 1.08
a contact +419 +474 5 2 918614794
a range +419 +474 5 2 1.04
a contact +420 +491 5 4 1101485459
a range +420 +491 5 4 0.13
a contact +424 +484 6 5 1048456250
a range +424 +484 6 5 0.13
a contact +433 +496 2 5 977510990
a range +433 +496 2 5 1.06
a contact +437 +484.8 3 4 1007060846
a range +437 +484.8 3 4 1.33
a contact +439 +501 6 4 976506524
a range +439 +501 6 4 0.13
a contact +440 +492 2 3 959059633
a range +440 +492 2 3 0.12
a contact +441 +510.8 3 2 989555303
a range +441 +510.8 3 2 0.12
a contact +446 +498 4 3 996068546
a range +446 +498 4 3 1.24
a contact +450 +511 2 3 915248286
a range +450 +511 2 3 0.12
a contact +450 +507 4 5 1118609907
a range +450 +507 4 5 0.13
a contact +452 +515 4 5 967316071
a range +452 +515 4 5 0.13
a contact +456 +508.8 2 3 940446087
a range +456 +508.8 2 3 0.12
a contact +463 +511 2 5 926451147
a range +463 +511 2 5 1.31
a contact +467 +517 4 2 1128859238
a range +467 +517 4 2 1.32
a contact +468 +518 4 2 877502742
a range +468 +518 4 2 1.3
a contact +469 +521 4 2 841704532
a range +469 +521 4 2 1.09
a contact +474 +531 5 6 895217113
a range +474 +531 5 6 0.13
a contact +476 +538 2 3 807646449
a range +476 +538 2 3 0.12
a contact +482 +541 3 1 1095560256
a range +482 +541 3 1 0.12
a contact +483 +539 4 5 868910958
a range +483 +539 4 5 0.13
a contact +491 +556 5 4 1129420323
a range +491 +556 5 4 0.13
a contact +494 +561 4 6 882063598
a range +494 +561 4 6 0.13
a contact +499 +564 2 4 1123618598
a range +499 +564 2 4 1.26
a contact +499 +566 5 2 1059390519
a range +499 +566 5 2 1.11
a contact +499 +563 5 3 1185887745
a range +499 +563 5 3 1.07
a contact +503 +569.8 3 1 1030992957
a range +503 +569.8 3 1 0.12
a contact +505 +555 1 3 961493395
a range +505 +555 1 3 0.12
a contact +507 +573 1 3 994530341
a range +507 +573 1 3 0.12
a contact +509 +572 5 3 1122204997
a range +509 +572 5 3 1.33
a contact +510 +578.8 3 2 841266659
a range +510 +578.8 3 2 0.12
a contact +515 +573.8 3 5 1101606849
a range +515 +573.8 3 5 1.31
a contact +517 +585.8 2 4 1099405901
a range +517 +585.8 2 4 1.07
a contact +518 +583 2 4 1030880731
a range +518 +583 2 4 1.07
a contact +525 +584.8 2 1 1137491839
a range +525 +584.8 2 1 0.12
a contact +526 +592 2 1 899860938
a range +526 +592 2 1 0.12
a contact +527 +594 2 5 960166873
a range +527 +594 2 5 1.09
a contact +538 +597 5 6 914509661
a range +538 +597 5 6 0.13
a contact +543 +597 4 3 898687913
a range +543 +597 4 3 1.36
a contact +546 +606 1 3 836309395
a range +546 +606 1 3 0.12
a contact +559 +624 5 2 1023802036
a range +559 +624 5 2 1.22
a contact +561 +610 5 6 972864149
a range +561 +610 5 6 0.13
a contact +565 +616 5 4 838561001
a range +565 +616 5 4 0.13
a contact +568 +617 5 4 1046108303
a range +568 +617 5 4 0.13
a contact +572 +631 3 1 945044806
a range +572 +631 3 1 0.12
a contact +575 +638 3 1 1067653689
a range +575 +638 3 1 0.12
a contact +576 +626 3 1 938536914
a range +576 +626 3 1 0.12
a contact +578 +637.8 1 3 1049647518
a range +578 +637.8 1 3 0.12
a contact +580 +632.8 3 2 1120816437
a range +580 +632.8 3 2 0.12
a contact +580 +646 4 6 982093273
a range +580 +646 4 6 0.13
a contact +583 +638 3 2 1197737945
a range +583 +638 3 2 0.12
a contact +584 +634 6 4 1012294754
a range +584 +634 6 4 0.13
a contact +586 +634 5 2 904192504
a range +586 +634 5 2 1.14
a contact +587 +638 2 5 1037006991
a range +587 +638 2 5 1.18
a contact +588 +657 4 5 993026840
a range +588 +657 4 5 0.13
a contact +595 +662 5 4 1024686981
a range +595 +662 5 4 0.13
a contact +596 +657 6 4 866852191
a range +596 +657 6 4 0.13
a contact +598 +664 2 3 933749412
a range +598 +664 2 3 0.12
a contact +615 +666 2 4 1024591425
a range +615 +666 2 4 1.34
a contact +615 +666 5 6 856111719
a range +615 +666 5 6 0.13
a contact +617 +666 4 3 1185018241
a range +617 +666 4 3 1.04
a contact +617 +671 6 4 1079733594
a range +617 +671 6 4 0.13
a contact +618 +681 2 1 944075931
a range +618 +681 2 1 0.12
a contact +620 +682 5 4 1029792956
a range +620 +682 5 4 0.13
a contact +621 +689 5 4 876819476
a range +621 +689 5 4 0.13
a contact +623 +683 4 6 1057099004
a range +623 +683 4 6 0.13
a contact +627 +696 5 2 999193134
a range +627 +696 5 2 1.37
a contact +627 +696 3 4 1196723718
a range +627 +696 3 4 1.03
a contact +632 +682 4 5 1051168893
a range +632 +682 4 5 0.13
a contact +633 +689 5 3 1086642435
a range +633 +689 5 3 1.33
a contact +635 +683 4 3 1186903327
a range +635 +683 4 3 1.25
a contact +635 +693 3 5 900159541
a range +635 +693 3 5 1.3
a contact +636 +706 2 4 819414952
a range +636 +706 2 4 1.04
a contact +636 +699 5 3 858385303
a range +636 +699 5 3 1.15
a contact +637 +688 3 5 1048110788
a range +637 +688 3 5 1.33
a contact +644 +711.8 3 4 971551893
a range +644 +711.8 3 4 1.23
a contact +647 +718 6 4 930879124
a range +647 +718 6 4 0.13
a contact +648 +713 2 1 934646413
a range +648 +713 2 1 0.12
a contact +652 +700.8 3 1 849701319
a range +652 +700.8 3 1 0.12
a contact +663 +712 4 6 1153145749
a range +663 +712 4 6 0.13
a contact +664 +722 2 3 812512924
a range +664 +722 2 3 0.12
a contact +672 +731 5 3 1142302040
a range +672 +731 5 3 1.37
a contact +673 +722 6 5 994976594
a range +673 +722 6 5 0.13
a contact +674 +731 5 4 1083833875
a range +674 +731 5 4 0.13
a contact +678 +748 4 6 1175812583
a range +678 +748 4 6 0.13
a contact +679 +739 3 4 898716470
a range +679 +739 3 4 1.3
a contact +680 +739 5 3 1143615309
a range +680 +739 5 3 1.08
a contact +683 +743 3 2 1029391771
a range +683 +743 3 2 0.12
a contact +685 +744 2 3 826046120
a range +685 +744 2 3 0.12
a contact +688 +749.8 2 4 819199663
a range +688 +749.8 2 4 1.2
a contact +688 +758 5 2 1010348903
a range +688 +758 5 2 1.08
a contact +692 +752 3 2 932698235
a range +692 +752 3 2 0.12
a contact +695 +763 2 5 1109261373
a range +695 +763 2 5 1.19
a contact +696 +767 6 5 1113509849
a range +696 +767 6 5 0.13
a contact +703 +774 2 3 845503860
a range +703 +774 2 3 0.12
a contact +703 +752 4 2 1075738860
a range +703 +752 4 2 1.36
a contact +705 +758 6 5 1151958137
a range +705 +758 6 5 0.13
a contact +706 +771 3 5 974366277
a range +706 +771 3 5 1.1
a contact +708 +758 1 2 807497256
a range +708 +758 1 2 0.12
a contact +708 +763 6 4 1023494675
a range +708 +763 6 4 0.13
a contact +711 +765 2 5 882832197
a range +711 +765 2 5 1.02
a contact +715 +778 6 4 878553841
a range +715 +778 6 4 0.13
a contact +719 +780 3 1 919427164
a range +719 +780 3 1 0.12
a contact +721 +786 5 3 1112547443
a range +721 +786 5 3 1.03
a contact +725 +790 5 2 964322993
a range +725 +790 5 2 1.15
a contact +727 +787 6 4 1055118472
a range +727 +787 6 4 0.13
a contact +743 +794.8 1 2 1114722965
a range +743 +794.8 1 2 0.12
a contact +745 +800 2 4 950747001
a range +745 +800 2 4 1.17
a contact +747 +816 5 6 800816871
a range +747 +816 5 6 0.13
a contact +750 +816 4 3 1145070911
a range +750 +816 4 3 1.35
a contact +753 +820 5 6 1115647253
a range +753 +820 5 6 0.13
a contact +754 +806 6 5 1054731683
a range +754 +806 6 5 0.13
a contact +758 +816.8 2 3 834122526
a range +758 +816.8 2 3 0.12
a contact +764 +816.8 2 1 956750223
a range +764 +816.8 2 1 0.12
a contact +787 +847.8 1 2 1152202725
a range +787 +847.8 1 2 0.12
a contact +787 +840 4 5 928282240
a range +787 +840 4 5 0.13
a contact +791 +839.8 3 1 1143636390
a range +791 +839.8 3 1 0.12
a contact +792 +840 1 3 1091040470
a range +792 +840 1 3 0.12
a contact +792 +849 4 2 896705663
a range +792 +849 4 2 1.22
a contact +795 +854 4 6 1150496606
a range +795 +854 4 6 0.13
a contact +796 +850 2 1 955338781
a range +796 +850 2 1 0.12
a contact +798 +867 5 6 953043044
a range +798 +867 5 6 0.13
a contact +801 +859 1 3 1090195729
a range +801 +859 1 3 0.12
a contact +807 +876 3 2 1154549463
a range +807 +876 3 2 0.12
a contact +810 +870 4 5 803785115
a range +810 +870 4 5 0.13
a contact +811 +862 1 3 1116576125
a range +811 +862 1 3 0.12
a contact +812 +872 5 6 1109698470
a range +812 +872 5 6 0.13
a contact +827 +897 2 5 1196914617
a range +827 +897 2 5 1.37
a contact +831 +889 4 6 1108491589
a range +831 +889 4 6 0.13
a contact +835 +898 1 2 980728624
a range +835 +898 1 2 0.12
a contact +843 +903 3 2 918867942
a range +843 +903 3 2 0.12
a contact +849 +913 5 4 1177366273
a range +849 +913 5 4 0.13
a contact +852 +912 5 2 966075767
a range +852 +912 5 2 1.14
a contact +854 +918 5 3 922674198
a range +854 +918 5 3 1.1
a contact +855 +906 1 3 1165769098
a range +855 +906 1 3 0.12
a contact +856 +917.8 2 3 924369412
a range +856 +917.8 2 3 0.12
a contact +863 +913 2 3 1116760446
a range +863 +913 2 3 0.12
a contact +864 +923.8 3 4 1087723343
a range +864 +923.8 3 4 1.04
a contact +866 +917 2 5 1126944321
a range +866 +917 2 5 1.23
a contact +869 +923 2 5 913588532
a range +869 +923 2 5 1.34
a contact +872 +942 4 2 834946446
a range +872 +942 4 2 1.29
a contact +888 +948 2 3 870166987
a range +888 +948 2 3 0.12
a contact +895 +954.8 3 2 1190051781
a range +895 +954.8 3 2 0.12
a contact +896 +947 1 2 803201579
a range +896 +947 1 2 0.12
a contact +896 +945 2 4 1009871691
a range +896 +945 2 4 1.11
a contact +904 +952 3 2 1146662005
a range +904 +952 3 2 0.12
a contact +911 +981 5 3 890906990
a range +911 +981 5 3 1.13
a contact +930 +999 1 2 985298075
a range +930 +999 1 2 0.12
a contact +930 +988 4 3 1135784607
a range +930 +988 4 3 1.03
a contact +934 +996.8 3 5 1086537202
a range +934 +996.8 3 5 1.1
a contact +935 +1000 1 3 826006655
a range +935 +1000 1 3 0.12
a contact +936 +993 5 4 1139121256
a range +936 +993 5 4 0.13
a contact +942 +1007 2 5 896571604
a range +942 +1007 2 5 1.22
a contact +944 +1010 2 4 1170200949
a range +944 +1010 2 4 1.33
a contact +944 +1008 2 4 1093873978
a range +944 +1008 2 4 1.17
a contact +947 +1000 6 5 1046117540
a range +947 +1000 6 5 0.13
a contact +949 +1012 5 3 841463464
a range +949 +1012 5 3 1.04
a contact +950 +1014 1 3 1081779447
a range +950 +1014 1 3 0.12
a contact +953 +1002.8 1 2 1158127440
a range +953 +1002.8 1 2 0.12
a contact +957 +1024 2 4 1181395457
a range +957 +1024 2 4 1.05
a contact +959 +1025.8 3 1 963330080
a range +959 +1025.8 3 1 0.12
a contact +959 +1020.8 3 5 1054568395
a range +959 +1020.8 3 5 1.05
a contact +960 +1014 2 3 1129174463
a range +960 +1014 2 3 0.12
a contact +961 +1012 4 5 1093494809
a range +961 +1012 4 5 0.13
a contact +964 +1015 4 2 804232567
a range +964 +1015 4 2 1.29
a contact +965 +1021 1 2 1078342626
a range +965 +1021 1 2 0.12
a contact +973 +1032.8 1 3 1004946061
a range +973 +1032.8 1 3 0.12
a contact +973 +1044 5 2 1063403152
a range +973 +1044 5 2 1.13
a contact +979 +1030.8 1 3 1095756055
a range +979 +1030.8 1 3 0.12
a contact +979 +1048 2 5 1052504558
a range +979 +1048 2 5 1.07
a contact +981 +1037 6 5 978068012
a range +981 +1037 6 5 0.13
a contact +983 +1029.8 3 5 1132564921
a range +983 +1029.8 3 5 1.08
a contact +983 +1054 4 5 1180774245
a range +983 +1054 4 5 0.13
a contact +984 +1052.8 3 1 1078149798
a range +984 +1052.8 3 1 0.12
a contact +984 +1040.8 2 4 831528876
a range +984 +1040.8 2 4 1.15
a contact +993 +1058 4 5 1197246799
a range +993 +1058 4 5 0.13
a contact +994 +1054 4 6 807452367
a range +994 +1054 4 6 0.13
a contact +996 +1051 4 3 1000477142
a range +996 +1051 4 3 1.2
a contact +998 +1058.8 3 4 1145397898
a range +998 +1058.8 3 4 1.13
a contact +998 +1047 4 3 1020563653
a range +998 +1047 4 3 1.25
a contact +999 +1053 3 1 1039094463
a range +999 +1053 3 1 0.12
a contact +999 +1047 2 5 1197367856
a range +999 +1047 2 5 1.28
a contact +1006 +1064 4 3 1042741223
a range +1006 +1064 4 3 1.07
a contact +1008 +1071 3 5 879930078
a range +1008 +1071 3 5 1.29
a contact +1013 +1081.8 3 4 1057897302
a range +1013 +1081.8 3 4 1.16
a contact +1015 +1073 4 3 957097888
a range +1015 +1073 4 3 1.21
a contact +1017 +1081.8 3 4 905212416
a range +1017 +1081.8 3 4 1.26
a contact +1019 +1078 6 4 1029003289
a range +1019 +1078 6 4 0.13
a contact +1022 +1078 5 4 1143651431
a range +1022 +1078 5 4 0.13
a contact +1025 +1091 5 6 1049553872
a range +1025 +1091 5 6 0.13
a contact +1026 +1078 5 6 1050567506
a range +1026 +1078 5 6 0.13
a contact +1027 +1090 3 2 931500080
a range +1027 +1090 3 2 0.12
a contact +1031 +1098 2 3 905047638
a range +1031 +1098 2 3 0.12
a contact +1034 +1091 4 2 1120716050
a range +1034 +1091 4 2 1.12
a contact +1034 +1082 5 3 834575249
a range +1034 +1082 5 3 1.05
a contact +1039 +1092 6 5 980819966
a range +1039 +1092 6 5 0.13
a contact +1041 +1090 4 2 936819593
a range +1041 +1090 4 2 1.35
a contact +1050 +1106 3 4 1038005527
a range +1050 +1106 3 4 1.07
a contact +1050 +1117 4 5 956174449
a range +1050 +1117 4 5 0.13
a contact +1053 +1124 3 5 1102448907
a range +1053 +1124 3 5 1.08
a contact +1054 +1112 2 1 981451654
a range +1054 +1112 2 1 0.12
a contact +1054 +1125 4 3 938752555
a range +1054 +1125 4 3 1.08
a contact +1055 +1125 5 3 1118448174
a range +1055 +1125 5 3 1.36
a contact +1060 +1125 5 3 1173747059
a range +1060 +1125 5 3 1.27
a contact +1062 +1109.8 2 5 826333988
a range +1062 +1109.8 2 5 1.17
a contact +1063 +1117 2 1 828502695
a range +1063 +1117 2 1 0.12
a contact +1066 +1135 4 6 1036121238
a range +1066 +1135 4 6 0.13
a contact +1072 +1122 4 3 885029493
a range +1072 +1122 4 3 1.34
a contact +1075 +1128 2 1 987207779
a range +1075 +1128 2 1 0.12
a contact +1075 +1126 3 5 913145628
a range +1075 +1126 3 5 1.16
a contact +1075 +1124 4 5 1020419189
a range +1075 +1124 4 5 0.13
a contact +1076 +1145.8 3 2 865420302
a range +1076 +1145.8 3 2 0.12
a contact +1079 +1136.8 2 4 902573821
a range +1079 +1136.8 2 4 1.36
a contact +1082 +1151 5 2 1136624403
a range +1082 +1151 5 2 1.14
a contact +1083 +1150 4 2 935469850
a range +1083 +1150 4 2 1.12
a contact +1084 +1153 6 4 1011896433
a range +1084 +1153 6 4 0.13
a contact +1086 +1142 6 4 879279722
a range +1086 +1142 6 4 0.13
a contact +1089 +1156 2 4 985992771
a range +1089 +1156 2 4 1.28
a contact +1096 +1151 2 4 920487837
a range +1096 +1151 2 4 1.36
a contact +1097 +1148 2 1 1119675964
a range +1097 +1148 2 1 0.12
a contact +1100 +1170 4 2 837491758
a range +1100 +1170 4 2 1.31
a contact +1100 +1150 6 5 868417340
a range +1100 +1150 6 5 0.13
a contact +1102 +1158 2 5 1004873148
a range +1102 +1158 2 5 1.29
a contact +1104 +1164 3 1 1019912288
a range +1104 +1164 3 1 0.12
a contact +1112 +1176 2 3 1030059650
a range +1112 +1176 2 3 0.12
a contact +1121 +1191 1 3 1052161071
a range +1121 +1191 1 3 0.12
a contact +1121 +1186 5 2 1118231240
a range +1121 +1186 5 2 1.04
a contact +1126 +1184.8 2 4 940832902
a range +1126 +1184.8 2 4 1.3
a contact +1127 +1182 1 2 868213723
a range +1127 +1182 1 2 0.12
a contact +1129 +1186 3 4 1121398342
a range +1129 +1186 3 4 1.27
a contact +1129 +1181 5 4 1189099701
a range +1129 +1181 5 4 0.13
a contact +1130 +1182 5 2 866905385
a range +1130 +1182 5 2 1.08
a contact +1132 +1191.8 3 2 811814197
a range +1132 +1191.8 3 2 0.12
a contact +1142 +1211 3 1 1028037810
a range +1142 +1211 3 1 0.12
a contact +1146 +1212 5 2 1083352006
a range +1146 +1212 5 2 1.06
a contact +1149 +1199 6 5 1105540695
a range +1149 +1199 6 5 0.13
a contact +1154 +1223 2 4 940012517
a range +1154 +1223 2 4 1.33
a contact +1155 +1206 5 4 833487587
a range +1155 +1206 5 4 0.13
a contact +1156 +1210 4 3 809089462
a range +1156 +1210 4 3 1.28
a contact +1157 +1216 4 6 958929330
a range +1157 +1216 4 6 0.13
a contact +1159 +1230 5 4 886396899
a range +1159 +1230 5 4 0.13
a contact +1163 +1226.8 2 3 808624663
a range +1163 +1226.8 2 3 0.12
a contact +1164 +1226.8 2 4 1191778883
a range +1164 +1226.8 2 4 1.3
a contact +1168 +1230 3 4 1011804132
a range +1168 +1230 3 4 1.3
a contact +1170 +1236 2 5 1096609416
a range +1170 +1236 2 5 1.08
a contact +1178 +1241 5 3 910911868
a range +1178 +1241 5 3 1.08
a contact +1178 +1235 5 4 803593542
a range +1178 +1235 5 4 0.13
a contact +1180 +1242 6 4 868210207
a range +1180 +1242 6 4 0.13
a contact +1180 +1251 5 6 907216428
a range +1180 +1251 5 6 0.13
a contact +1183 +1252 1 2 987119081
a range +1183 +1252 1 2 0.12
a contact +1187 +1242 2 3 952060413
a range +1187 +1242 2 3 0.12
a contact +1191 +1253 1 2 1086324758
a range +1191 +1253 1 2 0.12
a contact +1192 +1245 5 4 952796535
a range +1192 +1245 5 4 0.13
a contact +1196 +1245.8 2 3 1075409453
a range +1196 +1245.8 2 3 0.12
a contact +1200 +1266 3 2 1117685176
a range +1200 +1266 3 2 0.12
a contact +1206 +1276 1 2 1034949806
a range +1206 +1276 1 2 0.12
a contact +1209 +1258 3 5 1190139631
a range +1209 +1258 3 5 1.02
a contact +1214 +1270 2 5 812163118
a range +1214 +1270 2 5 1.18
a contact +1218 +1286.8 3 4 926898788
a range +1218 +1286.8 3 4 1.32
a contact +1221 +1280 4 6 1144411547
a range +1221 +1280 4 6 0.13
a contact +1225 +1286.8 3 5 904876083
a range +1225 +1286.8 3 5 1.27
a contact +1225 +1289 6 5 983745826
a range +1225 +1289 6 5 0.13
a contact +1231 +1295 2 3 1182504733
a range +1231 +1295 2 3 0.12
a contact +1234 +1303 1 2 1175521024
a range +1234 +1303 1 2 0.12
a contact +1234 +1297.8 2 1 850419586
a range +1234 +1297.8 2 1 0.12
a contact +1234 +1305 2 4 1099299985
a range +1234 +1305 2 4 1.15
a contact +1234 +1296 6 5 832541707
a range +1234 +1296 6 5 0.13
a contact +1240 +1296 3 1 1032128922
a range +1240 +1296 3 1 0.12
a contact +1244 +1295 6 5 988635410
a range +1244 +1295 6 5 0.13
a contact +1247 +1318 3 4 832866727
a range +1247 +1318 3 4 1.09
a contact +1248 +1296 6 5 923950358
a range +1248 +1296 6 5 0.13
a contact +1251 +1318 4 2 892271278
a range +1251 +1318 4 2 1.1
a contact +1253 +1322 5 3 942522477
a range +1253 +1322 5 3 1.26
a contact +1261 +1331 6 5 1109415396
a range +1261 +1331 6 5 0.13
a contact +1263 +1317 2 4 821944161
a range +1263 +1317 2 4 1.08
a contact +1264 +1325.8 3 2 906108945
a range +1264 +1325.8 3 2 0.12
a contact +1264 +1329 4 3 872147034
a range +1264 +1329 4 3 1.23
a contact +1266 +1325 6 4 949169805
a range +1266 +1325 6 4 0.13
a contact +1267 +1316 4 5 945184458
a range +1267 +1316 4 5 0.13
a contact +1275 +1333.8 3 2 1151867320
a range +1275 +1333.8 3 2 0.12
a contact +1277 +1332 6 4 1050358386
a range +1277 +1332 6 4 0.13
a contact +1279 +1349 4 2 902129989
a range +1279 +1349 4 2 1.34
a contact +1285 +1339 5 4 1165332344
a range +1285 +1339 5 4 0.13
a contact +1285 +1343 5 6 1117498586
a range +1285 +1343 5 6 0.13
a contact +1289 +1348 6 4 1002847946
a range +1289 +1348 6 4 0.13
a contact +1292 +1342 4 2 1155889278
a range +1292 +1342 4 2 1.06
a contact +1292 +1343 5 2 987452935
a range +1292 +1343 5 2 1.06
a contact +1293 +1352 4 2 1054317661
a range +1293 +1352 4 2 1.02
a contact +1297 +1356.8 2 3 1114627157
a range +1297 +1356.8 2 3 0.12
a contact +1305 +1362 5 2 863205711
a range +1305 +1362 5 2 1.12
a contact +1306 +1357.8 2 5 1194380089
a range +1306 +1357.8 2 5 1.36
a contact +1306 +1365 4 6 1047144882
a range +1306 +1365 4 6 0.13
a contact +1313 +1371 3 5 1095263053
a range +1313 +1371 3 5 1.33
a contact +1315 +1383 2 1 813154011
a range +1315 +1383 2 1 0.12
a contact +1317 +1382 5 6 982420850
a range +1317 +1382 5 6 0.13
a contact +1320 +1383.8 2 5 805839399
a range +1320 +1383.8 2 5 1.19
a contact +1325 +1373 5 6 1018374788
a range +1325 +1373 5 6 0.13
a contact +1337 +1406 4 5 1117027066
a range +1337 +1406 4 5 0.13
a contact +1338 +1398 5 2 1108117151
a range +1338 +1398 5 2 1.12
a contact +1340 +1398 2 5 1157425602
a range +1340 +1398 2 5 1.17
a contact +1340 +1391 4 3 1198345174
a range +1340 +1391 4 3 1.16
a contact +1341 +1400 2 4 843679200
a range +1341 +1400 2 4 1.36
a contact +1342 +1392.8 1 3 874036730
a range +1342 +1392.8 1 3 0.12
a contact +1342 +1396 5 2 1180750673
a range +1342 +1396 5 2 1.12
a contact +1343 +1410 2 1 1038055468
a range +1343 +1410 2 1 0.12
a contact +1343 +1403.8 3 5 1159761754
a range +1343 +1403.8 3 5 1.28
a contact +1343 +1406 4 6 1092226680
a range +1343 +1406 4 6 0.13
a contact +1343 +1409 6 4 1066059937
a range +1343 +1409 6 4 0.13
a contact +1345 +1411 5 6 1015629205
a range +1345 +1411 5 6 0.13
a contact +1349 +1414 4 5 1111576447
a range +1349 +1414 4 5 0.13
a contact +1350 +1398 1 3 1077662280
a range +1350 +1398 1 3 0.12
a contact +1357 +1416.8 3 1 1114946877
a range +1357 +1416.8 3 1 0.12
a contact +1359 +1423 4 6 909202555
a range +1359 +1423 4 6 0.13
a contact +1360 +1411 3 1 1042322488
a range +1360 +1411 3 1 0.12
a contact +1362 +1418 6 5 1085653516
a range +1362 +1418 6 5 0.13
a contact +1373 +1433.8 2 4 1033456561
a range +1373 +1433.8 2 4 1.28
a contact +1374 +1439.8 3 2 964301196
a range +1374 +1439.8 3 2 0.12
a contact +1381 +1444 3 4 1108918827
a range +1381 +1444 3 4 1.23
a contact +1383 +1452 6 5 1020866639
a range +1383 +1452 6 5 0.13
a contact +1387 +1450 4 3 815251414
a range +1387 +1450 4 3 1.08
a contact +1391 +1462 5 3 890474759
a range +1391 +1462 5 3 1.38
a contact +1394 +1459 5 6 1189515264
a range +1394 +1459 5 6 0.13
a contact +1396 +1467 2 4 810529400
a range +1396 +1467 2 4 1.34
a contact +1399 +1465.8 2 1 850537398
a range +1399 +1465.8 2 1 0.12
a contact +1400 +1452 4 2 1034842896
a range +1400 +1452 4 2 1.07
a contact +1400 +1457 4 2 1055984339
a range +1400 +1457 4 2 1.3
a contact +1400 +1470 4 3 1180516355
a range +1400 +1470 4 3 1.37
a contact +1403 +1462 1 2 1173577308
a range +1403 +1462 1 2 0.12
a contact +1403 +1453 1 3 1015524437
a range +1403 +1453 1 3 0.12
a contact +1408 +1460 4 6 1086186210
a range +1408 +1460 4 6 0.13
a contact +1409 +1466 3 5 899146267
a range +1409 +1466 3 5 1.14
a contact +1414 +1468.8 3 5 1153598819
a range +1414 +1468.8 3 5 1.38
a contact +1417 +1480 1 2 950832699
a range +1417 +1480 1 2 0.12
a contact +1419 +1488 2 1 1005613787
a range +1419 +1488 2 1 0.12
a contact +1419 +1474 3 5 1035562926
a range +1419 +1474 3 5 1.02
a contact +1419 +1475 5 4 1149460783
a range +1419 +1475 5 4 0.13
a contact +1428 +1479 4 5 1172015810
a range +1428 +1479 4 5 0.13
a contact +1432 +1483.8 2 1 1062966519
a range +1432 +1483.8 2 1 0.12
a contact +1437 +1508 5 2 847283052
a range +1437 +1508 5 2 1.19
a contact +1437 +1495 3 4 905709878
a range +1437 +1495 3 4 1.07
a contact +1441 +1498 3 2 892331979
a range +1441 +1498 3 2 0.12
a contact +1443 +1502 2 3 1022415851
a range +1443 +1502 2 3 0.12
a contact +1443 +1496.8 3 4 1036776924
a range +1443 +1496.8 3 4 1.12
a contact +1446 +1513 4 6 1190018016
a range +1446 +1513 4 6 0.13
a contact +1448 +1509 2 5 1170180853
a range +1448 +1509 2 5 1.24
a contact +1454 +1522 5 4 991488531
a range +1454 +1522 5 4 0.13
a contact +1460 +1512 4 2 1003001480
a range +1460 +1512 4 2 1.24
a contact +1476 +1532 1 2 900754302
a range +1476 +1532 1 2 0.12
a contact +1479 +1528.8 3 5 873664338
a range +1479 +1528.8 3 5 1.3
a contact +1484 +1534 4 6 1159020187
a range +1484 +1534 4 6 0.13
a contact +1485 +1541 4 5 834999981
a range +1485 +1541 4 5 0.13
a contact +1487 +1558 2 5 896561615
a range +1487 +1558 2 5 1.25
a contact +1492 +1551 1 2 910631302
a range +1492 +1551 1 2 0.12
a contact +1495 +1561 3 4 1196568736
a range +1495 +1561 3 4 1.07
a contact +1498 +1547 5 6 1018012132
a range +1498 +1547 5 6 0.13
a contact +1499 +1552 5 4 931029311
a range +1499 +1552 5 4 0.13
a contact +1500 +1559 3 2 842367219
a range +1500 +1559 3 2 0.12
a contact +1501 +1564 1 2 1162887675
a range +1501 +1564 1 2 0.12
a contact +1504 +1572 2 1 967250582
a range +1504 +1572 2 1 0.12
a contact +1517 +1582 6 4 1183512412
a range +1517 +1582 6 4 0.13
a contact +1520 +1589 5 3 1039996122
a range +1520 +1589 5 3 1.35
a contact +1532 +1593 2 3 859284458
a range +1532 +1593 2 3 0.12
a contact +1533 +1586.8 3 5 885050956
a range +1533 +1586.8 3 5 1.04
a contact +1533 +1589 5 4 945979573
a range +1533 +1589 5 4 0.13
a contact +1545 +1611 6 4 872360704
a range +1545 +1611 6 4 0.13
a contact +1554 +1605.8 2 3 1063821415
a range +1554 +1605.8 2 3 0.12
a contact +1563 +1630 6 4 1151823998
a range +1563 +1630 6 4 0.13
a contact +1570 +1626.8 3 2 1179658336
a range +1570 +1626.8 3 2 0.12
a contact +1572 +1642 3 1 1188584347
a range +1572 +1642 3 1 0.12
a contact +1572 +1624.8 3 4 1111757286
a range +1572 +1624.8 3 4 1.25
a contact +1578 +1646 4 2 827830260
a range +1578 +1646 4 2 1.19
a contact +1581 +1648 4 2 867886563
a range +1581 +1648 4 2 1.3
a contact +1583 +1632 6 5 923048107
a range +1583 +1632 6 5 0.13
a contact +1584 +1641 4 3 1185116151
a range +1584 +1641 4 3 1.04
a contact +1588 +1654 3 2 914412329
a range +1588 +1654 3 2 0.12
a contact +1590 +1653 5 6 1190986795
a range +1590 +1653 5 6 0.13
a contact +1597 +1659 5 2 817876073
a range +1597 +1659 5 2 1.08
a contact +1601 +1652 3 1 974792418
a range +1601 +1652 3 1 0.12
a contact +1601 +1664 4 6 856463520
a range +1601 +1664 4 6 0.13
a contact +1602 +1664 4 3 1179497735
a range +1602 +1664 4 3 1.22
a contact +1610 +1661 4 5 1172879010
a range +1610 +1661 4 5 0.13
a contact +1612 +1680 4 5 848868393
a range +1612 +1680 4 5 0.13
a contact +1614 +1678.8 2 5 1013073815
a range +1614 +1678.8 2 5 1.21
a contact +1616 +1679.8 1 3 1149367771
a range +1616 +1679.8 1 3 0.12
a contact +1621 +1692 4 2 1009519295
a range +1621 +1692 4 2 1.34
a contact +1623 +1693 6 4 1123195152
a range +1623 +1693 6 4 0.13
a contact +1628 +1679 3 4 1106345632
a range +1628 +1679 3 4 1.22
a contact +1641 +1690 5 2 1132294398
a range +1641 +1690 5 2 1.17
a contact +1645 +1716 4 3 890442026
a range +1645 +1716 4 3 1.3
a contact +1646 +1706 5 6 1051481277
a range +1646 +1706 5 6 0.13
a contact +1646 +1702 6 5 966846973
a range +1646 +1702 6 5 0.13
a contact +1649 +1705 2 4 990723937
a range +1649 +1705 2 4 1.3
a contact +1650 +1708 5 3 840535457
a range +1650 +1708 5 3 1.16
a contact +1654 +1725 3 4 912692924
a range +1654 +1725 3 4 1.13
a contact +1656 +1715 5 2 1151795813
a range +1656 +1715 5 2 1.28
a contact +1657 +1720 4 6 1055591587
a range +1657 +1720 4 6 0.13
a contact +1661 +1729 4 3 868840766
a range +1661 +1729 4 3 1.26
a contact +1672 +1736 2 1 958086710
a range +1672 +1736 2 1 0.12
a contact +1672 +1728.8 2 4 836976720
a range +1672 +1728.8 2 4 1.13
a contact +1675 +1725 4 5 956986464
a range +1675 +1725 4 5 0.13
a contact +1676 +1738 4 5 1151794694
a range +1676 +1738 4 5 0.13
a contact +1679 +1738 3 5 1165367488
a range +1679 +1738 3 5 1.36
a contact +1681 +1739 5 6 947980869
a range +1681 +1739 5 6 0.13
a contact +1687 +1750.8 3 1 1077136897
a range +1687 +1750.8 3 1 0.12
a contact +1691 +1760 3 4 1031121970
a range +1691 +1760 3 4 1.1
a contact +1691 +1747 6 4 1060974364
a range +1691 +1747 6 4 0.13
a contact +1693 +1748 3 2 1088585771
a range +1693 +1748 3 2 0.12
a contact +1695 +1761 5 6 1030431396
a range +1695 +1761 5 6 0.13
a contact +1700 +1751 4 2 856296022
a range +1700 +1751 4 2 1.29
a contact +1708 +1772.8 3 2 921114221
a range +1708 +1772.8 3 2 0.12
a contact +1710 +1778 2 5 1070907802
a range +1710 +1778 2 5 1.14
a contact +1711 +1777 2 1 1038764913
a range +1711 +1777 2 1 0.12
a contact +1715 +1767 1 3 1001345991
a range +1715 +1767 1 3 0.12
a contact +1716 +1779 6 5 1026310030
a range +1716 +1779 6 5 0.13
a contact +1720 +1774 4 3 1146454734
a range +1720 +1774 4 3 1.31
a contact +1723 +1789 3 4 1136477958
a range +1723 +1789 3 4 1.28
a contact +1725 +1776 5 3 940655913
a range +1725 +1776 5 3 1.36
a contact +1725 +1776 4 5 989280667
a range +1725 +1776 4 5 0.13
a contact +1726 +1776 4 2 814204220
a range +1726 +1776 4 2 1.15
a contact +1728 +1797 2 5 1152273925
a range +1728 +1797 2 5 1.27
a contact +1735 +1798.8 2 4 1128010757
a range +1735 +1798.8 2 4 1.14
a contact +1738 +1798.8 3 2 962072695
a range +1738 +1798.8 3 2 0.12
a contact +1741 +1800 3 4 1020760633
a range +1741 +1800 3 4 1.03
a contact +1753 +1800 5 2 859095937
a range +1753 +1800 5 2 1.32
a contact +1762 +1800 1 3 1160107280
a range +1762 +1800 1 3 0.12
a contact +1762 +1800 6 4 898068744
a range +1762 +1800 6 4 0.13
a contact +1767 +1800 1 2 1158233076
a range +1767 +1800 1 2 0.12
a contact +1768 +1800 4 5 1133818865
a range +1768 +1800 4 5 0.13
a contact +1769 +1800 1 3 954428547
a range +1769 +1800 1 3 0.12
a contact +1771 +1798.8 2 3 806719568
a range +1771 +1798.8 2 3 0.12
a contact +1776 +1800 2 1 959649487
a range +1776 +1800 2 1 0.12
a contact +1777 +1800 3 1 980757631
a range +1777 +1800 3 1 0.12
a contact +1777 +1800 6 5 1186334577
a range +1777 +1800 6 5 0.13
a contact +1785 +1800 2 4 1188310854
a range +1785 +1800 2 4 1.13
a contact +1788 +1800 2 3 831072715
a range +1788 +1800 2 3 0.12
a contact +1791 +1800 4 2 852464714
a range +1791 +1800 4 2 1.34
a contact +1795 +1800 5 4 1161566793
a range +1795 +1800 5 4 0.13
a contact +1797 +1800 6 4 1096906088
a range +1797 +1800 6 4 0.13
a contact +1799 +1800 4 2 996692591
a range +1799 +1800 4 2 1.19
a contact +1800 +1800 2 5 1194935330
a range +1800 +1800 2 5 1.29

