params = {
    "total_time": 1800,     # Simulation time (seconds)
    "total_contacts": 600,  # Total number of contacts
    "link_params": {
        ## (nodeA, nodeB):
        ## (data rate base (Mbps), data rate variation%, 
        ## distance (light seconds), distance variation%,
        ## avg contact duration (seconds), duration variation%)
        (1, 2): (1000, 20, 0.12, 0, 60, 20), 
        (2, 1): (1000, 20, 0.12, 0, 60, 20),
        (1, 3): (1000, 20, 0.12, 0, 60, 20), 
        (3, 1): (1000, 20, 0.12, 0, 60, 20),
        (2, 3): (1000, 20, 0.12, 0, 60, 20), 
        (3, 2): (1000, 20, 0.12, 0, 60, 20),
        (2, 4): (1000, 20, 1.2, 15, 60, 20), 
        (4, 2): (1000, 20, 1.2, 15, 60, 20),
        (2, 5): (1000, 20, 1.2, 15, 60, 20),
        (5, 2): (1000, 20, 1.2, 15, 60, 20),
        (3, 4): (1000, 20, 1.2, 15, 60, 20),
        (4, 3): (1000, 20, 1.2, 15, 60, 20),
        (3, 5): (1000, 20, 1.2, 15, 60, 20),
        (5, 3): (1000, 20, 1.2, 15, 60, 20),
        (4, 5): (1000, 20, 0.13, 0, 60, 20),
        (5, 4): (1000, 20, 0.13, 0, 60, 20),
        (4, 6): (1000, 20, 0.13, 0, 60, 20),
        (6, 4): (1000, 20, 0.13, 0, 60, 20),
        (5, 6): (1000, 20, 0.13, 0, 60, 20),
        (6, 5): (1000, 20, 0.13, 0, 60, 20),
    },
}


# パラメータの設定
permutations = [(1, 2, 10), (4, 5, 5)]
celestialA_nodes = [1, 2, 3]
celestialB_nodes = [4, 5, 6]
deleteSpecificNumberofContacts = 200 # または整数値を指定
