531.21	531.21
531.21	521.21
531.21	511.21
531.21	501.21
531.21	491.21
531.21	481.21
531.21	471.21
531.21	461.21
531.21	451.21
531.21	441.21
531.21	431.21
531.21	421.21
531.21	411.21
531.21	401.21
531.21	391.21
531.21	381.21
531.21	371.21
531.21	361.21
531.21	351.21
531.21	341.21
531.21	331.21
531.21	321.21
531.21	311.21
531.21	301.21
531.21	291.21
531.21	281.21
531.21	271.21
531.21	261.21
531.21	251.21
531.21	241.21
531.21	231.21
531.21	221.21
531.21	211.21
531.21	201.21
540.21	200.21
550.21	200.21
560.21	200.21
570.21	200.21
580.21	200.21
590.21	200.21
600.21	200.21
610.21	200.21
620.21	200.21
630.21	200.21
631.21	631.21
631.21	621.21
631.21	611.21
631.21	601.21
631.21	591.21
631.21	581.21
631.21	571.21
631.21	561.21
631.21	551.21
631.21	541.21
631.21	531.21
631.21	521.21
631.21	511.21
631.21	501.21
631.21	491.21
631.21	481.21
631.21	471.21
631.21	461.21
631.21	451.21
631.21	441.21
631.21	431.21
631.21	421.21
631.21	411.21
631.21	401.21
631.21	391.21
631.21	381.21
631.21	371.21
631.21	361.21
631.21	351.21
631.21	341.21
631.21	331.21
631.21	321.21
631.21	311.21
631.21	301.21
640.21	300.21
640.21	200.21
650.21	300.21
650.21	200.21
660.21	300.21
660.21	200.21
670.21	300.21
670.21	200.21
680.21	300.21
680.21	200.21
690.21	300.21
690.21	200.21
700.21	300.21
700.21	200.21
710.21	300.21
710.21	200.21
720.21	300.21
720.21	200.21
730.21	300.21
730.21	200.21
731.21	731.21
731.21	721.21
731.21	711.21
731.21	701.21
731.21	691.21
731.21	681.21
731.21	671.21
731.21	661.21
731.21	651.21
731.21	641.21
731.21	631.21
731.21	621.21
731.21	611.21
731.21	601.21
731.21	591.21
731.21	581.21
731.21	571.21
731.21	561.21
731.21	551.21
731.21	541.21
731.21	531.21
731.21	521.21
731.21	511.21
731.21	501.21
731.21	491.21
731.21	481.21
731.21	471.21
731.21	461.21
731.21	451.21
731.21	441.21
731.21	431.21
731.21	421.21
731.21	411.21
731.21	401.21
740.21	400.21
740.21	300.21
740.21	200.21
750.21	400.21
750.21	300.21
750.21	200.21
760.21	400.21
760.21	300.21
760.21	200.21
770.21	400.21
770.21	300.21
770.21	200.21
780.21	400.21
780.21	300.21
780.21	200.21
790.21	400.21
790.21	300.21
790.21	200.21
800.21	400.21
800.21	300.21
800.21	200.21
810.21	400.21
810.21	300.21
810.21	200.21
820.21	400.21
820.21	300.21
820.21	200.21
830.21	400.21
830.21	300.21
830.21	200.21
831.21	831.21
831.21	821.21
831.21	811.21
831.21	801.21
831.21	791.21
831.21	781.21
831.21	771.21
831.21	761.21
831.21	751.21
831.21	741.21
831.21	731.21
831.21	721.21
831.21	711.21
831.21	701.21
831.21	691.21
831.21	681.21
831.21	671.21
831.21	661.21
831.21	651.21
831.21	641.21
831.21	631.21
831.21	621.21
831.21	611.21
831.21	601.21
831.21	591.21
831.21	581.21
831.21	571.21
831.21	561.21
831.21	551.21
831.21	541.21
831.21	531.21
831.21	521.21
831.21	511.21
831.21	501.21
840.21	500.21
840.21	400.21
840.21	300.21
840.21	200.21
850.21	500.21
850.21	400.21
850.21	300.21
850.21	200.21
860.21	500.21
860.21	400.21
860.21	300.21
860.21	200.21
870.21	500.21
870.21	400.21
870.21	300.21
870.21	200.21
880.21	500.21
880.21	400.21
880.21	300.21
880.21	200.21
890.21	500.21
890.21	400.21
890.21	300.21
890.21	200.21
900.21	500.21
900.21	400.21
900.21	300.21
900.21	200.21
910.21	500.21
910.21	400.21
910.21	300.21
910.21	200.21
920.21	500.21
920.21	400.21
920.21	300.21
920.21	200.21
930.21	500.21
930.21	400.21
930.21	300.21
930.21	200.21
931.21	931.21
931.21	921.21
931.21	911.21
931.21	901.21
931.21	891.21
931.21	881.21
931.21	871.21
931.21	861.21
931.21	851.21
931.21	841.21
931.21	831.21
931.21	821.21
931.21	811.21
931.21	801.21
931.21	791.21
931.21	781.21
931.21	771.21
931.21	761.21
931.21	751.21
931.21	741.21
931.21	731.21
931.21	721.21
931.21	711.21
931.21	701.21
931.21	691.21
931.21	681.21
931.21	671.21
931.21	661.21
931.21	651.21
931.21	641.21
931.21	631.21
931.21	621.21
931.21	611.21
931.21	601.21
940.21	600.21
940.21	500.21
940.21	400.21
940.21	300.21
940.21	200.21
950.21	600.21
950.21	500.21
950.21	400.21
950.21	300.21
950.21	200.21
960.21	600.21
960.21	500.21
960.21	400.21
960.21	300.21
960.21	200.21
970.21	600.21
970.21	500.21
970.21	400.21
970.21	300.21
970.21	200.21
980.21	600.21
980.21	500.21
980.21	400.21
980.21	300.21
980.21	200.21
990.21	600.21
990.21	500.21
990.21	400.21
990.21	300.21
990.21	200.21
1000.21	600.21
1000.21	500.21
1000.21	400.21
1000.21	300.21
1000.21	200.21
1010.21	600.21
1010.21	500.21
1010.21	400.21
1010.21	300.21
1010.21	200.21
1020.21	600.21
1020.21	500.21
1020.21	400.21
1020.21	300.21
1020.21	200.21
1030.21	600.21
1030.21	500.21
1030.21	400.21
1030.21	300.21
1030.21	200.21
1031.21	1031.21
1031.21	1021.21
1031.21	1011.21
1031.21	1001.21
1031.21	991.21
1031.21	981.21
1031.21	971.21
1031.21	961.21
1031.21	951.21
1031.21	941.21
1031.21	931.21
1031.21	921.21
1031.21	911.21
1031.21	901.21
1031.21	891.21
1031.21	881.21
1031.21	871.21
1031.21	861.21
1031.21	851.21
1031.21	841.21
1031.21	831.21
1031.21	821.21
1031.21	811.21
1031.21	801.21
1031.21	791.21
1031.21	781.21
1031.21	771.21
1031.21	761.21
1031.21	751.21
1031.21	741.21
1031.21	731.21
1031.21	721.21
1031.21	711.21
1031.21	701.21
1040.21	700.21
1040.21	600.21
1040.21	500.21
1040.21	400.21
1040.21	300.21
1040.21	200.21
1050.21	700.21
1050.21	600.21
1050.21	500.21
1050.21	400.21
1050.21	300.21
1050.21	200.21
1060.21	700.21
1060.21	600.21
1060.21	500.21
1060.21	400.21
1060.21	300.21
1060.21	200.21
1070.21	700.21
1070.21	600.21
1070.21	500.21
1070.21	400.21
1070.21	300.21
1070.21	200.21
1080.21	700.21
1080.21	600.21
1080.21	500.21
1080.21	400.21
1080.21	300.21
1080.21	200.21
1090.21	700.21
1090.21	600.21
1090.21	500.21
1090.21	400.21
1090.21	300.21
1090.21	200.21
1100.21	700.21
1100.21	600.21
1100.21	500.21
1100.21	400.21
1100.21	300.21
1100.21	200.21
1110.21	700.21
1110.21	600.21
1110.21	500.21
1110.21	400.21
1110.21	300.21
1110.21	200.21
1120.21	700.21
1120.21	600.21
1120.21	500.21
1120.21	400.21
1120.21	300.21
1120.21	200.21
1130.21	700.21
1130.21	600.21
1130.21	500.21
1130.21	400.21
1130.21	300.21
1130.21	200.21
1131.21	1131.21
1131.21	1121.21
1131.21	1111.21
1131.21	1101.21
1131.21	1091.21
1131.21	1081.21
1131.21	1071.21
1131.21	1061.21
1131.21	1051.21
1131.21	1041.21
1131.21	1031.21
1131.21	1021.21
1131.21	1011.21
1131.21	1001.21
1131.21	991.21
1131.21	981.21
1131.21	971.21
1131.21	961.21
1131.21	951.21
1131.21	941.21
1131.21	931.21
1131.21	921.21
1131.21	911.21
1131.21	901.21
1131.21	891.21
1131.21	881.21
1131.21	871.21
1131.21	861.21
1131.21	851.21
1131.21	841.21
1131.21	831.21
1131.21	821.21
1131.21	811.21
1131.21	801.21
1140.21	800.21
1140.21	700.21
1140.21	600.21
1140.21	500.21
1140.21	400.21
1140.21	300.21
1140.21	200.21
1150.21	800.21
1150.21	700.21
1150.21	600.21
1150.21	500.21
1150.21	400.21
1150.21	300.21
1150.21	200.21
1160.21	800.21
1160.21	700.21
1160.21	600.21
1160.21	500.21
1160.21	400.21
1160.21	300.21
1160.21	200.21
1170.21	800.21
1170.21	700.21
1170.21	600.21
1170.21	500.21
1170.21	400.21
1170.21	300.21
1170.21	200.21
1180.21	800.21
1180.21	700.21
1180.21	600.21
1180.21	500.21
1180.21	400.21
1180.21	300.21
1180.21	200.21
1190.21	800.21
1190.21	700.21
1190.21	600.21
1190.21	500.21
1190.21	400.21
1190.21	300.21
1190.21	200.21
1200.21	800.21
1200.21	700.21
1200.21	600.21
1200.21	500.21
1200.21	400.21
1200.21	300.21
1200.21	200.21
1210.21	800.21
1210.21	700.21
1210.21	600.21
1210.21	500.21
1210.21	400.21
1210.21	300.21
1210.21	200.21
1220.21	800.21
1220.21	700.21
1220.21	600.21
1220.21	500.21
1220.21	400.21
1220.21	300.21
1220.21	200.21
1230.21	800.21
1230.21	700.21
1230.21	600.21
1230.21	500.21
1230.21	400.21
1230.21	300.21
1230.21	200.21
1231.21	1231.21
1231.21	1221.21
1231.21	1211.21
1231.21	1201.21
1231.21	1191.21
1231.21	1181.21
1231.21	1171.21
1231.21	1161.21
1231.21	1151.21
1231.21	1141.21
1231.21	1131.21
1231.21	1121.21
1231.21	1111.21
1231.21	1101.21
1231.21	1091.21
1231.21	1081.21
1231.21	1071.21
1231.21	1061.21
1231.21	1051.21
1231.21	1041.21
1231.21	1031.21
1231.21	1021.21
1231.21	1011.21
1231.21	1001.21
1231.21	991.21
1231.21	981.21
1231.21	971.21
1231.21	961.21
1231.21	951.21
1231.21	941.21
1231.21	931.21
1231.21	921.21
1231.21	911.21
1231.21	901.21
1240.21	900.21
1240.21	800.21
1240.21	700.21
1240.21	600.21
1240.21	500.21
1240.21	400.21
1240.21	300.21
1240.21	200.21
1250.21	900.21
1250.21	800.21
1250.21	700.21
1250.21	600.21
1250.21	500.21
1250.21	400.21
1250.21	300.21
1250.21	200.21
1260.21	900.21
1260.21	800.21
1260.21	700.21
1260.21	600.21
1260.21	500.21
1260.21	400.21
1260.21	300.21
1260.21	200.21
1270.21	900.21
1270.21	800.21
1270.21	700.21
1270.21	600.21
1270.21	500.21
1270.21	400.21
1270.21	300.21
1270.21	200.21
1280.21	900.21
1280.21	800.21
1280.21	700.21
1280.21	600.21
1280.21	500.21
1280.21	400.21
1280.21	300.21
1280.21	200.21
1290.21	900.21
1290.21	800.21
1290.21	700.21
1290.21	600.21
1290.21	500.21
1290.21	400.21
1290.21	300.21
1290.21	200.21
1300.21	900.21
1300.21	800.21
1300.21	700.21
1300.21	600.21
1300.21	500.21
1300.21	400.21
1300.21	300.21
1300.21	200.21
1310.21	900.21
1310.21	800.21
1310.21	700.21
1310.21	600.21
1310.21	500.21
1310.21	400.21
1310.21	300.21
1310.21	200.21
1320.21	900.21
1320.21	800.21
1320.21	700.21
1320.21	600.21
1320.21	500.21
1320.21	400.21
1320.21	300.21
1320.21	200.21
1330.21	900.21
1330.21	800.21
1330.21	700.21
1330.21	600.21
1330.21	500.21
1330.21	400.21
1330.21	300.21
1330.21	200.21
1331.21	1331.21
1331.21	1321.21
1331.21	1311.21
1331.21	1301.21
1331.21	1291.21
1331.21	1281.21
1331.21	1271.21
1331.21	1261.21
1331.21	1251.21
1331.21	1241.21
1331.21	1231.21
1331.21	1221.21
1331.21	1211.21
1331.21	1201.21
1331.21	1191.21
1331.21	1181.21
1331.21	1171.21
1331.21	1161.21
1331.21	1151.21
1331.21	1141.21
1331.21	1131.21
1331.21	1121.21
1331.21	1111.21
1331.21	1101.21
1331.21	1091.21
1331.21	1081.21
1331.21	1071.21
1331.21	1061.21
1331.21	1051.21
1331.21	1041.21
1331.21	1031.21
1331.21	1021.21
1331.21	1011.21
1331.21	1001.21
1340.21	1000.21
1340.21	900.21
1340.21	800.21
1340.21	700.21
1340.21	600.21
1340.21	500.21
1340.21	400.21
1340.21	300.21
1340.21	200.21
1350.21	1000.21
1350.21	900.21
1350.21	800.21
1350.21	700.21
1350.21	600.21
1350.21	500.21
1350.21	400.21
1350.21	300.21
1350.21	200.21
1360.21	1000.21
1360.21	900.21
1360.21	800.21
1360.21	700.21
1360.21	600.21
1360.21	500.21
1360.21	400.21
1360.21	300.21
1360.21	200.21
1370.21	1000.21
1370.21	900.21
1370.21	800.21
1370.21	700.21
1370.21	600.21
1370.21	500.21
1370.21	400.21
1370.21	300.21
1370.21	200.21
1380.21	1000.21
1380.21	900.21
1380.21	800.21
1380.21	700.21
1380.21	600.21
1380.21	500.21
1380.21	400.21
1380.21	300.21
1380.21	200.21
1390.21	1000.21
1390.21	900.21
1390.21	800.21
1390.21	700.21
1390.21	600.21
1390.21	500.21
1390.21	400.21
1390.21	300.21
1390.21	200.21
1400.21	1000.21
1400.21	900.21
1400.21	800.21
1400.21	700.21
1400.21	600.21
1400.21	500.21
1400.21	400.21
1400.21	300.21
1400.21	200.21
1410.21	1000.21
1410.21	900.21
1410.21	800.21
1410.21	700.21
1410.21	600.21
1410.21	500.21
1410.21	400.21
1410.21	300.21
1410.21	200.21
1420.21	1000.21
1420.21	900.21
1420.21	800.21
1420.21	700.21
1420.21	600.21
1420.21	500.21
1420.21	400.21
1420.21	300.21
1420.21	200.21
1430.21	1000.21
1430.21	900.21
1430.21	800.21
1430.21	700.21
1430.21	600.21
1430.21	500.21
1430.21	400.21
1430.21	300.21
1430.21	200.21
1431.21	1431.21
1431.21	1421.21
1431.21	1411.21
1431.21	1401.21
1431.21	1391.21
1431.21	1381.21
1431.21	1371.21
1431.21	1361.21
1431.21	1351.21
1431.21	1341.21
1431.21	1331.21
1431.21	1321.21
1431.21	1311.21
1431.21	1301.21
1431.21	1291.21
1431.21	1281.21
1431.21	1271.21
1431.21	1261.21
1431.21	1251.21
1431.21	1241.21
1431.21	1231.21
1431.21	1221.21
1431.21	1211.21
1431.21	1201.21
1431.21	1191.21
1431.21	1181.21
1431.21	1171.21
1431.21	1161.21
1431.21	1151.21
1431.21	1141.21
1431.21	1131.21
1431.21	1121.21
1431.21	1111.21
1431.21	1101.21
1440.21	1100.21
1440.21	1000.21
1440.21	900.21
1440.21	800.21
1440.21	700.21
1440.21	600.21
1440.21	500.21
1440.21	400.21
1440.21	300.21
1440.21	200.21
1450.21	1100.21
1450.21	1000.21
1450.21	900.21
1450.21	800.21
1450.21	700.21
1450.21	600.21
1450.21	500.21
1450.21	400.21
1450.21	300.21
1450.21	200.21
1460.21	1100.21
1460.21	1000.21
1460.21	900.21
1460.21	800.21
1460.21	700.21
1460.21	600.21
1460.21	500.21
1460.21	400.21
1460.21	300.21
1460.21	200.21
1470.21	1100.21
1470.21	1000.21
1470.21	900.21
1470.21	800.21
1470.21	700.21
1470.21	600.21
1470.21	500.21
1470.21	400.21
1470.21	300.21
1470.21	200.21
1480.21	1100.21
1480.21	1000.21
1480.21	900.21
1480.21	800.21
1480.21	700.21
1480.21	600.21
1480.21	500.21
1480.21	400.21
1480.21	300.21
1480.21	200.21
1490.21	1100.21
1490.21	1000.21
1490.21	900.21
1490.21	800.21
1490.21	700.21
1490.21	600.21
1490.21	500.21
1490.21	400.21
1490.21	300.21
1490.21	200.21
1500.21	1100.21
1500.21	1000.21
1500.21	900.21
1500.21	800.21
1500.21	700.21
1500.21	600.21
1500.21	500.21
1500.21	400.21
1500.21	300.21
1500.21	200.21
1510.21	1100.21
1510.21	1000.21
1510.21	900.21
1510.21	800.21
1510.21	700.21
1510.21	600.21
1510.21	500.21
1510.21	400.21
1510.21	300.21
1510.21	200.21
1520.21	1100.21
1520.21	1000.21
1520.21	900.21
1520.21	800.21
1520.21	700.21
1520.21	600.21
1520.21	500.21
1520.21	400.21
1520.21	300.21
1520.21	200.21
1530.21	1100.21
1530.21	1000.21
1530.21	900.21
1530.21	800.21
1530.21	700.21
1530.21	600.21
1530.21	500.21
1530.21	400.21
1530.21	300.21
1530.21	200.21
1531.21	1531.21
1531.21	1521.21
1531.21	1511.21
1531.21	1501.21
1531.21	1491.21
1531.21	1481.21
1531.21	1471.21
1531.21	1461.21
1531.21	1451.21
1531.21	1441.21
1531.21	1431.21
1531.21	1421.21
1531.21	1411.21
1531.21	1401.21
1531.21	1391.21
1531.21	1381.21
1531.21	1371.21
1531.21	1361.21
1531.21	1351.21
1531.21	1341.21
1531.21	1331.21
1531.21	1321.21
1531.21	1311.21
1531.21	1301.21
1531.21	1291.21
1531.21	1281.21
1531.21	1271.21
1531.21	1261.21
1531.21	1251.21
1531.21	1241.21
1531.21	1231.21
1531.21	1221.21
1531.21	1211.21
1531.21	1201.21
1540.21	1200.21
1540.21	1100.21
1540.21	1000.21
1540.21	900.21
1540.21	800.21
1540.21	700.21
1540.21	600.21
1540.21	500.21
1540.21	400.21
1540.21	300.21
1540.21	200.21
1550.21	1200.21
1550.21	1100.21
1550.21	1000.21
1550.21	900.21
1550.21	800.21
1550.21	700.21
1550.21	600.21
1550.21	500.21
1550.21	400.21
1550.21	300.21
1550.21	200.21
1560.21	1200.21
1560.21	1100.21
1560.21	1000.21
1560.21	900.21
1560.21	800.21
1560.21	700.21
1560.21	600.21
1560.21	500.21
1560.21	400.21
1560.21	300.21
1560.21	200.21
1570.21	1200.21
1570.21	1100.21
1570.21	1000.21
1570.21	900.21
1570.21	800.21
1570.21	700.21
1570.21	600.21
1570.21	500.21
1570.21	400.21
1570.21	300.21
1570.21	200.21
1580.21	1200.21
1580.21	1100.21
1580.21	1000.21
1580.21	900.21
1580.21	800.21
1580.21	700.21
1580.21	600.21
1580.21	500.21
1580.21	400.21
1580.21	300.21
1580.21	200.21
1590.21	1200.21
1590.21	1100.21
1590.21	1000.21
1590.21	900.21
1590.21	800.21
1590.21	700.21
1590.21	600.21
1590.21	500.21
1590.21	400.21
1590.21	300.21
1590.21	200.21
1600.21	1200.21
1600.21	1100.21
1600.21	1000.21
1600.21	900.21
1600.21	800.21
1600.21	700.21
1600.21	600.21
1600.21	500.21
1600.21	400.21
1600.21	300.21
1600.21	200.21
1610.21	1200.21
1610.21	1100.21
1610.21	1000.21
1610.21	900.21
1610.21	800.21
1610.21	700.21
1610.21	600.21
1610.21	500.21
1610.21	400.21
1610.21	300.21
1610.21	200.21
1620.21	1200.21
1620.21	1100.21
1620.21	1000.21
1620.21	900.21
1620.21	800.21
1620.21	700.21
1620.21	600.21
1620.21	500.21
1620.21	400.21
1620.21	300.21
1620.21	200.21
1630.21	1200.21
1630.21	1100.21
1630.21	1000.21
1630.21	900.21
1630.21	800.21
1630.21	700.21
1630.21	600.21
1630.21	500.21
1630.21	400.21
1630.21	300.21
1630.21	200.21
1631.21	1631.21
1631.21	1621.21
1631.21	1611.21
1631.21	1601.21
1631.21	1591.21
1631.21	1581.21
1631.21	1571.21
1631.21	1561.21
1631.21	1551.21
1631.21	1541.21
1631.21	1531.21
1631.21	1521.21
1631.21	1511.21
1631.21	1501.21
1631.21	1491.21
1631.21	1481.21
1631.21	1471.21
1631.21	1461.21
1631.21	1451.21
1631.21	1441.21
1631.21	1431.21
1631.21	1421.21
1631.21	1411.21
1631.21	1401.21
1631.21	1391.21
1631.21	1381.21
1631.21	1371.21
1631.21	1361.21
1631.21	1351.21
1631.21	1341.21
1631.21	1331.21
1631.21	1321.21
1631.21	1311.21
1631.21	1301.21
1640.21	1300.21
1640.21	1200.21
1640.21	1100.21
1640.21	1000.21
1640.21	900.21
1640.21	800.21
1640.21	700.21
1640.21	600.21
1640.21	500.21
1640.21	400.21
1640.21	300.21
1640.21	200.21
1650.21	1300.21
1650.21	1200.21
1650.21	1100.21
1650.21	1000.21
1650.21	900.21
1650.21	800.21
1650.21	700.21
1650.21	600.21
1650.21	500.21
1650.21	400.21
1650.21	300.21
1650.21	200.21
1660.21	1300.21
1660.21	1200.21
1660.21	1100.21
1660.21	1000.21
1660.21	900.21
1660.21	800.21
1660.21	700.21
1660.21	600.21
1660.21	500.21
1660.21	400.21
1660.21	300.21
1660.21	200.21
1670.21	1300.21
1670.21	1200.21
1670.21	1100.21
1670.21	1000.21
1670.21	900.21
1670.21	800.21
1670.21	700.21
1670.21	600.21
1670.21	500.21
1670.21	400.21
1670.21	300.21
1670.21	200.21
1680.21	1300.21
1680.21	1200.21
1680.21	1100.21
1680.21	1000.21
1680.21	900.21
1680.21	800.21
1680.21	700.21
1680.21	600.21
1680.21	500.21
1680.21	400.21
1680.21	300.21
1680.21	200.21
1690.21	1300.21
1690.21	1200.21
1690.21	1100.21
1690.21	1000.21
1690.21	900.21
1690.21	800.21
1690.21	700.21
1690.21	600.21
1690.21	500.21
1690.21	400.21
1690.21	300.21
1690.21	200.21
1700.21	1300.21
1700.21	1200.21
1700.21	1100.21
1700.21	1000.21
1700.21	900.21
1700.21	800.21
1700.21	700.21
1700.21	600.21
1700.21	500.21
1700.21	400.21
1700.21	300.21
1700.21	200.21
1710.21	1300.21
1710.21	1200.21
1710.21	1100.21
1710.21	1000.21
1710.21	900.21
1710.21	800.21
1710.21	700.21
1710.21	600.21
1710.21	500.21
1710.21	400.21
1710.21	300.21
1710.21	200.21
1720.21	1300.21
1720.21	1200.21
1720.21	1100.21
1720.21	1000.21
1720.21	900.21
1720.21	800.21
1720.21	700.21
1720.21	600.21
1720.21	500.21
1720.21	400.21
1720.21	300.21
1720.21	200.21
1730.21	1300.21
1730.21	1200.21
1730.21	1100.21
1730.21	1000.21
1730.21	900.21
1730.21	800.21
1730.21	700.21
1730.21	600.21
1730.21	500.21
1730.21	400.21
1730.21	300.21
1730.21	200.21
1731.21	1731.21
1731.21	1721.21
1731.21	1711.21
1731.21	1701.21
1731.21	1691.21
1731.21	1681.21
1731.21	1671.21
1731.21	1661.21
1731.21	1651.21
1731.21	1641.21
1731.21	1631.21
1731.21	1621.21
1731.21	1611.21
1731.21	1601.21
1731.21	1591.21
1731.21	1581.21
1731.21	1571.21
1731.21	1561.21
1731.21	1551.21
1731.21	1541.21
1731.21	1531.21
1731.21	1521.21
1731.21	1511.21
1731.21	1501.21
1731.21	1491.21
1731.21	1481.21
1731.21	1471.21
1731.21	1461.21
1731.21	1451.21
1731.21	1441.21
1731.21	1431.21
1731.21	1421.21
1731.21	1411.21
1731.21	1401.21
1740.21	1400.21
1740.21	1300.21
1740.21	1200.21
1740.21	1100.21
1740.21	1000.21
1740.21	900.21
1740.21	800.21
1740.21	700.21
1740.21	600.21
1740.21	500.21
1740.21	400.21
1740.21	300.21
1740.21	200.21
1750.21	1400.21
1750.21	1300.21
1750.21	1200.21
1750.21	1100.21
1750.21	1000.21
1750.21	900.21
1750.21	800.21
1750.21	700.21
1750.21	600.21
1750.21	500.21
1750.21	400.21
1750.21	300.21
1750.21	200.21
1760.21	1400.21
1760.21	1300.21
1760.21	1200.21
1760.21	1100.21
1760.21	1000.21
1760.21	900.21
1760.21	800.21
1760.21	700.21
1760.21	600.21
1760.21	500.21
1760.21	400.21
1760.21	300.21
1760.21	200.21
1770.21	1400.21
1770.21	1300.21
1770.21	1200.21
1770.21	1100.21
1770.21	1000.21
1770.21	900.21
1770.21	800.21
1770.21	700.21
1770.21	600.21
1770.21	500.21
1770.21	400.21
1770.21	300.21
1770.21	200.21
1780.21	1400.21
1780.21	1300.21
1780.21	1200.21
1780.21	1100.21
1780.21	1000.21
1780.21	900.21
1780.21	800.21
1780.21	700.21
1780.21	600.21
1780.21	500.21
1780.21	400.21
1780.21	300.21
1780.21	200.21
1790.21	1400.21
1790.21	1300.21
1790.21	1200.21
1790.21	1100.21
1790.21	1000.21
1790.21	900.21
1790.21	800.21
1790.21	700.21
1790.21	600.21
1790.21	500.21
1790.21	400.21
1790.21	300.21
1790.21	200.21
1800.21	1400.21
1800.21	1300.21
1800.21	1200.21
1800.21	1100.21
1800.21	1000.21
1800.21	900.21
1800.21	800.21
1800.21	700.21
1800.21	600.21
1800.21	500.21
1800.21	400.21
1800.21	300.21
1800.21	200.21
1810.21	1400.21
1810.21	1300.21
1810.21	1200.21
1810.21	1100.21
1810.21	1000.21
1810.21	900.21
1810.21	800.21
1810.21	700.21
1810.21	600.21
1810.21	500.21
1810.21	400.21
1810.21	300.21
1810.21	200.21
1820.21	1400.21
1820.21	1300.21
1820.21	1200.21
1820.21	1100.21
1820.21	1000.21
1820.21	900.21
1820.21	800.21
1820.21	700.21
1820.21	600.21
1820.21	500.21
1820.21	400.21
1820.21	300.21
1820.21	200.21
1830.21	1400.21
1830.21	1300.21
1830.21	1200.21
1830.21	1100.21
1830.21	1000.21
1830.21	900.21
1830.21	800.21
1830.21	700.21
1830.21	600.21
1830.21	500.21
1830.21	400.21
1830.21	300.21
1830.21	200.21
1831.21	1831.21
1831.21	1821.21
1831.21	1811.21
1831.21	1801.21
1831.21	1791.21
1831.21	1781.21
1831.21	1771.21
1831.21	1761.21
1831.21	1751.21
1831.21	1741.21
1831.21	1731.21
1831.21	1721.21
1831.21	1711.21
1831.21	1701.21
1831.21	1691.21
1831.21	1681.21
1831.21	1671.21
1831.21	1661.21
1831.21	1651.21
1831.21	1641.21
1831.21	1631.21
1831.21	1621.21
1831.21	1611.21
1831.21	1601.21
1831.21	1591.21
1831.21	1581.21
1831.21	1571.21
1831.21	1561.21
1831.21	1551.21
1831.21	1541.21
1831.21	1531.21
1831.21	1521.21
1831.21	1511.21
1831.21	1501.21
1840.21	1500.21
1840.21	1400.21
1840.21	1300.21
1840.21	1200.21
1840.21	1100.21
1840.21	1000.21
1840.21	900.21
1840.21	800.21
1840.21	700.21
1840.21	600.21
1840.21	500.21
1840.21	400.21
1840.21	300.21
1840.21	200.21
1850.21	1500.21
1850.21	1400.21
1850.21	1300.21
1850.21	1200.21
1850.21	1100.21
1850.21	1000.21
1850.21	900.21
1850.21	800.21
1850.21	700.21
1850.21	600.21
1850.21	500.21
1850.21	400.21
1850.21	300.21
1850.21	200.21
1860.21	1500.21
1860.21	1400.21
1860.21	1300.21
1860.21	1200.21
1860.21	1100.21
1860.21	1000.21
1860.21	900.21
1860.21	800.21
1860.21	700.21
1860.21	600.21
1860.21	500.21
1860.21	400.21
1860.21	300.21
1860.21	200.21
1870.21	1500.21
1870.21	1400.21
1870.21	1300.21
1870.21	1200.21
1870.21	1100.21
1870.21	1000.21
1870.21	900.21
1870.21	800.21
1870.21	700.21
1870.21	600.21
1870.21	500.21
1870.21	400.21
1870.21	300.21
1870.21	200.21
1880.21	1500.21
1880.21	1400.21
1880.21	1300.21
1880.21	1200.21
1880.21	1100.21
1880.21	1000.21
1880.21	900.21
1880.21	800.21
1880.21	700.21
1880.21	600.21
1880.21	500.21
1880.21	400.21
1880.21	300.21
1880.21	200.21
1890.21	1500.21
1890.21	1400.21
1890.21	1300.21
1890.21	1200.21
1890.21	1100.21
1890.21	1000.21
1890.21	900.21
1890.21	800.21
1890.21	700.21
1890.21	600.21
1890.21	500.21
1890.21	400.21
1890.21	300.21
1890.21	200.21
1900.21	1500.21
1900.21	1400.21
1900.21	1300.21
1900.21	1200.21
1900.21	1100.21
1900.21	1000.21
1900.21	900.21
1900.21	800.21
1900.21	700.21
1900.21	600.21
1900.21	500.21
1900.21	400.21
1900.21	300.21
1900.21	200.21
1910.21	1500.21
1910.21	1400.21
1910.21	1300.21
1910.21	1200.21
1910.21	1100.21
1910.21	1000.21
1910.21	900.21
1910.21	800.21
1910.21	700.21
1910.21	600.21
1910.21	500.21
1910.21	400.21
1910.21	300.21
1910.21	200.21
1920.21	1500.21
1920.21	1400.21
1920.21	1300.21
1920.21	1200.21
1920.21	1100.21
1920.21	1000.21
1920.21	900.21
1920.21	800.21
1920.21	700.21
1920.21	600.21
1920.21	500.21
1920.21	400.21
1920.21	300.21
1920.21	200.21
1930.21	1500.21
1930.21	1400.21
1930.21	1300.21
1930.21	1200.21
1930.21	1100.21
1930.21	1000.21
1930.21	900.21
1930.21	800.21
1930.21	700.21
1930.21	600.21
1930.21	500.21
1930.21	400.21
1930.21	300.21
1930.21	200.21
1931.21	1931.21
1931.21	1921.21
1931.21	1911.21
1931.21	1901.21
1931.21	1891.21
1931.21	1881.21
1931.21	1871.21
1931.21	1861.21
1931.21	1851.21
1931.21	1841.21
1931.21	1831.21
1931.21	1821.21
1931.21	1811.21
1931.21	1801.21
1931.21	1791.21
1931.21	1781.21
1931.21	1771.21
1931.21	1761.21
1931.21	1751.21
1931.21	1741.21
1931.21	1731.21
1931.21	1721.21
1931.21	1711.21
1931.21	1701.21
1931.21	1691.21
1931.21	1681.21
1931.21	1671.21
1931.21	1661.21
1931.21	1651.21
1931.21	1641.21
1931.21	1631.21
1931.21	1621.21
1931.21	1611.21
1931.21	1601.21
1940.21	1600.21
1940.21	1500.21
1940.21	1400.21
1940.21	1300.21
1940.21	1200.21
1940.21	1100.21
1940.21	1000.21
1940.21	900.21
1940.21	800.21
1940.21	700.21
1940.21	600.21
1940.21	500.21
1940.21	400.21
1940.21	300.21
1940.21	200.21
1950.21	1600.21
1950.21	1500.21
1950.21	1400.21
1950.21	1300.21
1950.21	1200.21
1950.21	1100.21
1950.21	1000.21
1950.21	900.21
1950.21	800.21
1950.21	700.21
1950.21	600.21
1950.21	500.21
1950.21	400.21
1950.21	300.21
1950.21	200.21
1960.21	1600.21
1960.21	1500.21
1960.21	1400.21
1960.21	1300.21
1960.21	1200.21
1960.21	1100.21
1960.21	1000.21
1960.21	900.21
1960.21	800.21
1960.21	700.21
1960.21	600.21
1960.21	500.21
1960.21	400.21
1960.21	300.21
1960.21	200.21
1970.21	1600.21
1970.21	1500.21
1970.21	1400.21
1970.21	1300.21
1970.21	1200.21
1970.21	1100.21
1970.21	1000.21
1970.21	900.21
1970.21	800.21
1970.21	700.21
1970.21	600.21
1970.21	500.21
1970.21	400.21
1970.21	300.21
1970.21	200.21
1980.21	1600.21
1980.21	1500.21
1980.21	1400.21
1980.21	1300.21
1980.21	1200.21
1980.21	1100.21
1980.21	1000.21
1980.21	900.21
1980.21	800.21
1980.21	700.21
1980.21	600.21
1980.21	500.21
1980.21	400.21
1980.21	300.21
1980.21	200.21
1990.21	1600.21
1990.21	1500.21
1990.21	1400.21
1990.21	1300.21
1990.21	1200.21
1990.21	1100.21
1990.21	1000.21
1990.21	900.21
1990.21	800.21
1990.21	700.21
1990.21	600.21
1990.21	500.21
1990.21	400.21
1990.21	300.21
1990.21	200.21
2000.21	1600.21
2000.21	1500.21
2000.21	1400.21
2000.21	1300.21
2000.21	1200.21
2000.21	1100.21
2000.21	1000.21
2000.21	900.21
2000.21	800.21
2000.21	700.21
2000.21	600.21
2000.21	500.21
2000.21	400.21
2000.21	300.21
2000.21	200.21
2010.21	1600.21
2010.21	1500.21
2010.21	1400.21
2010.21	1300.21
2010.21	1200.21
2010.21	1100.21
2010.21	1000.21
2010.21	900.21
2010.21	800.21
2010.21	700.21
2010.21	600.21
2010.21	500.21
2010.21	400.21
2010.21	300.21
2010.21	200.21
2020.21	1600.21
2020.21	1500.21
2020.21	1400.21
2020.21	1300.21
2020.21	1200.21
2020.21	1100.21
2020.21	1000.21
2020.21	900.21
2020.21	800.21
2020.21	700.21
2020.21	600.21
2020.21	500.21
2020.21	400.21
2020.21	300.21
2020.21	200.21
2030.21	1600.21
2030.21	1500.21
2030.21	1400.21
2030.21	1300.21
2030.21	1200.21
2030.21	1100.21
2030.21	1000.21
2030.21	900.21
2030.21	800.21
2030.21	700.21
2030.21	600.21
2030.21	500.21
2030.21	400.21
2030.21	300.21
2030.21	200.21
2031.21	2031.21
2031.21	2021.21
2031.21	2011.21
2031.21	2001.21
2031.21	1991.21
2031.21	1981.21
2031.21	1971.21
2031.21	1961.21
2031.21	1951.21
2031.21	1941.21
2031.21	1931.21
2031.21	1921.21
2031.21	1911.21
2031.21	1901.21
2031.21	1891.21
2031.21	1881.21
2031.21	1871.21
2031.21	1861.21
2031.21	1851.21
2031.21	1841.21
2031.21	1831.21
2031.21	1821.21
2031.21	1811.21
2031.21	1801.21
2031.21	1791.21
2031.21	1781.21
2031.21	1771.21
2031.21	1761.21
2031.21	1751.21
2031.21	1741.21
2031.21	1731.21
2031.21	1721.21
2031.21	1711.21
2031.21	1701.21
2040.21	1700.21
2040.21	1600.21
2040.21	1500.21
2040.21	1400.21
2040.21	1300.21
2040.21	1200.21
2040.21	1100.21
2040.21	1000.21
2040.21	900.21
2040.21	800.21
2040.21	700.21
2040.21	600.21
2040.21	500.21
2040.21	400.21
2040.21	300.21
2040.21	200.21
2050.21	1700.21
2050.21	1600.21
2050.21	1500.21
2050.21	1400.21
2050.21	1300.21
2050.21	1200.21
2050.21	1100.21
2050.21	1000.21
2050.21	900.21
2050.21	800.21
2050.21	700.21
2050.21	600.21
2050.21	500.21
2050.21	400.21
2050.21	300.21
2050.21	200.21
2060.21	1700.21
2060.21	1600.21
2060.21	1500.21
2060.21	1400.21
2060.21	1300.21
2060.21	1200.21
2060.21	1100.21
2060.21	1000.21
2060.21	900.21
2060.21	800.21
2060.21	700.21
2060.21	600.21
2060.21	500.21
2060.21	400.21
2060.21	300.21
2060.21	200.21
2070.21	1700.21
2070.21	1600.21
2070.21	1500.21
2070.21	1400.21
2070.21	1300.21
2070.21	1200.21
2070.21	1100.21
2070.21	1000.21
2070.21	900.21
2070.21	800.21
2070.21	700.21
2070.21	600.21
2070.21	500.21
2070.21	400.21
2070.21	300.21
2070.21	200.21
2080.21	1700.21
2080.21	1600.21
2080.21	1500.21
2080.21	1400.21
2080.21	1300.21
2080.21	1200.21
2080.21	1100.21
2080.21	1000.21
2080.21	900.21
2080.21	800.21
2080.21	700.21
2080.21	600.21
2080.21	500.21
2080.21	400.21
2080.21	300.21
2080.21	200.21
2090.21	1700.21
2090.21	1600.21
2090.21	1500.21
2090.21	1400.21
2090.21	1300.21
2090.21	1200.21
2090.21	1100.21
2090.21	1000.21
2090.21	900.21
2090.21	800.21
2090.21	700.21
2090.21	600.21
2090.21	500.21
2090.21	400.21
2090.21	300.21
2090.21	200.21
2100.21	1700.21
2100.21	1600.21
2100.21	1500.21
2100.21	1400.21
2100.21	1300.21
2100.21	1200.21
2100.21	1100.21
2100.21	1000.21
2100.21	900.21
2100.21	800.21
2100.21	700.21
2100.21	600.21
2100.21	500.21
2100.21	400.21
2100.21	300.21
2100.21	200.21
2110.21	1700.21
2110.21	1600.21
2110.21	1500.21
2110.21	1400.21
2110.21	1300.21
2110.21	1200.21
2110.21	1100.21
2110.21	1000.21
2110.21	900.21
2110.21	800.21
2110.21	700.21
2110.21	600.21
2110.21	500.21
2110.21	400.21
2110.21	300.21
2110.21	200.21
2120.21	1700.21
2120.21	1600.21
2120.21	1500.21
2120.21	1400.21
2120.21	1300.21
2120.21	1200.21
2120.21	1100.21
2120.21	1000.21
2120.21	900.21
2120.21	800.21
2120.21	700.21
2120.21	600.21
2120.21	500.21
2120.21	400.21
2120.21	300.21
2120.21	200.21
2130.21	1700.21
2130.21	1600.21
2130.21	1500.21
2130.21	1400.21
2130.21	1300.21
2130.21	1200.21
2130.21	1100.21
2130.21	1000.21
2130.21	900.21
2130.21	800.21
2130.21	700.21
2130.21	600.21
2130.21	500.21
2130.21	400.21
2130.21	300.21
2130.21	200.21
2131.21	2131.21
2131.21	2121.21
2131.21	2111.21
2131.21	2101.21
2131.21	2091.21
2131.21	2081.21
2131.21	2071.21
2131.21	2061.21
2131.21	2051.21
2131.21	2041.21
2131.21	2031.21
2131.21	2021.21
2131.21	2011.21
2131.21	2001.21
2131.21	1991.21
2131.21	1981.21
2131.21	1971.21
2131.21	1961.21
2131.21	1951.21
2131.21	1941.21
2131.21	1931.21
2131.21	1921.21
2131.21	1911.21
2131.21	1901.21
2131.21	1891.21
2131.21	1881.21
2131.21	1871.21
2131.21	1861.21
2131.21	1851.21
2131.21	1841.21
2131.21	1831.21
2131.21	1821.21
2131.21	1811.21
2131.21	1801.21
2140.21	1800.21
2140.21	1700.21
2140.21	1600.21
2140.21	1500.21
2140.21	1400.21
2140.21	1300.21
2140.21	1200.21
2140.21	1100.21
2140.21	1000.21
2140.21	900.21
2140.21	800.21
2140.21	700.21
2140.21	600.21
2140.21	500.21
2140.21	400.21
2140.21	300.21
2140.21	200.21
2150.21	1800.21
2150.21	1700.21
2150.21	1600.21
2150.21	1500.21
2150.21	1400.21
2150.21	1300.21
2150.21	1200.21
2150.21	1100.21
2150.21	1000.21
2150.21	900.21
2150.21	800.21
2150.21	700.21
2150.21	600.21
2150.21	500.21
2150.21	400.21
2150.21	300.21
2150.21	200.21
2160.21	1800.21
2160.21	1700.21
2160.21	1600.21
2160.21	1500.21
2160.21	1400.21
2160.21	1300.21
2160.21	1200.21
2160.21	1100.21
2160.21	1000.21
2160.21	900.21
2160.21	800.21
2160.21	700.21
2160.21	600.21
2160.21	500.21
2160.21	400.21
2160.21	300.21
2160.21	200.21
2170.21	1800.21
2170.21	1700.21
2170.21	1600.21
2170.21	1500.21
2170.21	1400.21
2170.21	1300.21
2170.21	1200.21
2170.21	1100.21
2170.21	1000.21
2170.21	900.21
2170.21	800.21
2170.21	700.21
2170.21	600.21
2170.21	500.21
2170.21	400.21
2170.21	300.21
2170.21	200.21
2180.21	1800.21
2180.21	1700.21
2180.21	1600.21
2180.21	1500.21
2180.21	1400.21
2180.21	1300.21
2180.21	1200.21
2180.21	1100.21
2180.21	1000.21
2180.21	900.21
2180.21	800.21
2180.21	700.21
2180.21	600.21
2180.21	500.21
2180.21	400.21
2180.21	300.21
2180.21	200.21
2190.21	1800.21
2190.21	1700.21
2190.21	1600.21
2190.21	1500.21
2190.21	1400.21
2190.21	1300.21
2190.21	1200.21
2190.21	1100.21
2190.21	1000.21
2190.21	900.21
2190.21	800.21
2190.21	700.21
2190.21	600.21
2190.21	500.21
2190.21	400.21
2190.21	300.21
2190.21	200.21
2200.21	1800.21
2200.21	1700.21
2200.21	1600.21
2200.21	1500.21
2200.21	1400.21
2200.21	1300.21
2200.21	1200.21
2200.21	1100.21
2200.21	1000.21
2200.21	900.21
2200.21	800.21
2200.21	700.21
2200.21	600.21
2200.21	500.21
2200.21	400.21
2200.21	300.21
2200.21	200.21
2210.21	1800.21
2210.21	1700.21
2210.21	1600.21
2210.21	1500.21
2210.21	1400.21
2210.21	1300.21
2210.21	1200.21
2210.21	1100.21
2210.21	1000.21
2210.21	900.21
2210.21	800.21
2210.21	700.21
2210.21	600.21
2210.21	500.21
2210.21	400.21
2210.21	300.21
2210.21	200.21
2220.21	1800.21
2220.21	1700.21
2220.21	1600.21
2220.21	1500.21
2220.21	1400.21
2220.21	1300.21
2220.21	1200.21
2220.21	1100.21
2220.21	1000.21
2220.21	900.21
2220.21	800.21
2220.21	700.21
2220.21	600.21
2220.21	500.21
2220.21	400.21
2220.21	300.21
2220.21	200.21
2230.21	1800.21
2230.21	1700.21
2230.21	1600.21
2230.21	1500.21
2230.21	1400.21
2230.21	1300.21
2230.21	1200.21
2230.21	1100.21
2230.21	1000.21
2230.21	900.21
2230.21	800.21
2230.21	700.21
2230.21	600.21
2230.21	500.21
2230.21	400.21
2230.21	300.21
2230.21	200.21
2231.21	2231.21
2231.21	2221.21
2231.21	2211.21
2231.21	2201.21
2231.21	2191.21
2231.21	2181.21
2231.21	2171.21
2231.21	2161.21
2231.21	2151.21
2231.21	2141.21
2231.21	2131.21
2231.21	2121.21
2231.21	2111.21
2231.21	2101.21
2231.21	2091.21
2231.21	2081.21
2231.21	2071.21
2231.21	2061.21
2231.21	2051.21
2231.21	2041.21
2231.21	2031.21
2231.21	2021.21
2231.21	2011.21
2231.21	2001.21
2231.21	1991.21
2231.21	1981.21
2231.21	1971.21
2231.21	1961.21
2231.21	1951.21
2231.21	1941.21
2231.21	1931.21
2231.21	1921.21
2231.21	1911.21
2231.21	1901.21
2240.21	1900.21
2240.21	1800.21
2240.21	1700.21
2240.21	1600.21
2240.21	1500.21
2240.21	1400.21
2240.21	1300.21
2240.21	1200.21
2240.21	1100.21
2240.21	1000.21
2240.21	900.21
2240.21	800.21
2240.21	700.21
2240.21	600.21
2240.21	500.21
2240.21	400.21
2240.21	300.21
2240.21	200.21
2250.21	1900.21
2250.21	1800.21
2250.21	1700.21
2250.21	1600.21
2250.21	1500.21
2250.21	1400.21
2250.21	1300.21
2250.21	1200.21
2250.21	1100.21
2250.21	1000.21
2250.21	900.21
2250.21	800.21
2250.21	700.21
2250.21	600.21
2250.21	500.21
2250.21	400.21
2250.21	300.21
2250.21	200.21
2260.21	1900.21
2260.21	1800.21
2260.21	1700.21
2260.21	1600.21
2260.21	1500.21
2260.21	1400.21
2260.21	1300.21
2260.21	1200.21
2260.21	1100.21
2260.21	1000.21
2260.21	900.21
2260.21	800.21
2260.21	700.21
2260.21	600.21
2260.21	500.21
2260.21	400.21
2260.21	300.21
2260.21	200.21
2270.21	1900.21
2270.21	1800.21
2270.21	1700.21
2270.21	1600.21
2270.21	1500.21
2270.21	1400.21
2270.21	1300.21
2270.21	1200.21
2270.21	1100.21
2270.21	1000.21
2270.21	900.21
2270.21	800.21
2270.21	700.21
2270.21	600.21
2270.21	500.21
2270.21	400.21
2270.21	300.21
2270.21	200.21
2280.21	1900.21
2280.21	1800.21
2280.21	1700.21
2280.21	1600.21
2280.21	1500.21
2280.21	1400.21
2280.21	1300.21
2280.21	1200.21
2280.21	1100.21
2280.21	1000.21
2280.21	900.21
2280.21	800.21
2280.21	700.21
2280.21	600.21
2280.21	500.21
2280.21	400.21
2280.21	300.21
2280.21	200.21
2290.21	1900.21
2290.21	1800.21
2290.21	1700.21
2290.21	1600.21
2290.21	1500.21
2290.21	1400.21
2290.21	1300.21
2290.21	1200.21
2290.21	1100.21
2290.21	1000.21
2290.21	900.21
2290.21	800.21
2290.21	700.21
2290.21	600.21
2290.21	500.21
2290.21	400.21
2290.21	300.21
2290.21	200.21
2300.21	1900.21
2300.21	1800.21
2300.21	1700.21
2300.21	1600.21
2300.21	1500.21
2300.21	1400.21
2300.21	1300.21
2300.21	1200.21
2300.21	1100.21
2300.21	1000.21
2300.21	900.21
2300.21	800.21
2300.21	700.21
2300.21	600.21
2300.21	500.21
2300.21	400.21
2300.21	300.21
2300.21	200.21
2310.21	1900.21
2310.21	1800.21
2310.21	1700.21
2310.21	1600.21
2310.21	1500.21
2310.21	1400.21
2310.21	1300.21
2310.21	1200.21
2310.21	1100.21
2310.21	1000.21
2310.21	900.21
2310.21	800.21
2310.21	700.21
2310.21	600.21
2310.21	500.21
2310.21	400.21
2310.21	300.21
2310.21	200.21
2320.21	1900.21
2320.21	1800.21
2320.21	1700.21
2320.21	1600.21
2320.21	1500.21
2320.21	1400.21
2320.21	1300.21
2320.21	1200.21
2320.21	1100.21
2320.21	1000.21
2320.21	900.21
2320.21	800.21
2320.21	700.21
2320.21	600.21
2320.21	500.21
2320.21	400.21
2320.21	300.21
2320.21	200.21
2330.21	1900.21
2330.21	1800.21
2330.21	1700.21
2330.21	1600.21
2330.21	1500.21
2330.21	1400.21
2330.21	1300.21
2330.21	1200.21
2330.21	1100.21
2330.21	1000.21
2330.21	900.21
2330.21	800.21
2330.21	700.21
2330.21	600.21
2330.21	500.21
2330.21	400.21
2330.21	300.21
2330.21	200.21
2331.21	2331.21
2331.21	2321.21
2331.21	2311.21
2331.21	2301.21
2331.21	2291.21
2331.21	2281.21
2331.21	2271.21
2331.21	2261.21
2331.21	2251.21
2331.21	2241.21
2331.21	2231.21
2331.21	2221.21
2331.21	2211.21
2331.21	2201.21
2331.21	2191.21
2331.21	2181.21
2331.21	2171.21
2331.21	2161.21
2331.21	2151.21
2331.21	2141.21
2331.21	2131.21
2331.21	2121.21
2331.21	2111.21
2331.21	2101.21
2331.21	2091.21
2331.21	2081.21
2331.21	2071.21
2331.21	2061.21
2331.21	2051.21
2331.21	2041.21
2331.21	2031.21
2331.21	2021.21
2331.21	2011.21
2331.21	2001.21
2340.21	2000.21
2340.21	1900.21
2340.21	1800.21
2340.21	1700.21
2340.21	1600.21
2340.21	1500.21
2340.21	1400.21
2340.21	1300.21
2340.21	1200.21
2340.21	1100.21
2340.21	1000.21
2340.21	900.21
2340.21	800.21
2340.21	700.21
2340.21	600.21
2340.21	500.21
2340.21	400.21
2340.21	300.21
2340.21	200.21
2350.21	2000.21
2350.21	1900.21
2350.21	1800.21
2350.21	1700.21
2350.21	1600.21
2350.21	1500.21
2350.21	1400.21
2350.21	1300.21
2350.21	1200.21
2350.21	1100.21
2350.21	1000.21
2350.21	900.21
2350.21	800.21
2350.21	700.21
2350.21	600.21
2350.21	500.21
2350.21	400.21
2350.21	300.21
2350.21	200.21
2360.21	2000.21
2360.21	1900.21
2360.21	1800.21
2360.21	1700.21
2360.21	1600.21
2360.21	1500.21
2360.21	1400.21
2360.21	1300.21
2360.21	1200.21
2360.21	1100.21
2360.21	1000.21
2360.21	900.21
2360.21	800.21
2360.21	700.21
2360.21	600.21
2360.21	500.21
2360.21	400.21
2360.21	300.21
2360.21	200.21
2370.21	2000.21
2370.21	1900.21
2370.21	1800.21
2370.21	1700.21
2370.21	1600.21
2370.21	1500.21
2370.21	1400.21
2370.21	1300.21
2370.21	1200.21
2370.21	1100.21
2370.21	1000.21
2370.21	900.21
2370.21	800.21
2370.21	700.21
2370.21	600.21
2370.21	500.21
2370.21	400.21
2370.21	300.21
2370.21	200.21
2380.21	2000.21
2380.21	1900.21
2380.21	1800.21
2380.21	1700.21
2380.21	1600.21
2380.21	1500.21
2380.21	1400.21
2380.21	1300.21
2380.21	1200.21
2380.21	1100.21
2380.21	1000.21
2380.21	900.21
2380.21	800.21
2380.21	700.21
2380.21	600.21
2380.21	500.21
2380.21	400.21
2380.21	300.21
2380.21	200.21
2390.21	2000.21
2390.21	1900.21
2390.21	1800.21
2390.21	1700.21
2390.21	1600.21
2390.21	1500.21
2390.21	1400.21
2390.21	1300.21
2390.21	1200.21
2390.21	1100.21
2390.21	1000.21
2390.21	900.21
2390.21	800.21
2390.21	700.21
2390.21	600.21
2390.21	500.21
2390.21	400.21
2390.21	300.21
2390.21	200.21
2400.21	2000.21
2400.21	1900.21
2400.21	1800.21
2400.21	1700.21
2400.21	1600.21
2400.21	1500.21
2400.21	1400.21
2400.21	1300.21
2400.21	1200.21
2400.21	1100.21
2400.21	1000.21
2400.21	900.21
2400.21	800.21
2400.21	700.21
2400.21	600.21
2400.21	500.21
2400.21	400.21
2400.21	300.21
2400.21	200.21
2410.21	2000.21
2410.21	1900.21
2410.21	1800.21
2410.21	1700.21
2410.21	1600.21
2410.21	1500.21
2410.21	1400.21
2410.21	1300.21
2410.21	1200.21
2410.21	1100.21
2410.21	1000.21
2410.21	900.21
2410.21	800.21
2410.21	700.21
2410.21	600.21
2410.21	500.21
2410.21	400.21
2410.21	300.21
2410.21	200.21
2420.21	2000.21
2420.21	1900.21
2420.21	1800.21
2420.21	1700.21
2420.21	1600.21
2420.21	1500.21
2420.21	1400.21
2420.21	1300.21
2420.21	1200.21
2420.21	1100.21
2420.21	1000.21
2420.21	900.21
2420.21	800.21
2420.21	700.21
2420.21	600.21
2420.21	500.21
2420.21	400.21
2420.21	300.21
2420.21	200.21
2430.21	2000.21
2430.21	1900.21
2430.21	1800.21
2430.21	1700.21
2430.21	1600.21
2430.21	1500.21
2430.21	1400.21
2430.21	1300.21
2430.21	1200.21
2430.21	1100.21
2430.21	1000.21
2430.21	900.21
2430.21	800.21
2430.21	700.21
2430.21	600.21
2430.21	500.21
2430.21	400.21
2430.21	300.21
2430.21	200.21
2431.21	2431.21
2431.21	2421.21
2431.21	2411.21
2431.21	2401.21
2431.21	2391.21
2431.21	2381.21
2431.21	2371.21
2431.21	2361.21
2431.21	2351.21
2431.21	2341.21
2431.21	2331.21
2431.21	2321.21
2431.21	2311.21
2431.21	2301.21
2431.21	2291.21
2431.21	2281.21
2431.21	2271.21
2431.21	2261.21
2431.21	2251.21
2431.21	2241.21
2431.21	2231.21
2431.21	2221.21
2431.21	2211.21
2431.21	2201.21
2431.21	2191.21
2431.21	2181.21
2431.21	2171.21
2431.21	2161.21
2431.21	2151.21
2431.21	2141.21
2431.21	2131.21
2431.21	2121.21
2431.21	2111.21
2431.21	2101.21
2440.21	2100.21
2440.21	2000.21
2440.21	1900.21
2440.21	1800.21
2440.21	1700.21
2440.21	1600.21
2440.21	1500.21
2440.21	1400.21
2440.21	1300.21
2440.21	1200.21
2440.21	1100.21
2440.21	1000.21
2440.21	900.21
2440.21	800.21
2440.21	700.21
2440.21	600.21
2440.21	500.21
2440.21	400.21
2440.21	300.21
2440.21	200.21
2450.21	2100.21
2450.21	2000.21
2450.21	1900.21
2450.21	1800.21
2450.21	1700.21
2450.21	1600.21
2450.21	1500.21
2450.21	1400.21
2450.21	1300.21
2450.21	1200.21
2450.21	1100.21
2450.21	1000.21
2450.21	900.21
2450.21	800.21
2450.21	700.21
2450.21	600.21
2450.21	500.21
2450.21	400.21
2450.21	300.21
2450.21	200.21
2460.21	2100.21
2460.21	2000.21
2460.21	1900.21
2460.21	1800.21
2460.21	1700.21
2460.21	1600.21
2460.21	1500.21
2460.21	1400.21
2460.21	1300.21
2460.21	1200.21
2460.21	1100.21
2460.21	1000.21
2460.21	900.21
2460.21	800.21
2460.21	700.21
2460.21	600.21
2460.21	500.21
2460.21	400.21
2460.21	300.21
2460.21	200.21
2470.21	2100.21
2470.21	2000.21
2470.21	1900.21
2470.21	1800.21
2470.21	1700.21
2470.21	1600.21
2470.21	1500.21
2470.21	1400.21
2470.21	1300.21
2470.21	1200.21
2470.21	1100.21
2470.21	1000.21
2470.21	900.21
2470.21	800.21
2470.21	700.21
2470.21	600.21
2470.21	500.21
2470.21	400.21
2470.21	300.21
2470.21	200.21
2480.21	2100.21
2480.21	2000.21
2480.21	1900.21
2480.21	1800.21
2480.21	1700.21
2480.21	1600.21
2480.21	1500.21
2480.21	1400.21
2480.21	1300.21
2480.21	1200.21
2480.21	1100.21
2480.21	1000.21
2480.21	900.21
2480.21	800.21
2480.21	700.21
2480.21	600.21
2480.21	500.21
2480.21	400.21
2480.21	300.21
2480.21	200.21
2490.21	2100.21
2490.21	2000.21
2490.21	1900.21
2490.21	1800.21
2490.21	1700.21
2490.21	1600.21
2490.21	1500.21
2490.21	1400.21
2490.21	1300.21
2490.21	1200.21
2490.21	1100.21
2490.21	1000.21
2490.21	900.21
2490.21	800.21
2490.21	700.21
2490.21	600.21
2490.21	500.21
2490.21	400.21
2490.21	300.21
2490.21	200.21
2500.21	2100.21
2500.21	2000.21
2500.21	1900.21
2500.21	1800.21
2500.21	1700.21
2500.21	1600.21
2500.21	1500.21
2500.21	1400.21
2500.21	1300.21
2500.21	1200.21
2500.21	1100.21
2500.21	1000.21
2500.21	900.21
2500.21	800.21
2500.21	700.21
2500.21	600.21
2500.21	500.21
2500.21	400.21
2500.21	300.21
2500.21	200.21
2510.21	2100.21
2510.21	2000.21
2510.21	1900.21
2510.21	1800.21
2510.21	1700.21
2510.21	1600.21
2510.21	1500.21
2510.21	1400.21
2510.21	1300.21
2510.21	1200.21
2510.21	1100.21
2510.21	1000.21
2510.21	900.21
2510.21	800.21
2510.21	700.21
2510.21	600.21
2510.21	500.21
2510.21	400.21
2510.21	300.21
2510.21	200.21
2520.21	2100.21
2520.21	2000.21
2520.21	1900.21
2520.21	1800.21
2520.21	1700.21
2520.21	1600.21
2520.21	1500.21
2520.21	1400.21
2520.21	1300.21
2520.21	1200.21
2520.21	1100.21
2520.21	1000.21
2520.21	900.21
2520.21	800.21
2520.21	700.21
2520.21	600.21
2520.21	500.21
2520.21	400.21
2520.21	300.21
2520.21	200.21
2530.21	2100.21
2530.21	2000.21
2530.21	1900.21
2530.21	1800.21
2530.21	1700.21
2530.21	1600.21
2530.21	1500.21
2530.21	1400.21
2530.21	1300.21
2530.21	1200.21
2530.21	1100.21
2530.21	1000.21
2530.21	900.21
2530.21	800.21
2530.21	700.21
2530.21	600.21
2530.21	500.21
2530.21	400.21
2530.21	300.21
2530.21	200.21
2531.21	2531.21
2531.21	2521.21
2531.21	2511.21
2531.21	2501.21
2531.21	2491.21
2531.21	2481.21
2531.21	2471.21
2531.21	2461.21
2531.21	2451.21
2531.21	2441.21
2531.21	2431.21
2531.21	2421.21
2531.21	2411.21
2531.21	2401.21
2531.21	2391.21
2531.21	2381.21
2531.21	2371.21
2531.21	2361.21
2531.21	2351.21
2531.21	2341.21
2531.21	2331.21
2531.21	2321.21
2531.21	2311.21
2531.21	2301.21
2531.21	2291.21
2531.21	2281.21
2531.21	2271.21
2531.21	2261.21
2531.21	2251.21
2531.21	2241.21
2531.21	2231.21
2531.21	2221.21
2531.21	2211.21
2531.21	2201.21
2540.21	2200.21
2540.21	2100.21
2540.21	2000.21
2540.21	1900.21
2540.21	1800.21
2540.21	1700.21
2540.21	1600.21
2540.21	1500.21
2540.21	1400.21
2540.21	1300.21
2540.21	1200.21
2540.21	1100.21
2540.21	1000.21
2540.21	900.21
2540.21	800.21
2540.21	700.21
2540.21	600.21
2540.21	500.21
2540.21	400.21
2540.21	300.21
2540.21	200.21
2550.21	2200.21
2550.21	2100.21
2550.21	2000.21
2550.21	1900.21
2550.21	1800.21
2550.21	1700.21
2550.21	1600.21
2550.21	1500.21
2550.21	1400.21
2550.21	1300.21
2550.21	1200.21
2550.21	1100.21
2550.21	1000.21
2550.21	900.21
2550.21	800.21
2550.21	700.21
2550.21	600.21
2550.21	500.21
2550.21	400.21
2550.21	300.21
2550.21	200.21
2560.21	2200.21
2560.21	2100.21
2560.21	2000.21
2560.21	1900.21
2560.21	1800.21
2560.21	1700.21
2560.21	1600.21
2560.21	1500.21
2560.21	1400.21
2560.21	1300.21
2560.21	1200.21
2560.21	1100.21
2560.21	1000.21
2560.21	900.21
2560.21	800.21
2560.21	700.21
2560.21	600.21
2560.21	500.21
2560.21	400.21
2560.21	300.21
2560.21	200.21
2570.21	2200.21
2570.21	2100.21
2570.21	2000.21
2570.21	1900.21
2570.21	1800.21
2570.21	1700.21
2570.21	1600.21
2570.21	1500.21
2570.21	1400.21
2570.21	1300.21
2570.21	1200.21
2570.21	1100.21
2570.21	1000.21
2570.21	900.21
2570.21	800.21
2570.21	700.21
2570.21	600.21
2570.21	500.21
2570.21	400.21
2570.21	300.21
2570.21	200.21
2580.21	2200.21
2580.21	2100.21
2580.21	2000.21
2580.21	1900.21
2580.21	1800.21
2580.21	1700.21
2580.21	1600.21
2580.21	1500.21
2580.21	1400.21
2580.21	1300.21
2580.21	1200.21
2580.21	1100.21
2580.21	1000.21
2580.21	900.21
2580.21	800.21
2580.21	700.21
2580.21	600.21
2580.21	500.21
2580.21	400.21
2580.21	300.21
2580.21	200.21
2590.21	2200.21
2590.21	2100.21
2590.21	2000.21
2590.21	1900.21
2590.21	1800.21
2590.21	1700.21
2590.21	1600.21
2590.21	1500.21
2590.21	1400.21
2590.21	1300.21
2590.21	1200.21
2590.21	1100.21
2590.21	1000.21
2590.21	900.21
2590.21	800.21
2590.21	700.21
2590.21	600.21
2590.21	500.21
2590.21	400.21
2590.21	300.21
2590.21	200.21
2600.21	2200.21
2600.21	2100.21
2600.21	2000.21
2600.21	1900.21
2600.21	1800.21
2600.21	1700.21
2600.21	1600.21
2600.21	1500.21
2600.21	1400.21
2600.21	1300.21
2600.21	1200.21
2600.21	1100.21
2600.21	1000.21
2600.21	900.21
2600.21	800.21
2600.21	700.21
2600.21	600.21
2600.21	500.21
2600.21	400.21
2600.21	300.21
2600.21	200.21
2610.21	2200.21
2610.21	2100.21
2610.21	2000.21
2610.21	1900.21
2610.21	1800.21
2610.21	1700.21
2610.21	1600.21
2610.21	1500.21
2610.21	1400.21
2610.21	1300.21
2610.21	1200.21
2610.21	1100.21
2610.21	1000.21
2610.21	900.21
2610.21	800.21
2610.21	700.21
2610.21	600.21
2610.21	500.21
2610.21	400.21
2610.21	300.21
2610.21	200.21
2620.21	2200.21
2620.21	2100.21
2620.21	2000.21
2620.21	1900.21
2620.21	1800.21
2620.21	1700.21
2620.21	1600.21
2620.21	1500.21
2620.21	1400.21
2620.21	1300.21
2620.21	1200.21
2620.21	1100.21
2620.21	1000.21
2620.21	900.21
2620.21	800.21
2620.21	700.21
2620.21	600.21
2620.21	500.21
2620.21	400.21
2620.21	300.21
2620.21	200.21
2630.21	2200.21
2630.21	2100.21
2630.21	2000.21
2630.21	1900.21
2630.21	1800.21
2630.21	1700.21
2630.21	1600.21
2630.21	1500.21
2630.21	1400.21
2630.21	1300.21
2630.21	1200.21
2630.21	1100.21
2630.21	1000.21
2630.21	900.21
2630.21	800.21
2630.21	700.21
2630.21	600.21
2630.21	500.21
2630.21	400.21
2630.21	300.21
2630.21	200.21
2631.21	2631.21
2631.21	2621.21
2631.21	2611.21
2631.21	2601.21
2631.21	2591.21
2631.21	2581.21
2631.21	2571.21
2631.21	2561.21
2631.21	2551.21
2631.21	2541.21
2631.21	2531.21
2631.21	2521.21
2631.21	2511.21
2631.21	2501.21
2631.21	2491.21
2631.21	2481.21
2631.21	2471.21
2631.21	2461.21
2631.21	2451.21
2631.21	2441.21
2631.21	2431.21
2631.21	2421.21
2631.21	2411.21
2631.21	2401.21
2631.21	2391.21
2631.21	2381.21
2631.21	2371.21
2631.21	2361.21
2631.21	2351.21
2631.21	2341.21
2631.21	2331.21
2631.21	2321.21
2631.21	2311.21
2631.21	2301.21
2640.21	2300.21
2640.21	2200.21
2640.21	2100.21
2640.21	2000.21
2640.21	1900.21
2640.21	1800.21
2640.21	1700.21
2640.21	1600.21
2640.21	1500.21
2640.21	1400.21
2640.21	1300.21
2640.21	1200.21
2640.21	1100.21
2640.21	1000.21
2640.21	900.21
2640.21	800.21
2640.21	700.21
2640.21	600.21
2640.21	500.21
2640.21	400.21
2640.21	300.21
2640.21	200.21
2650.21	2300.21
2650.21	2200.21
2650.21	2100.21
2650.21	2000.21
2650.21	1900.21
2650.21	1800.21
2650.21	1700.21
2650.21	1600.21
2650.21	1500.21
2650.21	1400.21
2650.21	1300.21
2650.21	1200.21
2650.21	1100.21
2650.21	1000.21
2650.21	900.21
2650.21	800.21
2650.21	700.21
2650.21	600.21
2650.21	500.21
2650.21	400.21
2650.21	300.21
2650.21	200.21
2660.21	2300.21
2660.21	2200.21
2660.21	2100.21
2660.21	2000.21
2660.21	1900.21
2660.21	1800.21
2660.21	1700.21
2660.21	1600.21
2660.21	1500.21
2660.21	1400.21
2660.21	1300.21
2660.21	1200.21
2660.21	1100.21
2660.21	1000.21
2660.21	900.21
2660.21	800.21
2660.21	700.21
2660.21	600.21
2660.21	500.21
2660.21	400.21
2660.21	300.21
2660.21	200.21
2670.21	2300.21
2670.21	2200.21
2670.21	2100.21
2670.21	2000.21
2670.21	1900.21
2670.21	1800.21
2670.21	1700.21
2670.21	1600.21
2670.21	1500.21
2670.21	1400.21
2670.21	1300.21
2670.21	1200.21
2670.21	1100.21
2670.21	1000.21
2670.21	900.21
2670.21	800.21
2670.21	700.21
2670.21	600.21
2670.21	500.21
2670.21	400.21
2670.21	300.21
2670.21	200.21
2680.21	2300.21
2680.21	2200.21
2680.21	2100.21
2680.21	2000.21
2680.21	1900.21
2680.21	1800.21
2680.21	1700.21
2680.21	1600.21
2680.21	1500.21
2680.21	1400.21
2680.21	1300.21
2680.21	1200.21
2680.21	1100.21
2680.21	1000.21
2680.21	900.21
2680.21	800.21
2680.21	700.21
2680.21	600.21
2680.21	500.21
2680.21	400.21
2680.21	300.21
2680.21	200.21
2690.21	2300.21
2690.21	2200.21
2690.21	2100.21
2690.21	2000.21
2690.21	1900.21
2690.21	1800.21
2690.21	1700.21
2690.21	1600.21
2690.21	1500.21
2690.21	1400.21
2690.21	1300.21
2690.21	1200.21
2690.21	1100.21
2690.21	1000.21
2690.21	900.21
2690.21	800.21
2690.21	700.21
2690.21	600.21
2690.21	500.21
2690.21	400.21
2690.21	300.21
2690.21	200.21
2700.21	2300.21
2700.21	2200.21
2700.21	2100.21
2700.21	2000.21
2700.21	1900.21
2700.21	1800.21
2700.21	1700.21
2700.21	1600.21
2700.21	1500.21
2700.21	1400.21
2700.21	1300.21
2700.21	1200.21
2700.21	1100.21
2700.21	1000.21
2700.21	900.21
2700.21	800.21
2700.21	700.21
2700.21	600.21
2700.21	500.21
2700.21	400.21
2700.21	300.21
2700.21	200.21
2710.21	2300.21
2710.21	2200.21
2710.21	2100.21
2710.21	2000.21
2710.21	1900.21
2710.21	1800.21
2710.21	1700.21
2710.21	1600.21
2710.21	1500.21
2710.21	1400.21
2710.21	1300.21
2710.21	1200.21
2710.21	1100.21
2710.21	1000.21
2710.21	900.21
2710.21	800.21
2710.21	700.21
2710.21	600.21
2710.21	500.21
2710.21	400.21
2710.21	300.21
2710.21	200.21
2720.21	2300.21
2720.21	2200.21
2720.21	2100.21
2720.21	2000.21
2720.21	1900.21
2720.21	1800.21
2720.21	1700.21
2720.21	1600.21
2720.21	1500.21
2720.21	1400.21
2720.21	1300.21
2720.21	1200.21
2720.21	1100.21
2720.21	1000.21
2720.21	900.21
2720.21	800.21
2720.21	700.21
2720.21	600.21
2720.21	500.21
2720.21	400.21
2720.21	300.21
2720.21	200.21
2730.21	2300.21
2730.21	2200.21
2730.21	2100.21
2730.21	2000.21
2730.21	1900.21
2730.21	1800.21
2730.21	1700.21
2730.21	1600.21
2730.21	1500.21
2730.21	1400.21
2730.21	1300.21
2730.21	1200.21
2730.21	1100.21
2730.21	1000.21
2730.21	900.21
2730.21	800.21
2730.21	700.21
2730.21	600.21
2730.21	500.21
2730.21	400.21
2730.21	300.21
2730.21	200.21
2731.21	2731.21
2731.21	2721.21
2731.21	2711.21
2731.21	2701.21
2731.21	2691.21
2731.21	2681.21
2731.21	2671.21
2731.21	2661.21
2731.21	2651.21
2731.21	2641.21
2731.21	2631.21
2731.21	2621.21
2731.21	2611.21
2731.21	2601.21
2731.21	2591.21
2731.21	2581.21
2731.21	2571.21
2731.21	2561.21
2731.21	2551.21
2731.21	2541.21
2731.21	2531.21
2731.21	2521.21
2731.21	2511.21
2731.21	2501.21
2731.21	2491.21
2731.21	2481.21
2731.21	2471.21
2731.21	2461.21
2731.21	2451.21
2731.21	2441.21
2731.21	2431.21
2731.21	2421.21
2731.21	2411.21
2731.21	2401.21
2740.21	2400.21
2740.21	2300.21
2740.21	2200.21
2740.21	2100.21
2740.21	2000.21
2740.21	1900.21
2740.21	1800.21
2740.21	1700.21
2740.21	1600.21
2740.21	1500.21
2740.21	1400.21
2740.21	1300.21
2740.21	1200.21
2740.21	1100.21
2740.21	1000.21
2740.21	900.21
2740.21	800.21
2740.21	700.21
2740.21	600.21
2740.21	500.21
2740.21	400.21
2740.21	300.21
2740.21	200.21
2750.21	2400.21
2750.21	2300.21
2750.21	2200.21
2750.21	2100.21
2750.21	2000.21
2750.21	1900.21
2750.21	1800.21
2750.21	1700.21
2750.21	1600.21
2750.21	1500.21
2750.21	1400.21
2750.21	1300.21
2750.21	1200.21
2750.21	1100.21
2750.21	1000.21
2750.21	900.21
2750.21	800.21
2750.21	700.21
2750.21	600.21
2750.21	500.21
2750.21	400.21
2750.21	300.21
2750.21	200.21
2760.21	2400.21
2760.21	2300.21
2760.21	2200.21
2760.21	2100.21
2760.21	2000.21
2760.21	1900.21
2760.21	1800.21
2760.21	1700.21
2760.21	1600.21
2760.21	1500.21
2760.21	1400.21
2760.21	1300.21
2760.21	1200.21
2760.21	1100.21
2760.21	1000.21
2760.21	900.21
2760.21	800.21
2760.21	700.21
2760.21	600.21
2760.21	500.21
2760.21	400.21
2760.21	300.21
2760.21	200.21
2770.21	2400.21
2770.21	2300.21
2770.21	2200.21
2770.21	2100.21
2770.21	2000.21
2770.21	1900.21
2770.21	1800.21
2770.21	1700.21
2770.21	1600.21
2770.21	1500.21
2770.21	1400.21
2770.21	1300.21
2770.21	1200.21
2770.21	1100.21
2770.21	1000.21
2770.21	900.21
2770.21	800.21
2770.21	700.21
2770.21	600.21
2770.21	500.21
2770.21	400.21
2770.21	300.21
2770.21	200.21
2780.21	2400.21
2780.21	2300.21
2780.21	2200.21
2780.21	2100.21
2780.21	2000.21
2780.21	1900.21
2780.21	1800.21
2780.21	1700.21
2780.21	1600.21
2780.21	1500.21
2780.21	1400.21
2780.21	1300.21
2780.21	1200.21
2780.21	1100.21
2780.21	1000.21
2780.21	900.21
2780.21	800.21
2780.21	700.21
2780.21	600.21
2780.21	500.21
2780.21	400.21
2780.21	300.21
2780.21	200.21
2790.21	2400.21
2790.21	2300.21
2790.21	2200.21
2790.21	2100.21
2790.21	2000.21
2790.21	1900.21
2790.21	1800.21
2790.21	1700.21
2790.21	1600.21
2790.21	1500.21
2790.21	1400.21
2790.21	1300.21
2790.21	1200.21
2790.21	1100.21
2790.21	1000.21
2790.21	900.21
2790.21	800.21
2790.21	700.21
2790.21	600.21
2790.21	500.21
2790.21	400.21
2790.21	300.21
2790.21	200.21
2800.21	2400.21
2800.21	2300.21
2800.21	2200.21
2800.21	2100.21
2800.21	2000.21
2800.21	1900.21
2800.21	1800.21
2800.21	1700.21
2800.21	1600.21
2800.21	1500.21
2800.21	1400.21
2800.21	1300.21
2800.21	1200.21
2800.21	1100.21
2800.21	1000.21
2800.21	900.21
2800.21	800.21
2800.21	700.21
2800.21	600.21
2800.21	500.21
2800.21	400.21
2800.21	300.21
2800.21	200.21
2810.21	2400.21
2810.21	2300.21
2810.21	2200.21
2810.21	2100.21
2810.21	2000.21
2810.21	1900.21
2810.21	1800.21
2810.21	1700.21
2810.21	1600.21
2810.21	1500.21
2810.21	1400.21
2810.21	1300.21
2810.21	1200.21
2810.21	1100.21
2810.21	1000.21
2810.21	900.21
2810.21	800.21
2810.21	700.21
2810.21	600.21
2810.21	500.21
2810.21	400.21
2810.21	300.21
2810.21	200.21
2820.21	2400.21
2820.21	2300.21
2820.21	2200.21
2820.21	2100.21
2820.21	2000.21
2820.21	1900.21
2820.21	1800.21
2820.21	1700.21
2820.21	1600.21
2820.21	1500.21
2820.21	1400.21
2820.21	1300.21
2820.21	1200.21
2820.21	1100.21
2820.21	1000.21
2820.21	900.21
2820.21	800.21
2820.21	700.21
2820.21	600.21
2820.21	500.21
2820.21	400.21
2820.21	300.21
2820.21	200.21
2830.21	2400.21
2830.21	2300.21
2830.21	2200.21
2830.21	2100.21
2830.21	2000.21
2830.21	1900.21
2830.21	1800.21
2830.21	1700.21
2830.21	1600.21
2830.21	1500.21
2830.21	1400.21
2830.21	1300.21
2830.21	1200.21
2830.21	1100.21
2830.21	1000.21
2830.21	900.21
2830.21	800.21
2830.21	700.21
2830.21	600.21
2830.21	500.21
2830.21	400.21
2830.21	300.21
2830.21	200.21
2831.21	2831.21
2831.21	2821.21
2831.21	2811.21
2831.21	2801.21
2831.21	2791.21
2831.21	2781.21
2831.21	2771.21
2831.21	2761.21
2831.21	2751.21
2831.21	2741.21
2831.21	2731.21
2831.21	2721.21
2831.21	2711.21
2831.21	2701.21
2831.21	2691.21
2831.21	2681.21
2831.21	2671.21
2831.21	2661.21
2831.21	2651.21
2831.21	2641.21
2831.21	2631.21
2831.21	2621.21
2831.21	2611.21
2831.21	2601.21
2831.21	2591.21
2831.21	2581.21
2831.21	2571.21
2831.21	2561.21
2831.21	2551.21
2831.21	2541.21
2831.21	2531.21
2831.21	2521.21
2831.21	2511.21
2831.21	2501.21
2840.21	2500.21
2840.21	2400.21
2840.21	2300.21
2840.21	2200.21
2840.21	2100.21
2840.21	2000.21
2840.21	1900.21
2840.21	1800.21
2840.21	1700.21
2840.21	1600.21
2840.21	1500.21
2840.21	1400.21
2840.21	1300.21
2840.21	1200.21
2840.21	1100.21
2840.21	1000.21
2840.21	900.21
2840.21	800.21
2840.21	700.21
2840.21	600.21
2840.21	500.21
2840.21	400.21
2840.21	300.21
2840.21	200.21
2850.21	2500.21
2850.21	2400.21
2850.21	2300.21
2850.21	2200.21
2850.21	2100.21
2850.21	2000.21
2850.21	1900.21
2850.21	1800.21
2850.21	1700.21
2850.21	1600.21
2850.21	1500.21
2850.21	1400.21
2850.21	1300.21
2850.21	1200.21
2850.21	1100.21
2850.21	1000.21
2850.21	900.21
2850.21	800.21
2850.21	700.21
2850.21	600.21
2850.21	500.21
2850.21	400.21
2850.21	300.21
2850.21	200.21
2860.21	2500.21
2860.21	2400.21
2860.21	2300.21
2860.21	2200.21
2860.21	2100.21
2860.21	2000.21
2860.21	1900.21
2860.21	1800.21
2860.21	1700.21
2860.21	1600.21
2860.21	1500.21
2860.21	1400.21
2860.21	1300.21
2860.21	1200.21
2860.21	1100.21
2860.21	1000.21
2860.21	900.21
2860.21	800.21
2860.21	700.21
2860.21	600.21
2860.21	500.21
2860.21	400.21
2860.21	300.21
2860.21	200.21
2870.21	2500.21
2870.21	2400.21
2870.21	2300.21
2870.21	2200.21
2870.21	2100.21
2870.21	2000.21
2870.21	1900.21
2870.21	1800.21
2870.21	1700.21
2870.21	1600.21
2870.21	1500.21
2870.21	1400.21
2870.21	1300.21
2870.21	1200.21
2870.21	1100.21
2870.21	1000.21
2870.21	900.21
2870.21	800.21
2870.21	700.21
2870.21	600.21
2870.21	500.21
2870.21	400.21
2870.21	300.21
2870.21	200.21
2880.21	2500.21
2880.21	2400.21
2880.21	2300.21
2880.21	2200.21
2880.21	2100.21
2880.21	2000.21
2880.21	1900.21
2880.21	1800.21
2880.21	1700.21
2880.21	1600.21
2880.21	1500.21
2880.21	1400.21
2880.21	1300.21
2880.21	1200.21
2880.21	1100.21
2880.21	1000.21
2880.21	900.21
2880.21	800.21
2880.21	700.21
2880.21	600.21
2880.21	500.21
2880.21	400.21
2880.21	300.21
2880.21	200.21
2890.21	2500.21
2890.21	2400.21
2890.21	2300.21
2890.21	2200.21
2890.21	2100.21
2890.21	2000.21
2890.21	1900.21
2890.21	1800.21
2890.21	1700.21
2890.21	1600.21
2890.21	1500.21
2890.21	1400.21
2890.21	1300.21
2890.21	1200.21
2890.21	1100.21
2890.21	1000.21
2890.21	900.21
2890.21	800.21
2890.21	700.21
2890.21	600.21
2890.21	500.21
2890.21	400.21
2890.21	300.21
2890.21	200.21
2900.21	2500.21
2900.21	2400.21
2900.21	2300.21
2900.21	2200.21
2900.21	2100.21
2900.21	2000.21
2900.21	1900.21
2900.21	1800.21
2900.21	1700.21
2900.21	1600.21
2900.21	1500.21
2900.21	1400.21
2900.21	1300.21
2900.21	1200.21
2900.21	1100.21
2900.21	1000.21
2900.21	900.21
2900.21	800.21
2900.21	700.21
2900.21	600.21
2900.21	500.21
2900.21	400.21
2900.21	300.21
2900.21	200.21
2910.21	2500.21
2910.21	2400.21
2910.21	2300.21
2910.21	2200.21
2910.21	2100.21
2910.21	2000.21
2910.21	1900.21
2910.21	1800.21
2910.21	1700.21
2910.21	1600.21
2910.21	1500.21
2910.21	1400.21
2910.21	1300.21
2910.21	1200.21
2910.21	1100.21
2910.21	1000.21
2910.21	900.21
2910.21	800.21
2910.21	700.21
2910.21	600.21
2910.21	500.21
2910.21	400.21
2910.21	300.21
2910.21	200.21
2920.21	2500.21
2920.21	2400.21
2920.21	2300.21
2920.21	2200.21
2920.21	2100.21
2920.21	2000.21
2920.21	1900.21
2920.21	1800.21
2920.21	1700.21
2920.21	1600.21
2920.21	1500.21
2920.21	1400.21
2920.21	1300.21
2920.21	1200.21
2920.21	1100.21
2920.21	1000.21
2920.21	900.21
2920.21	800.21
2920.21	700.21
2920.21	600.21
2920.21	500.21
2920.21	400.21
2920.21	300.21
2920.21	200.21
2930.21	2500.21
2930.21	2400.21
2930.21	2300.21
2930.21	2200.21
2930.21	2100.21
2930.21	2000.21
2930.21	1900.21
2930.21	1800.21
2930.21	1700.21
2930.21	1600.21
2930.21	1500.21
2930.21	1400.21
2930.21	1300.21
2930.21	1200.21
2930.21	1100.21
2930.21	1000.21
2930.21	900.21
2930.21	800.21
2930.21	700.21
2930.21	600.21
2930.21	500.21
2930.21	400.21
2930.21	300.21
2930.21	200.21
2931.21	2931.21
2931.21	2921.21
2931.21	2911.21
2931.21	2901.21
2931.21	2891.21
2931.21	2881.21
2931.21	2871.21
2931.21	2861.21
2931.21	2851.21
2931.21	2841.21
2931.21	2831.21
2931.21	2821.21
2931.21	2811.21
2931.21	2801.21
2931.21	2791.21
2931.21	2781.21
2931.21	2771.21
2931.21	2761.21
2931.21	2751.21
2931.21	2741.21
2931.21	2731.21
2931.21	2721.21
2931.21	2711.21
2931.21	2701.21
2931.21	2691.21
2931.21	2681.21
2931.21	2671.21
2931.21	2661.21
2931.21	2651.21
2931.21	2641.21
2931.21	2631.21
2931.21	2621.21
2931.21	2611.21
2931.21	2601.21
2940.21	2600.21
2940.21	2500.21
2940.21	2400.21
2940.21	2300.21
2940.21	2200.21
2940.21	2100.21
2940.21	2000.21
2940.21	1900.21
2940.21	1800.21
2940.21	1700.21
2940.21	1600.21
2940.21	1500.21
2940.21	1400.21
2940.21	1300.21
2940.21	1200.21
2940.21	1100.21
2940.21	1000.21
2940.21	900.21
2940.21	800.21
2940.21	700.21
2940.21	600.21
2940.21	500.21
2940.21	400.21
2940.21	300.21
2940.21	200.21
2950.21	2600.21
2950.21	2500.21
2950.21	2400.21
2950.21	2300.21
2950.21	2200.21
2950.21	2100.21
2950.21	2000.21
2950.21	1900.21
2950.21	1800.21
2950.21	1700.21
2950.21	1600.21
2950.21	1500.21
2950.21	1400.21
2950.21	1300.21
2950.21	1200.21
2950.21	1100.21
2950.21	1000.21
2950.21	900.21
2950.21	800.21
2950.21	700.21
2950.21	600.21
2950.21	500.21
2950.21	400.21
2950.21	300.21
2950.21	200.21
2960.21	2600.21
2960.21	2500.21
2960.21	2400.21
2960.21	2300.21
2960.21	2200.21
2960.21	2100.21
2960.21	2000.21
2960.21	1900.21
2960.21	1800.21
2960.21	1700.21
2960.21	1600.21
2960.21	1500.21
2960.21	1400.21
2960.21	1300.21
2960.21	1200.21
2960.21	1100.21
2960.21	1000.21
2960.21	900.21
2960.21	800.21
2960.21	700.21
2960.21	600.21
2960.21	500.21
2960.21	400.21
2960.21	300.21
2960.21	200.21
2970.21	2600.21
2970.21	2500.21
2970.21	2400.21
2970.21	2300.21
2970.21	2200.21
2970.21	2100.21
2970.21	2000.21
2970.21	1900.21
2970.21	1800.21
2970.21	1700.21
2970.21	1600.21
2970.21	1500.21
2970.21	1400.21
2970.21	1300.21
2970.21	1200.21
2970.21	1100.21
2970.21	1000.21
2970.21	900.21
2970.21	800.21
2970.21	700.21
2970.21	600.21
2970.21	500.21
2970.21	400.21
2970.21	300.21
2970.21	200.21
2980.21	2600.21
2980.21	2500.21
2980.21	2400.21
2980.21	2300.21
2980.21	2200.21
2980.21	2100.21
2980.21	2000.21
2980.21	1900.21
2980.21	1800.21
2980.21	1700.21
2980.21	1600.21
2980.21	1500.21
2980.21	1400.21
2980.21	1300.21
2980.21	1200.21
2980.21	1100.21
2980.21	1000.21
2980.21	900.21
2980.21	800.21
2980.21	700.21
2980.21	600.21
2980.21	500.21
2980.21	400.21
2980.21	300.21
2980.21	200.21
2990.21	2600.21
2990.21	2500.21
2990.21	2400.21
2990.21	2300.21
2990.21	2200.21
2990.21	2100.21
2990.21	2000.21
2990.21	1900.21
2990.21	1800.21
2990.21	1700.21
2990.21	1600.21
2990.21	1500.21
2990.21	1400.21
2990.21	1300.21
2990.21	1200.21
2990.21	1100.21
2990.21	1000.21
2990.21	900.21
2990.21	800.21
2990.21	700.21
2990.21	600.21
2990.21	500.21
2990.21	400.21
2990.21	300.21
2990.21	200.21
3000.21	2600.21
3000.21	2500.21
3000.21	2400.21
3000.21	2300.21
3000.21	2200.21
3000.21	2100.21
3000.21	2000.21
3000.21	1900.21
3000.21	1800.21
3000.21	1700.21
3000.21	1600.21
3000.21	1500.21
3000.21	1400.21
3000.21	1300.21
3000.21	1200.21
3000.21	1100.21
3000.21	1000.21
3000.21	900.21
3000.21	800.21
3000.21	700.21
3000.21	600.21
3000.21	500.21
3000.21	400.21
3000.21	300.21
3000.21	200.21
3010.21	2600.21
3010.21	2500.21
3010.21	2400.21
3010.21	2300.21
3010.21	2200.21
3010.21	2100.21
3010.21	2000.21
3010.21	1900.21
3010.21	1800.21
3010.21	1700.21
3010.21	1600.21
3010.21	1500.21
3010.21	1400.21
3010.21	1300.21
3010.21	1200.21
3010.21	1100.21
3010.21	1000.21
3010.21	900.21
3010.21	800.21
3010.21	700.21
3010.21	600.21
3010.21	500.21
3010.21	400.21
3010.21	300.21
3010.21	200.21
3020.21	2600.21
3020.21	2500.21
3020.21	2400.21
3020.21	2300.21
3020.21	2200.21
3020.21	2100.21
3020.21	2000.21
3020.21	1900.21
3020.21	1800.21
3020.21	1700.21
3020.21	1600.21
3020.21	1500.21
3020.21	1400.21
3020.21	1300.21
3020.21	1200.21
3020.21	1100.21
3020.21	1000.21
3020.21	900.21
3020.21	800.21
3020.21	700.21
3020.21	600.21
3020.21	500.21
3020.21	400.21
3020.21	300.21
3020.21	200.21
3030.21	2600.21
3030.21	2500.21
3030.21	2400.21
3030.21	2300.21
3030.21	2200.21
3030.21	2100.21
3030.21	2000.21
3030.21	1900.21
3030.21	1800.21
3030.21	1700.21
3030.21	1600.21
3030.21	1500.21
3030.21	1400.21
3030.21	1300.21
3030.21	1200.21
3030.21	1100.21
3030.21	1000.21
3030.21	900.21
3030.21	800.21
3030.21	700.21
3030.21	600.21
3030.21	500.21
3030.21	400.21
3030.21	300.21
3030.21	200.21
3031.21	3031.21
3031.21	3021.21
3031.21	3011.21
3031.21	3001.21
3031.21	2991.21
3031.21	2981.21
3031.21	2971.21
3031.21	2961.21
3031.21	2951.21
3031.21	2941.21
3031.21	2931.21
3031.21	2921.21
3031.21	2911.21
3031.21	2901.21
3031.21	2891.21
3031.21	2881.21
3031.21	2871.21
3031.21	2861.21
3031.21	2851.21
3031.21	2841.21
3031.21	2831.21
3031.21	2821.21
3031.21	2811.21
3031.21	2801.21
3031.21	2791.21
3031.21	2781.21
3031.21	2771.21
3031.21	2761.21
3031.21	2751.21
3031.21	2741.21
3031.21	2731.21
3031.21	2721.21
3031.21	2711.21
3031.21	2701.21
3040.21	2700.21
3040.21	2600.21
3040.21	2500.21
3040.21	2400.21
3040.21	2300.21
3040.21	2200.21
3040.21	2100.21
3040.21	2000.21
3040.21	1900.21
3040.21	1800.21
3040.21	1700.21
3040.21	1600.21
3040.21	1500.21
3040.21	1400.21
3040.21	1300.21
3040.21	1200.21
3040.21	1100.21
3040.21	1000.21
3040.21	900.21
3040.21	800.21
3040.21	700.21
3040.21	600.21
3040.21	500.21
3040.21	400.21
3040.21	300.21
3040.21	200.21
3050.21	2700.21
3050.21	2600.21
3050.21	2500.21
3050.21	2400.21
3050.21	2300.21
3050.21	2200.21
3050.21	2100.21
3050.21	2000.21
3050.21	1900.21
3050.21	1800.21
3050.21	1700.21
3050.21	1600.21
3050.21	1500.21
3050.21	1400.21
3050.21	1300.21
3050.21	1200.21
3050.21	1100.21
3050.21	1000.21
3050.21	900.21
3050.21	800.21
3050.21	700.21
3050.21	600.21
3050.21	500.21
3050.21	400.21
3050.21	300.21
3050.21	200.21
3060.21	2700.21
3060.21	2600.21
3060.21	2500.21
3060.21	2400.21
3060.21	2300.21
3060.21	2200.21
3060.21	2100.21
3060.21	2000.21
3060.21	1900.21
3060.21	1800.21
3060.21	1700.21
3060.21	1600.21
3060.21	1500.21
3060.21	1400.21
3060.21	1300.21
3060.21	1200.21
3060.21	1100.21
3060.21	1000.21
3060.21	900.21
3060.21	800.21
3060.21	700.21
3060.21	600.21
3060.21	500.21
3060.21	400.21
3060.21	300.21
3060.21	200.21
3070.21	2700.21
3070.21	2600.21
3070.21	2500.21
3070.21	2400.21
3070.21	2300.21
3070.21	2200.21
3070.21	2100.21
3070.21	2000.21
3070.21	1900.21
3070.21	1800.21
3070.21	1700.21
3070.21	1600.21
3070.21	1500.21
3070.21	1400.21
3070.21	1300.21
3070.21	1200.21
3070.21	1100.21
3070.21	1000.21
3070.21	900.21
3070.21	800.21
3070.21	700.21
3070.21	600.21
3070.21	500.21
3070.21	400.21
3070.21	300.21
3070.21	200.21
3080.21	2700.21
3080.21	2600.21
3080.21	2500.21
3080.21	2400.21
3080.21	2300.21
3080.21	2200.21
3080.21	2100.21
3080.21	2000.21
3080.21	1900.21
3080.21	1800.21
3080.21	1700.21
3080.21	1600.21
3080.21	1500.21
3080.21	1400.21
3080.21	1300.21
3080.21	1200.21
3080.21	1100.21
3080.21	1000.21
3080.21	900.21
3080.21	800.21
3080.21	700.21
3080.21	600.21
3080.21	500.21
3080.21	400.21
3080.21	300.21
3080.21	200.21
3090.21	2700.21
3090.21	2600.21
3090.21	2500.21
3090.21	2400.21
3090.21	2300.21
3090.21	2200.21
3090.21	2100.21
3090.21	2000.21
3090.21	1900.21
3090.21	1800.21
3090.21	1700.21
3090.21	1600.21
3090.21	1500.21
3090.21	1400.21
3090.21	1300.21
3090.21	1200.21
3090.21	1100.21
3090.21	1000.21
3090.21	900.21
3090.21	800.21
3090.21	700.21
3090.21	600.21
3090.21	500.21
3090.21	400.21
3090.21	300.21
3090.21	200.21
3100.21	2700.21
3100.21	2600.21
3100.21	2500.21
3100.21	2400.21
3100.21	2300.21
3100.21	2200.21
3100.21	2100.21
3100.21	2000.21
3100.21	1900.21
3100.21	1800.21
3100.21	1700.21
3100.21	1600.21
3100.21	1500.21
3100.21	1400.21
3100.21	1300.21
3100.21	1200.21
3100.21	1100.21
3100.21	1000.21
3100.21	900.21
3100.21	800.21
3100.21	700.21
3100.21	600.21
3100.21	500.21
3100.21	400.21
3100.21	300.21
3100.21	200.21
3110.21	2700.21
3110.21	2600.21
3110.21	2500.21
3110.21	2400.21
3110.21	2300.21
3110.21	2200.21
3110.21	2100.21
3110.21	2000.21
3110.21	1900.21
3110.21	1800.21
3110.21	1700.21
3110.21	1600.21
3110.21	1500.21
3110.21	1400.21
3110.21	1300.21
3110.21	1200.21
3110.21	1100.21
3110.21	1000.21
3110.21	900.21
3110.21	800.21
3110.21	700.21
3110.21	600.21
3110.21	500.21
3110.21	400.21
3110.21	300.21
3110.21	200.21
3120.21	2700.21
3120.21	2600.21
3120.21	2500.21
3120.21	2400.21
3120.21	2300.21
3120.21	2200.21
3120.21	2100.21
3120.21	2000.21
3120.21	1900.21
3120.21	1800.21
3120.21	1700.21
3120.21	1600.21
3120.21	1500.21
3120.21	1400.21
3120.21	1300.21
3120.21	1200.21
3120.21	1100.21
3120.21	1000.21
3120.21	900.21
3120.21	800.21
3120.21	700.21
3120.21	600.21
3120.21	500.21
3120.21	400.21
3120.21	300.21
3120.21	200.21
3130.21	2700.21
3130.21	2600.21
3130.21	2500.21
3130.21	2400.21
3130.21	2300.21
3130.21	2200.21
3130.21	2100.21
3130.21	2000.21
3130.21	1900.21
3130.21	1800.21
3130.21	1700.21
3130.21	1600.21
3130.21	1500.21
3130.21	1400.21
3130.21	1300.21
3130.21	1200.21
3130.21	1100.21
3130.21	1000.21
3130.21	900.21
3130.21	800.21
3130.21	700.21
3130.21	600.21
3130.21	500.21
3130.21	400.21
3130.21	300.21
3130.21	200.21
3131.21	3131.21
3131.21	3121.21
3131.21	3111.21
3131.21	3101.21
3131.21	3091.21
3131.21	3081.21
3131.21	3071.21
3131.21	3061.21
3131.21	3051.21
3131.21	3041.21
3131.21	3031.21
3131.21	3021.21
3131.21	3011.21
3131.21	3001.21
3131.21	2991.21
3131.21	2981.21
3131.21	2971.21
3131.21	2961.21
3131.21	2951.21
3131.21	2941.21
3131.21	2931.21
3131.21	2921.21
3131.21	2911.21
3131.21	2901.21
3131.21	2891.21
3131.21	2881.21
3131.21	2871.21
3131.21	2861.21
3131.21	2851.21
3131.21	2841.21
3131.21	2831.21
3131.21	2821.21
3131.21	2811.21
3131.21	2801.21
3140.21	2800.21
3140.21	2700.21
3140.21	2600.21
3140.21	2500.21
3140.21	2400.21
3140.21	2300.21
3140.21	2200.21
3140.21	2100.21
3140.21	2000.21
3140.21	1900.21
3140.21	1800.21
3140.21	1700.21
3140.21	1600.21
3140.21	1500.21
3140.21	1400.21
3140.21	1300.21
3140.21	1200.21
3140.21	1100.21
3140.21	1000.21
3140.21	900.21
3140.21	800.21
3140.21	700.21
3140.21	600.21
3140.21	500.21
3140.21	400.21
3140.21	300.21
3140.21	200.21
3150.21	2800.21
3150.21	2700.21
3150.21	2600.21
3150.21	2500.21
3150.21	2400.21
3150.21	2300.21
3150.21	2200.21
3150.21	2100.21
3150.21	2000.21
3150.21	1900.21
3150.21	1800.21
3150.21	1700.21
3150.21	1600.21
3150.21	1500.21
3150.21	1400.21
3150.21	1300.21
3150.21	1200.21
3150.21	1100.21
3150.21	1000.21
3150.21	900.21
3150.21	800.21
3150.21	700.21
3150.21	600.21
3150.21	500.21
3150.21	400.21
3150.21	300.21
3150.21	200.21
3160.21	2800.21
3160.21	2700.21
3160.21	2600.21
3160.21	2500.21
3160.21	2400.21
3160.21	2300.21
3160.21	2200.21
3160.21	2100.21
3160.21	2000.21
3160.21	1900.21
3160.21	1800.21
3160.21	1700.21
3160.21	1600.21
3160.21	1500.21
3160.21	1400.21
3160.21	1300.21
3160.21	1200.21
3160.21	1100.21
3160.21	1000.21
3160.21	900.21
3160.21	800.21
3160.21	700.21
3160.21	600.21
3160.21	500.21
3160.21	400.21
3160.21	300.21
3160.21	200.21
3170.21	2800.21
3170.21	2700.21
3170.21	2600.21
3170.21	2500.21
3170.21	2400.21
3170.21	2300.21
3170.21	2200.21
3170.21	2100.21
3170.21	2000.21
3170.21	1900.21
3170.21	1800.21
3170.21	1700.21
3170.21	1600.21
3170.21	1500.21
3170.21	1400.21
3170.21	1300.21
3170.21	1200.21
3170.21	1100.21
3170.21	1000.21
3170.21	900.21
3170.21	800.21
3170.21	700.21
3170.21	600.21
3170.21	500.21
3170.21	400.21
3170.21	300.21
3170.21	200.21
3180.21	2800.21
3180.21	2700.21
3180.21	2600.21
3180.21	2500.21
3180.21	2400.21
3180.21	2300.21
3180.21	2200.21
3180.21	2100.21
3180.21	2000.21
3180.21	1900.21
3180.21	1800.21
3180.21	1700.21
3180.21	1600.21
3180.21	1500.21
3180.21	1400.21
3180.21	1300.21
3180.21	1200.21
3180.21	1100.21
3180.21	1000.21
3180.21	900.21
3180.21	800.21
3180.21	700.21
3180.21	600.21
3180.21	500.21
3180.21	400.21
3180.21	300.21
3180.21	200.21
3190.21	2800.21
3190.21	2700.21
3190.21	2600.21
3190.21	2500.21
3190.21	2400.21
3190.21	2300.21
3190.21	2200.21
3190.21	2100.21
3190.21	2000.21
3190.21	1900.21
3190.21	1800.21
3190.21	1700.21
3190.21	1600.21
3190.21	1500.21
3190.21	1400.21
3190.21	1300.21
3190.21	1200.21
3190.21	1100.21
3190.21	1000.21
3190.21	900.21
3190.21	800.21
3190.21	700.21
3190.21	600.21
3190.21	500.21
3190.21	400.21
3190.21	300.21
3190.21	200.21
3200.21	2800.21
3200.21	2700.21
3200.21	2600.21
3200.21	2500.21
3200.21	2400.21
3200.21	2300.21
3200.21	2200.21
3200.21	2100.21
3200.21	2000.21
3200.21	1900.21
3200.21	1800.21
3200.21	1700.21
3200.21	1600.21
3200.21	1500.21
3200.21	1400.21
3200.21	1300.21
3200.21	1200.21
3200.21	1100.21
3200.21	1000.21
3200.21	900.21
3200.21	800.21
3200.21	700.21
3200.21	600.21
3200.21	500.21
3200.21	400.21
3200.21	300.21
3200.21	200.21
3210.21	2800.21
3210.21	2700.21
3210.21	2600.21
3210.21	2500.21
3210.21	2400.21
3210.21	2300.21
3210.21	2200.21
3210.21	2100.21
3210.21	2000.21
3210.21	1900.21
3210.21	1800.21
3210.21	1700.21
3210.21	1600.21
3210.21	1500.21
3210.21	1400.21
3210.21	1300.21
3210.21	1200.21
3210.21	1100.21
3210.21	1000.21
3210.21	900.21
3210.21	800.21
3210.21	700.21
3210.21	600.21
3210.21	500.21
3210.21	400.21
3210.21	300.21
3210.21	200.21
3220.21	2800.21
3220.21	2700.21
3220.21	2600.21
3220.21	2500.21
3220.21	2400.21
3220.21	2300.21
3220.21	2200.21
3220.21	2100.21
3220.21	2000.21
3220.21	1900.21
3220.21	1800.21
3220.21	1700.21
3220.21	1600.21
3220.21	1500.21
3220.21	1400.21
3220.21	1300.21
3220.21	1200.21
3220.21	1100.21
3220.21	1000.21
3220.21	900.21
3220.21	800.21
3220.21	700.21
3220.21	600.21
3220.21	500.21
3220.21	400.21
3220.21	300.21
3220.21	200.21
3230.21	2800.21
3230.21	2700.21
3230.21	2600.21
3230.21	2500.21
3230.21	2400.21
3230.21	2300.21
3230.21	2200.21
3230.21	2100.21
3230.21	2000.21
3230.21	1900.21
3230.21	1800.21
3230.21	1700.21
3230.21	1600.21
3230.21	1500.21
3230.21	1400.21
3230.21	1300.21
3230.21	1200.21
3230.21	1100.21
3230.21	1000.21
3230.21	900.21
3230.21	800.21
3230.21	700.21
3230.21	600.21
3230.21	500.21
3230.21	400.21
3230.21	300.21
3230.21	200.21
3231.21	3231.21
3231.21	3221.21
3231.21	3211.21
3231.21	3201.21
3231.21	3191.21
3231.21	3181.21
3231.21	3171.21
3231.21	3161.21
3231.21	3151.21
3231.21	3141.21
3231.21	3131.21
3231.21	3121.21
3231.21	3111.21
3231.21	3101.21
3231.21	3091.21
3231.21	3081.21
3231.21	3071.21
3231.21	3061.21
3231.21	3051.21
3231.21	3041.21
3231.21	3031.21
3231.21	3021.21
3231.21	3011.21
3231.21	3001.21
3231.21	2991.21
3231.21	2981.21
3231.21	2971.21
3231.21	2961.21
3231.21	2951.21
3231.21	2941.21
3231.21	2931.21
3231.21	2921.21
3231.21	2911.21
3231.21	2901.21
3240.21	2900.21
3240.21	2800.21
3240.21	2700.21
3240.21	2600.21
3240.21	2500.21
3240.21	2400.21
3240.21	2300.21
3240.21	2200.21
3240.21	2100.21
3240.21	2000.21
3240.21	1900.21
3240.21	1800.21
3240.21	1700.21
3240.21	1600.21
3240.21	1500.21
3240.21	1400.21
3240.21	1300.21
3240.21	1200.21
3240.21	1100.21
3240.21	1000.21
3240.21	900.21
3240.21	800.21
3240.21	700.21
3240.21	600.21
3240.21	500.21
3240.21	400.21
3240.21	300.21
3240.21	200.21
3250.21	2900.21
3250.21	2800.21
3250.21	2700.21
3250.21	2600.21
3250.21	2500.21
3250.21	2400.21
3250.21	2300.21
3250.21	2200.21
3250.21	2100.21
3250.21	2000.21
3250.21	1900.21
3250.21	1800.21
3250.21	1700.21
3250.21	1600.21
3250.21	1500.21
3250.21	1400.21
3250.21	1300.21
3250.21	1200.21
3250.21	1100.21
3250.21	1000.21
3250.21	900.21
3250.21	800.21
3250.21	700.21
3250.21	600.21
3250.21	500.21
3250.21	400.21
3250.21	300.21
3250.21	200.21
3260.21	2900.21
3260.21	2800.21
3260.21	2700.21
3260.21	2600.21
3260.21	2500.21
3260.21	2400.21
3260.21	2300.21
3260.21	2200.21
3260.21	2100.21
3260.21	2000.21
3260.21	1900.21
3260.21	1800.21
3260.21	1700.21
3260.21	1600.21
3260.21	1500.21
3260.21	1400.21
3260.21	1300.21
3260.21	1200.21
3260.21	1100.21
3260.21	1000.21
3260.21	900.21
3260.21	800.21
3260.21	700.21
3260.21	600.21
3260.21	500.21
3260.21	400.21
3260.21	300.21
3260.21	200.21
3270.21	2900.21
3270.21	2800.21
3270.21	2700.21
3270.21	2600.21
3270.21	2500.21
3270.21	2400.21
3270.21	2300.21
3270.21	2200.21
3270.21	2100.21
3270.21	2000.21
3270.21	1900.21
3270.21	1800.21
3270.21	1700.21
3270.21	1600.21
3270.21	1500.21
3270.21	1400.21
3270.21	1300.21
3270.21	1200.21
3270.21	1100.21
3270.21	1000.21
3270.21	900.21
3270.21	800.21
3270.21	700.21
3270.21	600.21
3270.21	500.21
3270.21	400.21
3270.21	300.21
3270.21	200.21
3280.21	2900.21
3280.21	2800.21
3280.21	2700.21
3280.21	2600.21
3280.21	2500.21
3280.21	2400.21
3280.21	2300.21
3280.21	2200.21
3280.21	2100.21
3280.21	2000.21
3280.21	1900.21
3280.21	1800.21
3280.21	1700.21
3280.21	1600.21
3280.21	1500.21
3280.21	1400.21
3280.21	1300.21
3280.21	1200.21
3280.21	1100.21
3280.21	1000.21
3280.21	900.21
3280.21	800.21
3280.21	700.21
3280.21	600.21
3280.21	500.21
3280.21	400.21
3280.21	300.21
3280.21	200.21
3290.21	2900.21
3290.21	2800.21
3290.21	2700.21
3290.21	2600.21
3290.21	2500.21
3290.21	2400.21
3290.21	2300.21
3290.21	2200.21
3290.21	2100.21
3290.21	2000.21
3290.21	1900.21
3290.21	1800.21
3290.21	1700.21
3290.21	1600.21
3290.21	1500.21
3290.21	1400.21
3290.21	1300.21
3290.21	1200.21
3290.21	1100.21
3290.21	1000.21
3290.21	900.21
3290.21	800.21
3290.21	700.21
3290.21	600.21
3290.21	500.21
3290.21	400.21
3290.21	300.21
3290.21	200.21
3300.21	2900.21
3300.21	2800.21
3300.21	2700.21
3300.21	2600.21
3300.21	2500.21
3300.21	2400.21
3300.21	2300.21
3300.21	2200.21
3300.21	2100.21
3300.21	2000.21
3300.21	1900.21
3300.21	1800.21
3300.21	1700.21
3300.21	1600.21
3300.21	1500.21
3300.21	1400.21
3300.21	1300.21
3300.21	1200.21
3300.21	1100.21
3300.21	1000.21
3300.21	900.21
3300.21	800.21
3300.21	700.21
3300.21	600.21
3300.21	500.21
3300.21	400.21
3300.21	300.21
3300.21	200.21
3310.21	2900.21
3310.21	2800.21
3310.21	2700.21
3310.21	2600.21
3310.21	2500.21
3310.21	2400.21
3310.21	2300.21
3310.21	2200.21
3310.21	2100.21
3310.21	2000.21
3310.21	1900.21
3310.21	1800.21
3310.21	1700.21
3310.21	1600.21
3310.21	1500.21
3310.21	1400.21
3310.21	1300.21
3310.21	1200.21
3310.21	1100.21
3310.21	1000.21
3310.21	900.21
3310.21	800.21
3310.21	700.21
3310.21	600.21
3310.21	500.21
3310.21	400.21
3310.21	300.21
3310.21	200.21
3320.21	2900.21
3320.21	2800.21
3320.21	2700.21
3320.21	2600.21
3320.21	2500.21
3320.21	2400.21
3320.21	2300.21
3320.21	2200.21
3320.21	2100.21
3320.21	2000.21
3320.21	1900.21
3320.21	1800.21
3320.21	1700.21
3320.21	1600.21
3320.21	1500.21
3320.21	1400.21
3320.21	1300.21
3320.21	1200.21
3320.21	1100.21
3320.21	1000.21
3320.21	900.21
3320.21	800.21
3320.21	700.21
3320.21	600.21
3320.21	500.21
3320.21	400.21
3320.21	300.21
3320.21	200.21
3330.21	2900.21
3330.21	2800.21
3330.21	2700.21
3330.21	2600.21
3330.21	2500.21
3330.21	2400.21
3330.21	2300.21
3330.21	2200.21
3330.21	2100.21
3330.21	2000.21
3330.21	1900.21
3330.21	1800.21
3330.21	1700.21
3330.21	1600.21
3330.21	1500.21
3330.21	1400.21
3330.21	1300.21
3330.21	1200.21
3330.21	1100.21
3330.21	1000.21
3330.21	900.21
3330.21	800.21
3330.21	700.21
3330.21	600.21
3330.21	500.21
3330.21	400.21
3330.21	300.21
3330.21	200.21
3331.21	3331.21
3331.21	3321.21
3331.21	3311.21
3331.21	3301.21
3331.21	3291.21
3331.21	3281.21
3331.21	3271.21
3331.21	3261.21
3331.21	3251.21
3331.21	3241.21
3331.21	3231.21
3331.21	3221.21
3331.21	3211.21
3331.21	3201.21
3331.21	3191.21
3331.21	3181.21
3331.21	3171.21
3331.21	3161.21
3331.21	3151.21
3331.21	3141.21
3331.21	3131.21
3331.21	3121.21
3331.21	3111.21
3331.21	3101.21
3331.21	3091.21
3331.21	3081.21
3331.21	3071.21
3331.21	3061.21
3331.21	3051.21
3331.21	3041.21
3331.21	3031.21
3331.21	3021.21
3331.21	3011.21
3331.21	3001.21
3340.21	3000.21
3340.21	2900.21
3340.21	2800.21
3340.21	2700.21
3340.21	2600.21
3340.21	2500.21
3340.21	2400.21
3340.21	2300.21
3340.21	2200.21
3340.21	2100.21
3340.21	2000.21
3340.21	1900.21
3340.21	1800.21
3340.21	1700.21
3340.21	1600.21
3340.21	1500.21
3340.21	1400.21
3340.21	1300.21
3340.21	1200.21
3340.21	1100.21
3340.21	1000.21
3340.21	900.21
3340.21	800.21
3340.21	700.21
3340.21	600.21
3340.21	500.21
3340.21	400.21
3340.21	300.21
3340.21	200.21
3350.21	3000.21
3350.21	2900.21
3350.21	2800.21
3350.21	2700.21
3350.21	2600.21
3350.21	2500.21
3350.21	2400.21
3350.21	2300.21
3350.21	2200.21
3350.21	2100.21
3350.21	2000.21
3350.21	1900.21
3350.21	1800.21
3350.21	1700.21
3350.21	1600.21
3350.21	1500.21
3350.21	1400.21
3350.21	1300.21
3350.21	1200.21
3350.21	1100.21
3350.21	1000.21
3350.21	900.21
3350.21	800.21
3350.21	700.21
3350.21	600.21
3350.21	500.21
3350.21	400.21
3350.21	300.21
3350.21	200.21
3360.21	3000.21
3360.21	2900.21
3360.21	2800.21
3360.21	2700.21
3360.21	2600.21
3360.21	2500.21
3360.21	2400.21
3360.21	2300.21
3360.21	2200.21
3360.21	2100.21
3360.21	2000.21
3360.21	1900.21
3360.21	1800.21
3360.21	1700.21
3360.21	1600.21
3360.21	1500.21
3360.21	1400.21
3360.21	1300.21
3360.21	1200.21
3360.21	1100.21
3360.21	1000.21
3360.21	900.21
3360.21	800.21
3360.21	700.21
3360.21	600.21
3360.21	500.21
3360.21	400.21
3360.21	300.21
3360.21	200.21
3370.21	3000.21
3370.21	2900.21
3370.21	2800.21
3370.21	2700.21
3370.21	2600.21
3370.21	2500.21
3370.21	2400.21
3370.21	2300.21
3370.21	2200.21
3370.21	2100.21
3370.21	2000.21
3370.21	1900.21
3370.21	1800.21
3370.21	1700.21
3370.21	1600.21
3370.21	1500.21
3370.21	1400.21
3370.21	1300.21
3370.21	1200.21
3370.21	1100.21
3370.21	1000.21
3370.21	900.21
3370.21	800.21
3370.21	700.21
3370.21	600.21
3370.21	500.21
3370.21	400.21
3370.21	300.21
3370.21	200.21
3380.21	3000.21
3380.21	2900.21
3380.21	2800.21
3380.21	2700.21
3380.21	2600.21
3380.21	2500.21
3380.21	2400.21
3380.21	2300.21
3380.21	2200.21
3380.21	2100.21
3380.21	2000.21
3380.21	1900.21
3380.21	1800.21
3380.21	1700.21
3380.21	1600.21
3380.21	1500.21
3380.21	1400.21
3380.21	1300.21
3380.21	1200.21
3380.21	1100.21
3380.21	1000.21
3380.21	900.21
3380.21	800.21
3380.21	700.21
3380.21	600.21
3380.21	500.21
3380.21	400.21
3380.21	300.21
3380.21	200.21
3390.21	3000.21
3390.21	2900.21
3390.21	2800.21
3390.21	2700.21
3390.21	2600.21
3390.21	2500.21
3390.21	2400.21
3390.21	2300.21
3390.21	2200.21
3390.21	2100.21
3390.21	2000.21
3390.21	1900.21
3390.21	1800.21
3390.21	1700.21
3390.21	1600.21
3390.21	1500.21
3390.21	1400.21
3390.21	1300.21
3390.21	1200.21
3390.21	1100.21
3390.21	1000.21
3390.21	900.21
3390.21	800.21
3390.21	700.21
3390.21	600.21
3390.21	500.21
3390.21	400.21
3390.21	300.21
3390.21	200.21
3400.21	3000.21
3400.21	2900.21
3400.21	2800.21
3400.21	2700.21
3400.21	2600.21
3400.21	2500.21
3400.21	2400.21
3400.21	2300.21
3400.21	2200.21
3400.21	2100.21
3400.21	2000.21
3400.21	1900.21
3400.21	1800.21
3400.21	1700.21
3400.21	1600.21
3400.21	1500.21
3400.21	1400.21
3400.21	1300.21
3400.21	1200.21
3400.21	1100.21
3400.21	1000.21
3400.21	900.21
3400.21	800.21
3400.21	700.21
3400.21	600.21
3400.21	500.21
3400.21	400.21
3400.21	300.21
3400.21	200.21
3410.21	3000.21
3410.21	2900.21
3410.21	2800.21
3410.21	2700.21
3410.21	2600.21
3410.21	2500.21
3410.21	2400.21
3410.21	2300.21
3410.21	2200.21
3410.21	2100.21
3410.21	2000.21
3410.21	1900.21
3410.21	1800.21
3410.21	1700.21
3410.21	1600.21
3410.21	1500.21
3410.21	1400.21
3410.21	1300.21
3410.21	1200.21
3410.21	1100.21
3410.21	1000.21
3410.21	900.21
3410.21	800.21
3410.21	700.21
3410.21	600.21
3410.21	500.21
3410.21	400.21
3410.21	300.21
3410.21	200.21
3420.21	3000.21
3420.21	2900.21
3420.21	2800.21
3420.21	2700.21
3420.21	2600.21
3420.21	2500.21
3420.21	2400.21
3420.21	2300.21
3420.21	2200.21
3420.21	2100.21
3420.21	2000.21
3420.21	1900.21
3420.21	1800.21
3420.21	1700.21
3420.21	1600.21
3420.21	1500.21
3420.21	1400.21
3420.21	1300.21
3420.21	1200.21
3420.21	1100.21
3420.21	1000.21
3420.21	900.21
3420.21	800.21
3420.21	700.21
3420.21	600.21
3420.21	500.21
3420.21	400.21
3420.21	300.21
3420.21	200.21
3430.21	3000.21
3430.21	2900.21
3430.21	2800.21
3430.21	2700.21
3430.21	2600.21
3430.21	2500.21
3430.21	2400.21
3430.21	2300.21
3430.21	2200.21
3430.21	2100.21
3430.21	2000.21
3430.21	1900.21
3430.21	1800.21
3430.21	1700.21
3430.21	1600.21
3430.21	1500.21
3430.21	1400.21
3430.21	1300.21
3430.21	1200.21
3430.21	1100.21
3430.21	1000.21
3430.21	900.21
3430.21	800.21
3430.21	700.21
3430.21	600.21
3430.21	500.21
3430.21	400.21
3430.21	300.21
3430.21	200.21
3431.21	3431.21
3431.21	3421.21
3431.21	3411.21
3431.21	3401.21
3431.21	3391.21
3431.21	3381.21
3431.21	3371.21
3431.21	3361.21
3431.21	3351.21
3431.21	3341.21
3431.21	3331.21
3431.21	3321.21
3431.21	3311.21
3431.21	3301.21
3431.21	3291.21
3431.21	3281.21
3431.21	3271.21
3431.21	3261.21
3431.21	3251.21
3431.21	3241.21
3431.21	3231.21
3431.21	3221.21
3431.21	3211.21
3431.21	3201.21
3431.21	3191.21
3431.21	3181.21
3431.21	3171.21
3431.21	3161.21
3431.21	3151.21
3431.21	3141.21
3431.21	3131.21
3431.21	3121.21
3431.21	3111.21
3431.21	3101.21
3440.21	3100.21
3440.21	3000.21
3440.21	2900.21
3440.21	2800.21
3440.21	2700.21
3440.21	2600.21
3440.21	2500.21
3440.21	2400.21
3440.21	2300.21
3440.21	2200.21
3440.21	2100.21
3440.21	2000.21
3440.21	1900.21
3440.21	1800.21
3440.21	1700.21
3440.21	1600.21
3440.21	1500.21
3440.21	1400.21
3440.21	1300.21
3440.21	1200.21
3440.21	1100.21
3440.21	1000.21
3440.21	900.21
3440.21	800.21
3440.21	700.21
3440.21	600.21
3440.21	500.21
3440.21	400.21
3440.21	300.21
3440.21	200.21
3450.21	3100.21
3450.21	3000.21
3450.21	2900.21
3450.21	2800.21
3450.21	2700.21
3450.21	2600.21
3450.21	2500.21
3450.21	2400.21
3450.21	2300.21
3450.21	2200.21
3450.21	2100.21
3450.21	2000.21
3450.21	1900.21
3450.21	1800.21
3450.21	1700.21
3450.21	1600.21
3450.21	1500.21
3450.21	1400.21
3450.21	1300.21
3450.21	1200.21
3450.21	1100.21
3450.21	1000.21
3450.21	900.21
3450.21	800.21
3450.21	700.21
3450.21	600.21
3450.21	500.21
3450.21	400.21
3450.21	300.21
3450.21	200.21
