531.21	531.21
531.21	521.21
531.21	511.21
531.21	501.21
531.21	491.21
531.21	481.21
531.21	471.21
531.21	461.21
531.21	451.21
531.21	441.21
531.21	431.21
531.21	421.21
531.21	411.21
531.21	401.21
531.21	391.21
531.21	381.21
531.21	371.21
531.21	361.21
531.21	351.21
531.21	341.21
531.21	331.21
531.21	321.21
531.21	311.21
531.21	301.21
531.21	291.21
531.21	281.21
531.21	271.21
531.21	261.21
531.21	251.21
531.21	241.21
531.21	231.21
531.21	221.21
531.21	211.21
531.21	201.21
540.21	200.21
550.21	200.21
560.21	200.21
570.21	200.21
580.21	200.21
590.21	200.21
600.21	200.21
610.21	200.21
620.21	200.21
630.21	200.21
631.21	631.21
631.21	621.21
631.21	611.21
631.21	601.21
631.21	591.21
631.21	581.21
631.21	571.21
631.21	561.21
631.21	551.21
631.21	541.21
631.21	531.21
631.21	521.21
631.21	511.21
631.21	501.21
631.21	491.21
631.21	481.21
631.21	471.21
631.21	461.21
631.21	451.21
631.21	441.21
631.21	431.21
631.21	421.21
631.21	411.21
631.21	401.21
631.21	391.21
631.21	381.21
631.21	371.21
631.21	361.21
631.21	351.21
631.21	341.21
631.21	331.21
631.21	321.21
631.21	311.21
631.21	301.21
640.21	300.21
640.21	200.21
650.21	300.21
650.21	200.21
660.21	300.21
660.21	200.21
670.21	300.21
670.21	200.21
680.21	300.21
680.21	200.21
690.21	300.21
690.21	200.21
700.21	300.21
700.21	200.21
710.21	300.21
710.21	200.21
720.21	300.21
720.21	200.21
730.21	300.21
730.21	200.21
731.21	731.21
731.21	721.21
731.21	711.21
731.21	701.21
731.21	691.21
731.21	681.21
731.21	671.21
731.21	661.21
731.21	651.21
731.21	641.21
731.21	631.21
731.21	621.21
731.21	611.21
731.21	601.21
731.21	591.21
731.21	581.21
731.21	571.21
731.21	561.21
731.21	551.21
731.21	541.21
731.21	531.21
731.21	521.21
731.21	511.21
731.21	501.21
731.21	491.21
731.21	481.21
731.21	471.21
731.21	461.21
731.21	451.21
731.21	441.21
731.21	431.21
731.21	421.21
731.21	411.21
731.21	401.21
740.21	400.21
740.21	300.21
740.21	200.21
750.21	400.21
750.21	300.21
750.21	200.21
760.21	400.21
760.21	300.21
760.21	200.21
770.21	400.21
770.21	300.21
770.21	200.21
780.21	400.21
780.21	300.21
780.21	200.21
790.21	400.21
790.21	300.21
790.21	200.21
800.21	400.21
800.21	300.21
800.21	200.21
810.21	400.21
810.21	300.21
810.21	200.21
820.21	400.21
820.21	300.21
820.21	200.21
830.21	400.21
830.21	300.21
830.21	200.21
831.21	831.21
831.21	821.21
831.21	811.21
831.21	801.21
831.21	791.21
831.21	781.21
831.21	771.21
831.21	761.21
831.21	751.21
831.21	741.21
831.21	731.21
831.21	721.21
831.21	711.21
831.21	701.21
831.21	691.21
831.21	681.21
831.21	671.21
831.21	661.21
831.21	651.21
831.21	641.21
831.21	631.21
831.21	621.21
831.21	611.21
831.21	601.21
831.21	591.21
831.21	581.21
831.21	571.21
831.21	561.21
831.21	551.21
831.21	541.21
831.21	531.21
831.21	521.21
831.21	511.21
831.21	501.21
840.21	500.21
840.21	400.21
840.21	300.21
840.21	200.21
850.21	500.21
850.21	400.21
850.21	300.21
850.21	200.21
860.21	500.21
860.21	400.21
860.21	300.21
860.21	200.21
870.21	500.21
870.21	400.21
870.21	300.21
870.21	200.21
880.21	500.21
880.21	400.21
880.21	300.21
880.21	200.21
890.21	500.21
890.21	400.21
890.21	300.21
890.21	200.21
900.21	500.21
900.21	400.21
900.21	300.21
900.21	200.21
910.21	500.21
910.21	400.21
910.21	300.21
910.21	200.21
920.21	500.21
920.21	400.21
920.21	300.21
920.21	200.21
930.21	500.21
930.21	400.21
930.21	300.21
930.21	200.21
931.21	931.21
931.21	921.21
931.21	911.21
931.21	901.21
931.21	891.21
931.21	881.21
931.21	871.21
931.21	861.21
931.21	851.21
931.21	841.21
931.21	831.21
931.21	821.21
931.21	811.21
931.21	801.21
931.21	791.21
931.21	781.21
931.21	771.21
931.21	761.21
931.21	751.21
931.21	741.21
931.21	731.21
931.21	721.21
931.21	711.21
931.21	701.21
931.21	691.21
931.21	681.21
931.21	671.21
931.21	661.21
931.21	651.21
931.21	641.21
931.21	631.21
931.21	621.21
931.21	611.21
931.21	601.21
940.21	600.21
940.21	500.21
940.21	400.21
940.21	300.21
940.21	200.21
950.21	600.21
950.21	500.21
950.21	400.21
950.21	300.21
950.21	200.21
960.21	600.21
960.21	500.21
960.21	400.21
960.21	300.21
960.21	200.21
970.21	600.21
970.21	500.21
970.21	400.21
970.21	300.21
970.21	200.21
980.21	600.21
980.21	500.21
980.21	400.21
980.21	300.21
980.21	200.21
990.21	600.21
990.21	500.21
990.21	400.21
990.21	300.21
990.21	200.21
1000.21	600.21
1000.21	500.21
1000.21	400.21
1000.21	300.21
1000.21	200.21
1010.21	600.21
1010.21	500.21
1010.21	400.21
1010.21	300.21
1010.21	200.21
1020.21	600.21
1020.21	500.21
1020.21	400.21
1020.21	300.21
1020.21	200.21
1030.21	600.21
1030.21	500.21
1030.21	400.21
1030.21	300.21
1030.21	200.21
1040.21	600.21
1040.21	500.21
1040.21	400.21
1040.21	300.21
1040.21	200.21
1050.21	600.21
1050.21	500.21
1050.21	400.21
1050.21	300.21
1050.21	200.21
1060.21	600.21
1060.21	500.21
1060.21	400.21
1060.21	300.21
1060.21	200.21
1070.21	600.21
1070.21	500.21
1070.21	400.21
1070.21	300.21
1070.21	200.21
1080.21	600.21
1080.21	500.21
1080.21	400.21
1080.21	300.21
1080.21	200.21
1090.21	600.21
1090.21	500.21
1090.21	400.21
1090.21	300.21
1090.21	200.21
1100.21	600.21
1100.21	500.21
1100.21	400.21
1100.21	300.21
1100.21	200.21
1110.21	600.21
1110.21	500.21
1110.21	400.21
1110.21	300.21
1110.21	200.21
1120.21	600.21
1120.21	500.21
1120.21	400.21
1120.21	300.21
1120.21	200.21
1130.21	600.21
1130.21	500.21
1130.21	400.21
1130.21	300.21
1130.21	200.21
1140.21	600.21
1140.21	500.21
1140.21	400.21
1140.21	300.21
1140.21	200.21
1150.21	600.21
1150.21	500.21
1150.21	400.21
1150.21	300.21
1150.21	200.21
1160.21	600.21
1160.21	500.21
1160.21	400.21
1160.21	300.21
1160.21	200.21
1170.21	600.21
1170.21	500.21
1170.21	400.21
1170.21	300.21
1170.21	200.21
1180.21	600.21
1180.21	500.21
1180.21	400.21
1180.21	300.21
1180.21	200.21
1190.21	600.21
1190.21	500.21
1190.21	400.21
1190.21	300.21
1190.21	200.21
1200.21	600.21
1200.21	500.21
1200.21	400.21
1200.21	300.21
1200.21	200.21
1210.21	600.21
1210.21	500.21
1210.21	400.21
1210.21	300.21
1210.21	200.21
1220.21	600.21
1220.21	500.21
1220.21	400.21
1220.21	300.21
1220.21	200.21
1230.21	600.21
1230.21	500.21
1230.21	400.21
1230.21	300.21
1230.21	200.21
1240.21	600.21
1240.21	500.21
1240.21	400.21
1240.21	300.21
1240.21	200.21
1250.21	600.21
1250.21	500.21
1250.21	400.21
1250.21	300.21
1250.21	200.21
1260.21	600.21
1260.21	500.21
1260.21	400.21
1260.21	300.21
1260.21	200.21
1270.21	600.21
1270.21	500.21
1270.21	400.21
1270.21	300.21
1270.21	200.21
1280.21	600.21
1280.21	500.21
1280.21	400.21
1280.21	300.21
1280.21	200.21
1290.21	600.21
1290.21	500.21
1290.21	400.21
1290.21	300.21
1290.21	200.21
1300.21	600.21
1300.21	500.21
1300.21	400.21
1300.21	300.21
1300.21	200.21
1310.21	600.21
1310.21	500.21
1310.21	400.21
1310.21	300.21
1310.21	200.21
1320.21	600.21
1320.21	500.21
1320.21	400.21
1320.21	300.21
1320.21	200.21
1330.21	600.21
1330.21	500.21
1330.21	400.21
1330.21	300.21
1330.21	200.21
1340.21	600.21
1340.21	500.21
1340.21	400.21
1340.21	300.21
1340.21	200.21
1350.21	600.21
1350.21	500.21
1350.21	400.21
1350.21	300.21
1350.21	200.21
1360.21	600.21
1360.21	500.21
1360.21	400.21
1360.21	300.21
1360.21	200.21
1370.21	600.21
1370.21	500.21
1370.21	400.21
1370.21	300.21
1370.21	200.21
1380.21	600.21
1380.21	500.21
1380.21	400.21
1380.21	300.21
1380.21	200.21
1390.21	600.21
1390.21	500.21
1390.21	400.21
1390.21	300.21
1390.21	200.21
1400.21	600.21
1400.21	500.21
1400.21	400.21
1400.21	300.21
1400.21	200.21
1410.21	600.21
1410.21	500.21
1410.21	400.21
1410.21	300.21
1410.21	200.21
1420.21	600.21
1420.21	500.21
1420.21	400.21
1420.21	300.21
1420.21	200.21
1430.21	600.21
1430.21	500.21
1430.21	400.21
1430.21	300.21
1430.21	200.21
1440.21	600.21
1440.21	500.21
1440.21	400.21
1440.21	300.21
1440.21	200.21
1450.21	600.21
1450.21	500.21
1450.21	400.21
1450.21	300.21
1450.21	200.21
1460.21	600.21
1460.21	500.21
1460.21	400.21
1460.21	300.21
1460.21	200.21
1470.21	600.21
1470.21	500.21
1470.21	400.21
1470.21	300.21
1470.21	200.21
1480.21	600.21
1480.21	500.21
1480.21	400.21
1480.21	300.21
1480.21	200.21
1490.21	600.21
1490.21	500.21
1490.21	400.21
1490.21	300.21
1490.21	200.21
1500.21	600.21
1500.21	500.21
1500.21	400.21
1500.21	300.21
1500.21	200.21
1510.21	600.21
1510.21	500.21
1510.21	400.21
1510.21	300.21
1510.21	200.21
1520.21	600.21
1520.21	500.21
1520.21	400.21
1520.21	300.21
1520.21	200.21
1530.21	600.21
1530.21	500.21
1530.21	400.21
1530.21	300.21
1530.21	200.21
1540.21	600.21
1540.21	500.21
1540.21	400.21
1540.21	300.21
1540.21	200.21
1550.21	600.21
1550.21	500.21
1550.21	400.21
1550.21	300.21
1550.21	200.21
1560.21	600.21
1560.21	500.21
1560.21	400.21
1560.21	300.21
1560.21	200.21
1570.21	600.21
1570.21	500.21
1570.21	400.21
1570.21	300.21
1570.21	200.21
1580.21	600.21
1580.21	500.21
1580.21	400.21
1580.21	300.21
1580.21	200.21
1590.21	600.21
1590.21	500.21
1590.21	400.21
1590.21	300.21
1590.21	200.21
1600.21	600.21
1600.21	500.21
1600.21	400.21
1600.21	300.21
1600.21	200.21
1610.21	600.21
1610.21	500.21
1610.21	400.21
1610.21	300.21
1610.21	200.21
1620.21	600.21
1620.21	500.21
1620.21	400.21
1620.21	300.21
1620.21	200.21
1630.21	600.21
1630.21	500.21
1630.21	400.21
1630.21	300.21
1630.21	200.21
1640.21	600.21
1640.21	500.21
1640.21	400.21
1640.21	300.21
1640.21	200.21
1650.21	600.21
1650.21	500.21
1650.21	400.21
1650.21	300.21
1650.21	200.21
1660.21	600.21
1660.21	500.21
1660.21	400.21
1660.21	300.21
1660.21	200.21
1670.21	600.21
1670.21	500.21
1670.21	400.21
1670.21	300.21
1670.21	200.21
1680.21	600.21
1680.21	500.21
1680.21	400.21
1680.21	300.21
1680.21	200.21
1690.21	600.21
1690.21	500.21
1690.21	400.21
1690.21	300.21
1690.21	200.21
1700.21	600.21
1700.21	500.21
1700.21	400.21
1700.21	300.21
1700.21	200.21
1710.21	600.21
1710.21	500.21
1710.21	400.21
1710.21	300.21
1710.21	200.21
1720.21	600.21
1720.21	500.21
1720.21	400.21
1720.21	300.21
1720.21	200.21
1730.21	600.21
1730.21	500.21
1730.21	400.21
1730.21	300.21
1730.21	200.21
1740.21	600.21
1740.21	500.21
1740.21	400.21
1740.21	300.21
1740.21	200.21
1750.21	600.21
1750.21	500.21
1750.21	400.21
1750.21	300.21
1750.21	200.21
1760.21	600.21
1760.21	500.21
1760.21	400.21
1760.21	300.21
1760.21	200.21
1770.21	600.21
1770.21	500.21
1770.21	400.21
1770.21	300.21
1770.21	200.21
1780.21	600.21
1780.21	500.21
1780.21	400.21
1780.21	300.21
1780.21	200.21
1790.21	600.21
1790.21	500.21
1790.21	400.21
1790.21	300.21
1790.21	200.21
1800.21	600.21
1800.21	500.21
1800.21	400.21
1800.21	300.21
1800.21	200.21
1810.21	600.21
1810.21	500.21
1810.21	400.21
1810.21	300.21
1810.21	200.21
1820.21	600.21
1820.21	500.21
1820.21	400.21
1820.21	300.21
1820.21	200.21
1830.21	600.21
1830.21	500.21
1830.21	400.21
1830.21	300.21
1830.21	200.21
1840.21	600.21
1840.21	500.21
1840.21	400.21
1840.21	300.21
1840.21	200.21
1850.21	600.21
1850.21	500.21
1850.21	400.21
1850.21	300.21
1850.21	200.21
1860.21	600.21
1860.21	500.21
1860.21	400.21
1860.21	300.21
1860.21	200.21
1870.21	600.21
1870.21	500.21
1870.21	400.21
1870.21	300.21
1870.21	200.21
1880.21	600.21
1880.21	500.21
1880.21	400.21
1880.21	300.21
1880.21	200.21
1890.21	600.21
1890.21	500.21
1890.21	400.21
1890.21	300.21
1890.21	200.21
1900.21	600.21
1900.21	500.21
1900.21	400.21
1900.21	300.21
1900.21	200.21
1910.21	600.21
1910.21	500.21
1910.21	400.21
1910.21	300.21
1910.21	200.21
1920.21	600.21
1920.21	500.21
1920.21	400.21
1920.21	300.21
1920.21	200.21
1930.21	600.21
1930.21	500.21
1930.21	400.21
1930.21	300.21
1930.21	200.21
1940.21	600.21
1940.21	500.21
1940.21	400.21
1940.21	300.21
1940.21	200.21
1950.21	600.21
1950.21	500.21
1950.21	400.21
1950.21	300.21
1950.21	200.21
1960.21	600.21
1960.21	500.21
1960.21	400.21
1960.21	300.21
1960.21	200.21
1970.21	600.21
1970.21	500.21
1970.21	400.21
1970.21	300.21
1970.21	200.21
1980.21	600.21
1980.21	500.21
1980.21	400.21
1980.21	300.21
1980.21	200.21
1990.21	600.21
1990.21	500.21
1990.21	400.21
1990.21	300.21
1990.21	200.21
2000.21	600.21
2000.21	500.21
2000.21	400.21
2000.21	300.21
2000.21	200.21
2010.21	600.21
2010.21	500.21
2010.21	400.21
2010.21	300.21
2010.21	200.21
2020.21	600.21
2020.21	500.21
2020.21	400.21
2020.21	300.21
2020.21	200.21
2030.21	600.21
2030.21	500.21
2030.21	400.21
2030.21	300.21
2030.21	200.21
2040.21	600.21
2040.21	500.21
2040.21	400.21
2040.21	300.21
2040.21	200.21
2050.21	600.21
2050.21	500.21
2050.21	400.21
2050.21	300.21
2050.21	200.21
2060.21	600.21
2060.21	500.21
2060.21	400.21
2060.21	300.21
2060.21	200.21
2070.21	600.21
2070.21	500.21
2070.21	400.21
2070.21	300.21
2070.21	200.21
2080.21	600.21
2080.21	500.21
2080.21	400.21
2080.21	300.21
2080.21	200.21
2090.21	600.21
2090.21	500.21
2090.21	400.21
2090.21	300.21
2090.21	200.21
2100.21	600.21
2100.21	500.21
2100.21	400.21
2100.21	300.21
2100.21	200.21
2110.21	600.21
2110.21	500.21
2110.21	400.21
2110.21	300.21
2110.21	200.21
2120.21	600.21
2120.21	500.21
2120.21	400.21
2120.21	300.21
2120.21	200.21
2130.21	600.21
2130.21	500.21
2130.21	400.21
2130.21	300.21
2130.21	200.21
2140.21	600.21
2140.21	500.21
2140.21	400.21
2140.21	300.21
2140.21	200.21
2150.21	600.21
2150.21	500.21
2150.21	400.21
2150.21	300.21
2150.21	200.21
2160.21	600.21
2160.21	500.21
2160.21	400.21
2160.21	300.21
2160.21	200.21
2170.21	600.21
2170.21	500.21
2170.21	400.21
2170.21	300.21
2170.21	200.21
2180.21	600.21
2180.21	500.21
2180.21	400.21
2180.21	300.21
2180.21	200.21
2190.21	600.21
2190.21	500.21
2190.21	400.21
2190.21	300.21
2190.21	200.21
2200.21	600.21
2200.21	500.21
2200.21	400.21
2200.21	300.21
2200.21	200.21
2210.21	600.21
2210.21	500.21
2210.21	400.21
2210.21	300.21
2210.21	200.21
2220.21	600.21
2220.21	500.21
2220.21	400.21
2220.21	300.21
2220.21	200.21
2230.21	600.21
2230.21	500.21
2230.21	400.21
2230.21	300.21
2230.21	200.21
2240.21	600.21
2240.21	500.21
2240.21	400.21
2240.21	300.21
2240.21	200.21
2250.21	600.21
2250.21	500.21
2250.21	400.21
2250.21	300.21
2250.21	200.21
2260.21	600.21
2260.21	500.21
2260.21	400.21
2260.21	300.21
2260.21	200.21
2270.21	600.21
2270.21	500.21
2270.21	400.21
2270.21	300.21
2270.21	200.21
2280.21	600.21
2280.21	500.21
2280.21	400.21
2280.21	300.21
2280.21	200.21
2290.21	600.21
2290.21	500.21
2290.21	400.21
2290.21	300.21
2290.21	200.21
2300.21	600.21
2300.21	500.21
2300.21	400.21
2300.21	300.21
2300.21	200.21
2310.21	600.21
2310.21	500.21
2310.21	400.21
2310.21	300.21
2310.21	200.21
2320.21	600.21
2320.21	500.21
2320.21	400.21
2320.21	300.21
2320.21	200.21
2330.21	600.21
2330.21	500.21
2330.21	400.21
2330.21	300.21
2330.21	200.21
2340.21	600.21
2340.21	500.21
2340.21	400.21
2340.21	300.21
2340.21	200.21
2350.21	600.21
2350.21	500.21
2350.21	400.21
2350.21	300.21
2350.21	200.21
2360.21	600.21
2360.21	500.21
2360.21	400.21
2360.21	300.21
2360.21	200.21
2370.21	600.21
2370.21	500.21
2370.21	400.21
2370.21	300.21
2370.21	200.21
2380.21	600.21
2380.21	500.21
2380.21	400.21
2380.21	300.21
2380.21	200.21
2390.21	600.21
2390.21	500.21
2390.21	400.21
2390.21	300.21
2390.21	200.21
2400.21	600.21
2400.21	500.21
2400.21	400.21
2400.21	300.21
2400.21	200.21
2410.21	600.21
2410.21	500.21
2410.21	400.21
2410.21	300.21
2410.21	200.21
2420.21	600.21
2420.21	500.21
2420.21	400.21
2420.21	300.21
2420.21	200.21
2430.21	600.21
2430.21	500.21
2430.21	400.21
2430.21	300.21
2430.21	200.21
2440.21	600.21
2440.21	500.21
2440.21	400.21
2440.21	300.21
2440.21	200.21
2450.21	600.21
2450.21	500.21
2450.21	400.21
2450.21	300.21
2450.21	200.21
2460.21	600.21
2460.21	500.21
2460.21	400.21
2460.21	300.21
2460.21	200.21
2470.21	600.21
2470.21	500.21
2470.21	400.21
2470.21	300.21
2470.21	200.21
2480.21	600.21
2480.21	500.21
2480.21	400.21
2480.21	300.21
2480.21	200.21
2490.21	600.21
2490.21	500.21
2490.21	400.21
2490.21	300.21
2490.21	200.21
2500.21	600.21
2500.21	500.21
2500.21	400.21
2500.21	300.21
2500.21	200.21
2510.21	600.21
2510.21	500.21
2510.21	400.21
2510.21	300.21
2510.21	200.21
2520.21	600.21
2520.21	500.21
2520.21	400.21
2520.21	300.21
2520.21	200.21
2530.21	600.21
2530.21	500.21
2530.21	400.21
2530.21	300.21
2530.21	200.21
2540.21	600.21
2540.21	500.21
2540.21	400.21
2540.21	300.21
2540.21	200.21
2550.21	600.21
2550.21	500.21
2550.21	400.21
2550.21	300.21
2550.21	200.21
2560.21	600.21
2560.21	500.21
2560.21	400.21
2560.21	300.21
2560.21	200.21
2570.21	600.21
2570.21	500.21
2570.21	400.21
2570.21	300.21
2570.21	200.21
2580.21	600.21
2580.21	500.21
2580.21	400.21
2580.21	300.21
2580.21	200.21
2590.21	600.21
2590.21	500.21
2590.21	400.21
2590.21	300.21
2590.21	200.21
2600.21	600.21
2600.21	500.21
2600.21	400.21
2600.21	300.21
2600.21	200.21
2610.21	600.21
2610.21	500.21
2610.21	400.21
2610.21	300.21
2610.21	200.21
2620.21	600.21
2620.21	500.21
2620.21	400.21
2620.21	300.21
2620.21	200.21
2630.21	600.21
2630.21	500.21
2630.21	400.21
2630.21	300.21
2630.21	200.21
2640.21	600.21
2640.21	500.21
2640.21	400.21
2640.21	300.21
2640.21	200.21
2650.21	600.21
2650.21	500.21
2650.21	400.21
2650.21	300.21
2650.21	200.21
2660.21	600.21
2660.21	500.21
2660.21	400.21
2660.21	300.21
2660.21	200.21
2670.21	600.21
2670.21	500.21
2670.21	400.21
2670.21	300.21
2670.21	200.21
2680.21	600.21
2680.21	500.21
2680.21	400.21
2680.21	300.21
2680.21	200.21
2690.21	600.21
2690.21	500.21
2690.21	400.21
2690.21	300.21
2690.21	200.21
2700.21	600.21
2700.21	500.21
2700.21	400.21
2700.21	300.21
2700.21	200.21
2710.21	600.21
2710.21	500.21
2710.21	400.21
2710.21	300.21
2710.21	200.21
2720.21	600.21
2720.21	500.21
2720.21	400.21
2720.21	300.21
2720.21	200.21
2730.21	600.21
2730.21	500.21
2730.21	400.21
2730.21	300.21
2730.21	200.21
2740.21	600.21
2740.21	500.21
2740.21	400.21
2740.21	300.21
2740.21	200.21
2750.21	600.21
2750.21	500.21
2750.21	400.21
2750.21	300.21
2750.21	200.21
2760.21	600.21
2760.21	500.21
2760.21	400.21
2760.21	300.21
2760.21	200.21
2770.21	600.21
2770.21	500.21
2770.21	400.21
2770.21	300.21
2770.21	200.21
2780.21	600.21
2780.21	500.21
2780.21	400.21
2780.21	300.21
2780.21	200.21
2790.21	600.21
2790.21	500.21
2790.21	400.21
2790.21	300.21
2790.21	200.21
2800.21	600.21
2800.21	500.21
2800.21	400.21
2800.21	300.21
2800.21	200.21
2810.21	600.21
2810.21	500.21
2810.21	400.21
2810.21	300.21
2810.21	200.21
2820.21	600.21
2820.21	500.21
2820.21	400.21
2820.21	300.21
2820.21	200.21
2830.21	600.21
2830.21	500.21
2830.21	400.21
2830.21	300.21
2830.21	200.21
2840.21	600.21
2840.21	500.21
2840.21	400.21
2840.21	300.21
2840.21	200.21
2850.21	600.21
2850.21	500.21
2850.21	400.21
2850.21	300.21
2850.21	200.21
2860.21	600.21
2860.21	500.21
2860.21	400.21
2860.21	300.21
2860.21	200.21
2870.21	600.21
2870.21	500.21
2870.21	400.21
2870.21	300.21
2870.21	200.21
2880.21	600.21
2880.21	500.21
2880.21	400.21
2880.21	300.21
2880.21	200.21
2890.21	600.21
2890.21	500.21
2890.21	400.21
2890.21	300.21
2890.21	200.21
2900.21	600.21
2900.21	500.21
2900.21	400.21
2900.21	300.21
2900.21	200.21
2910.21	600.21
2910.21	500.21
2910.21	400.21
2910.21	300.21
2910.21	200.21
2920.21	600.21
2920.21	500.21
2920.21	400.21
2920.21	300.21
2920.21	200.21
2930.21	600.21
2930.21	500.21
2930.21	400.21
2930.21	300.21
2930.21	200.21
2940.21	600.21
2940.21	500.21
2940.21	400.21
2940.21	300.21
2940.21	200.21
2950.21	600.21
2950.21	500.21
2950.21	400.21
2950.21	300.21
2950.21	200.21
2960.21	600.21
2960.21	500.21
2960.21	400.21
2960.21	300.21
2960.21	200.21
2970.21	600.21
2970.21	500.21
2970.21	400.21
2970.21	300.21
2970.21	200.21
2980.21	600.21
2980.21	500.21
2980.21	400.21
2980.21	300.21
2980.21	200.21
2990.21	600.21
2990.21	500.21
2990.21	400.21
2990.21	300.21
2990.21	200.21
3000.21	600.21
3000.21	500.21
3000.21	400.21
3000.21	300.21
3000.21	200.21
3010.21	600.21
3010.21	500.21
3010.21	400.21
3010.21	300.21
3010.21	200.21
3020.21	600.21
3020.21	500.21
3020.21	400.21
3020.21	300.21
3020.21	200.21
3030.21	600.21
3030.21	500.21
3030.21	400.21
3030.21	300.21
3030.21	200.21
3040.21	600.21
3040.21	500.21
3040.21	400.21
3040.21	300.21
3040.21	200.21
3050.21	600.21
3050.21	500.21
3050.21	400.21
3050.21	300.21
3050.21	200.21
3060.21	600.21
3060.21	500.21
3060.21	400.21
3060.21	300.21
3060.21	200.21
3070.21	600.21
3070.21	500.21
3070.21	400.21
3070.21	300.21
3070.21	200.21
3080.21	600.21
3080.21	500.21
3080.21	400.21
3080.21	300.21
3080.21	200.21
3090.21	600.21
3090.21	500.21
3090.21	400.21
3090.21	300.21
3090.21	200.21
3100.21	600.21
3100.21	500.21
3100.21	400.21
3100.21	300.21
3100.21	200.21
3110.21	600.21
3110.21	500.21
3110.21	400.21
3110.21	300.21
3110.21	200.21
3120.21	600.21
3120.21	500.21
3120.21	400.21
3120.21	300.21
3120.21	200.21
3130.21	600.21
3130.21	500.21
3130.21	400.21
3130.21	300.21
3130.21	200.21
3140.21	600.21
3140.21	500.21
3140.21	400.21
3140.21	300.21
3140.21	200.21
3150.21	600.21
3150.21	500.21
3150.21	400.21
3150.21	300.21
3150.21	200.21
3160.21	600.21
3160.21	500.21
3160.21	400.21
3160.21	300.21
3160.21	200.21
3170.21	600.21
3170.21	500.21
3170.21	400.21
3170.21	300.21
3170.21	200.21
3180.21	600.21
3180.21	500.21
3180.21	400.21
3180.21	300.21
3180.21	200.21
3190.21	600.21
3190.21	500.21
3190.21	400.21
3190.21	300.21
3190.21	200.21
3200.21	600.21
3200.21	500.21
3200.21	400.21
3200.21	300.21
3200.21	200.21
3210.21	600.21
3210.21	500.21
3210.21	400.21
3210.21	300.21
3210.21	200.21
3220.21	600.21
3220.21	500.21
3220.21	400.21
3220.21	300.21
3220.21	200.21
3230.21	600.21
3230.21	500.21
3230.21	400.21
3230.21	300.21
3230.21	200.21
3240.21	600.21
3240.21	500.21
3240.21	400.21
3240.21	300.21
3240.21	200.21
3250.21	600.21
3250.21	500.21
3250.21	400.21
3250.21	300.21
3250.21	200.21
3260.21	600.21
3260.21	500.21
3260.21	400.21
3260.21	300.21
3260.21	200.21
3270.21	600.21
3270.21	500.21
3270.21	400.21
3270.21	300.21
3270.21	200.21
3280.21	600.21
3280.21	500.21
3280.21	400.21
3280.21	300.21
3280.21	200.21
3290.21	600.21
3290.21	500.21
3290.21	400.21
3290.21	300.21
3290.21	200.21
3300.21	600.21
3300.21	500.21
3300.21	400.21
3300.21	300.21
3300.21	200.21
3310.21	600.21
3310.21	500.21
3310.21	400.21
3310.21	300.21
3310.21	200.21
3320.21	600.21
3320.21	500.21
3320.21	400.21
3320.21	300.21
3320.21	200.21
3330.21	600.21
3330.21	500.21
3330.21	400.21
3330.21	300.21
3330.21	200.21
3340.21	600.21
3340.21	500.21
3340.21	400.21
3340.21	300.21
3340.21	200.21
3350.21	600.21
3350.21	500.21
3350.21	400.21
3350.21	300.21
3350.21	200.21
3360.21	600.21
3360.21	500.21
3360.21	400.21
3360.21	300.21
3360.21	200.21
3370.21	600.21
3370.21	500.21
3370.21	400.21
3370.21	300.21
3370.21	200.21
3380.21	600.21
3380.21	500.21
3380.21	400.21
3380.21	300.21
3380.21	200.21
3390.21	600.21
3390.21	500.21
3390.21	400.21
3390.21	300.21
3390.21	200.21
3400.21	600.21
3400.21	500.21
3400.21	400.21
3400.21	300.21
3400.21	200.21
3410.21	600.21
3410.21	500.21
3410.21	400.21
3410.21	300.21
3410.21	200.21
3420.21	600.21
3420.21	500.21
3420.21	400.21
3420.21	300.21
3420.21	200.21
3430.21	600.21
3430.21	500.21
3430.21	400.21
3430.21	300.21
3430.21	200.21
3440.21	600.21
3440.21	500.21
3440.21	400.21
3440.21	300.21
3440.21	200.21
3450.21	600.21
3450.21	500.21
3450.21	400.21
3450.21	300.21
3450.21	200.21
3460.35	600.35
3460.35	500.35
3460.35	400.35
3460.35	300.35
3460.35	200.35
3470.35	600.35
3470.35	500.35
3470.35	400.35
3470.35	300.35
3470.35	200.35
3480.35	600.35
3480.35	500.35
3480.35	400.35
3480.35	300.35
3480.35	200.35
3490.35	600.35
3490.35	500.35
3490.35	400.35
3490.35	300.35
3490.35	200.35
3500.35	600.35
3500.35	500.35
3500.35	400.35
3500.35	300.35
3500.35	200.35
3510.35	600.35
3510.35	500.35
3510.35	400.35
3510.35	300.35
3510.35	200.35
3520.35	600.35
3520.35	500.35
3520.35	400.35
3520.35	300.35
3520.35	200.35
3530.35	600.35
3530.35	500.35
3530.35	400.35
3530.35	300.35
3530.35	200.35
3540.35	600.35
3540.35	500.35
3540.35	400.35
3540.35	300.35
3540.35	200.35
3550.35	600.35
3550.35	500.35
3550.35	400.35
3550.35	300.35
3550.35	200.35
3560.35	600.35
3560.35	500.35
3560.35	400.35
3560.35	300.35
3560.35	200.35
3570.35	600.35
3570.35	500.35
3570.35	400.35
3570.35	300.35
3570.35	200.35
3580.35	600.35
3580.35	500.35
3580.35	400.35
3580.35	300.35
3580.35	200.35
3590.35	600.35
3590.35	500.35
3590.35	400.35
3590.35	300.35
3590.35	200.35
3600.35	600.35
3600.35	500.35
3600.35	400.35
3600.35	300.35
3600.35	200.35
3610.35	600.35
3610.35	500.35
3610.35	400.35
3610.35	300.35
3610.35	200.35
3620.16	600.16
3620.16	500.16
3620.16	400.16
3620.16	300.16
3620.16	200.16
3620.35	600.35
3620.35	500.35
3620.35	400.35
3620.35	300.35
3630.16	600.16
3630.16	500.16
3630.16	400.16
3630.16	300.16
3630.16	200.16
3630.35	600.35
3630.35	500.35
3630.35	400.35
3630.35	300.35
3640.16	600.16
3640.16	500.16
3640.16	400.16
3640.16	300.16
3640.16	200.16
3640.35	600.35
3640.35	500.35
3640.35	400.35
3640.35	300.35
3650.16	600.16
3650.16	500.16
3650.16	400.16
3650.16	300.16
3650.16	200.16
3650.35	600.35
3650.35	500.35
3650.35	400.35
3650.35	300.35
3660.16	600.16
3660.16	500.16
3660.16	400.16
3660.16	300.16
3660.16	200.16
3660.35	600.35
3660.35	500.35
3660.35	400.35
3660.35	300.35
3670.16	600.16
3670.16	500.16
3670.16	400.16
3670.16	300.16
3670.16	200.16
3670.35	600.35
3670.35	500.35
3670.35	400.35
3670.35	300.35
3680.16	600.16
3680.16	500.16
3680.16	400.16
3680.16	300.16
3680.16	200.16
3680.35	600.35
3680.35	500.35
3680.35	400.35
3680.35	300.35
3690.16	600.16
3690.16	500.16
3690.16	400.16
3690.16	300.16
3690.16	200.16
3690.35	600.35
3690.35	500.35
3690.35	400.35
3690.35	300.35
3700.16	600.16
3700.16	500.16
3700.16	400.16
3700.16	300.16
3700.16	200.16
3700.35	600.35
3700.35	500.35
3700.35	400.35
3700.35	300.35
3710.16	600.16
3710.16	500.16
3710.16	400.16
3710.16	300.16
3710.16	200.16
3710.35	600.35
3710.35	500.35
3710.35	400.35
3710.35	300.35
3720.16	600.16
3720.16	500.16
3720.16	400.16
3720.16	300.16
3720.16	200.16
3720.35	600.35
3720.35	500.35
3720.35	400.35
3730.16	600.16
3730.16	500.16
3730.16	400.16
3730.16	300.16
3730.16	200.16
3730.35	600.35
3730.35	500.35
3730.35	400.35
3740.16	600.16
3740.16	500.16
3740.16	400.16
3740.16	300.16
3740.16	200.16
3740.35	600.35
3740.35	500.35
3740.35	400.35
3750.16	600.16
3750.16	500.16
3750.16	400.16
3750.16	300.16
3750.16	200.16
3750.35	600.35
3750.35	500.35
3750.35	400.35
3760.16	600.16
3760.16	500.16
3760.16	400.16
3760.16	300.16
3760.16	200.16
3760.35	600.35
3760.35	500.35
3760.35	400.35
3770.16	600.16
3770.16	500.16
3770.16	400.16
3770.16	300.16
3770.16	200.16
3770.35	600.35
3770.35	500.35
3770.35	400.35
3780.16	600.16
3780.16	500.16
3780.16	400.16
3780.16	300.16
3780.16	200.16
3780.35	600.35
3780.35	500.35
3780.35	400.35
3790.16	600.16
3790.16	500.16
3790.16	400.16
3790.16	300.16
3790.16	200.16
3790.35	600.35
3790.35	500.35
3790.35	400.35
3800.16	600.16
3800.16	500.16
3800.16	400.16
3800.16	300.16
3800.16	200.16
3800.35	600.35
3800.35	500.35
3800.35	400.35
3810.16	600.16
3810.16	500.16
3810.16	400.16
3810.16	300.16
3810.16	200.16
3810.35	600.35
3810.35	500.35
3810.35	400.35
3820.16	600.16
3820.16	500.16
3820.16	400.16
3820.16	300.16
3820.16	200.16
3820.35	600.35
3820.35	500.35
3830.16	600.16
3830.16	500.16
3830.16	400.16
3830.16	300.16
3830.16	200.16
3830.35	600.35
3830.35	500.35
3840.16	600.16
3840.16	500.16
3840.16	400.16
3840.16	300.16
3840.16	200.16
3840.35	600.35
3840.35	500.35
3850.16	600.16
3850.16	500.16
3850.16	400.16
3850.16	300.16
3850.16	200.16
3850.35	600.35
3850.35	500.35
3860.16	600.16
3860.16	500.16
3860.16	400.16
3860.16	300.16
3860.16	200.16
3860.35	600.35
3860.35	500.35
3870.16	600.16
3870.16	500.16
3870.16	400.16
3870.16	300.16
3870.16	200.16
3870.35	600.35
3870.35	500.35
3880.16	600.16
3880.16	500.16
3880.16	400.16
3880.16	300.16
3880.16	200.16
3880.35	600.35
3880.35	500.35
3890.16	600.16
3890.16	500.16
3890.16	400.16
3890.16	300.16
3890.16	200.16
3890.35	600.35
3890.35	500.35
3900.16	600.16
3900.16	500.16
3900.16	400.16
3900.16	300.16
3900.16	200.16
3900.35	600.35
3900.35	500.35
3910.16	600.16
3910.16	500.16
3910.16	400.16
3910.16	300.16
3910.16	200.16
3910.35	600.35
3910.35	500.35
3920.16	600.16
3920.16	500.16
3920.16	400.16
3920.16	300.16
3920.16	200.16
3920.35	600.35
3930.16	600.16
3930.16	500.16
3930.16	400.16
3930.16	300.16
3930.16	200.16
3930.35	600.35
3940.16	600.16
3940.16	500.16
3940.16	400.16
3940.16	300.16
3940.16	200.16
3940.35	600.35
3950.16	600.16
3950.16	500.16
3950.16	400.16
3950.16	300.16
3950.16	200.16
3950.35	600.35
3960.16	600.16
3960.16	500.16
3960.16	400.16
3960.16	300.16
3960.16	200.16
3960.35	600.35
3970.16	600.16
3970.16	500.16
3970.16	400.16
3970.16	300.16
3970.16	200.16
3970.35	600.35
3980.16	600.16
3980.16	500.16
3980.16	400.16
3980.16	300.16
3980.16	200.16
3980.35	600.35
3990.16	600.16
3990.16	500.16
3990.16	400.16
3990.16	300.16
3990.16	200.16
3990.35	600.35
4000.16	600.16
4000.16	500.16
4000.16	400.16
4000.16	300.16
4000.16	200.16
4000.35	600.35
4010.16	600.16
4010.16	500.16
4010.16	400.16
4010.16	300.16
4010.16	200.16
4010.35	600.35
4020.16	600.16
4020.16	500.16
4020.16	400.16
4020.16	300.16
4020.16	200.16
4030.16	600.16
4030.16	500.16
4030.16	400.16
4030.16	300.16
4030.16	200.16
4040.16	600.16
4040.16	500.16
4040.16	400.16
4040.16	300.16
4040.16	200.16
4050.16	600.16
4050.16	500.16
4050.16	400.16
4050.16	300.16
4050.16	200.16
4060.16	600.16
4060.16	500.16
4060.16	400.16
4060.16	300.16
4060.16	200.16
4070.16	600.16
4070.16	500.16
4070.16	400.16
4070.16	300.16
4070.16	200.16
4080.16	600.16
4080.16	500.16
4080.16	400.16
4080.16	300.16
4080.16	200.16
4090.16	600.16
4090.16	500.16
4090.16	400.16
4090.16	300.16
4090.16	200.16
4100.16	600.16
4100.16	500.16
4100.16	400.16
4100.16	300.16
4100.16	200.16
4110.16	600.16
4110.16	500.16
4110.16	400.16
4110.16	300.16
4110.16	200.16
4120.16	600.16
4120.16	500.16
4120.16	400.16
4120.16	300.16
4120.16	200.16
4130.16	600.16
4130.16	500.16
4130.16	400.16
4130.16	300.16
4130.16	200.16
4140.16	600.16
4140.16	500.16
4140.16	400.16
4140.16	300.16
4140.16	200.16
4150.16	600.16
4150.16	500.16
4150.16	400.16
4150.16	300.16
4150.16	200.16
4160.16	600.16
4160.16	500.16
4160.16	400.16
4160.16	300.16
4160.16	200.16
4170.16	600.16
4170.16	500.16
4170.16	400.16
4170.16	300.16
4170.16	200.16
4180.16	600.16
4180.16	500.16
4180.16	400.16
4180.16	300.16
4180.16	200.16
4190.16	600.16
4190.16	500.16
4190.16	400.16
4190.16	300.16
4190.16	200.16
4200.16	600.16
4200.16	500.16
4200.16	400.16
4200.16	300.16
4200.16	200.16
4210.16	600.16
4210.16	500.16
4210.16	400.16
4210.16	300.16
4210.16	200.16
4220.16	600.16
4220.16	500.16
4220.16	400.16
4220.16	300.16
4220.16	200.16
4230.16	600.16
4230.16	500.16
4230.16	400.16
4230.16	300.16
4230.16	200.16
4240.16	600.16
4240.16	500.16
4240.16	400.16
4240.16	300.16
4240.16	200.16
4250.16	600.16
4250.16	500.16
4250.16	400.16
4250.16	300.16
4250.16	200.16
4260.16	600.16
4260.16	500.16
4260.16	400.16
4260.16	300.16
4260.16	200.16
4270.16	700.16
4270.16	600.16
4270.16	500.16
4270.16	400.16
4270.16	300.16
4270.16	600.16
4270.16	500.16
4270.16	400.16
4270.16	300.16
4270.16	200.16
4280.16	700.16
4280.16	600.16
4280.16	500.16
4280.16	400.16
4280.16	300.16
4280.16	600.16
4280.16	500.16
4280.16	400.16
4280.16	300.16
4280.16	200.16
4290.16	700.16
4290.16	600.16
4290.16	500.16
4290.16	400.16
4290.16	300.16
4290.16	600.16
4290.16	500.16
4290.16	400.16
4290.16	300.16
4290.16	200.16
4300.16	700.16
4300.16	600.16
4300.16	500.16
4300.16	400.16
4300.16	300.16
4300.16	600.16
4300.16	500.16
4300.16	400.16
4300.16	300.16
4300.16	200.16
4310.2	700.2
4310.2	600.2
4310.2	500.2
4310.2	400.2
4310.2	300.2
4310.2	600.2
4310.2	500.2
4310.2	400.2
4310.2	300.2
4310.2	200.2
4320.2	700.2
4320.2	600.2
4320.2	500.2
4320.2	400.2
4320.2	300.2
4320.2	600.2
4320.2	500.2
4320.2	400.2
4320.2	300.2
4320.2	200.2
4330.2	700.2
4330.2	600.2
4330.2	500.2
4330.2	400.2
4330.2	300.2
4330.2	600.2
4330.2	500.2
4330.2	400.2
4330.2	300.2
4330.2	200.2
4340.2	700.2
4340.2	600.2
4340.2	500.2
4340.2	400.2
4340.2	300.2
4340.2	600.2
4340.2	500.2
4340.2	400.2
4340.2	300.2
4340.2	200.2
4350.2	700.2
4350.2	600.2
4350.2	500.2
4350.2	400.2
4350.2	300.2
4350.2	600.2
4350.2	500.2
4350.2	400.2
4350.2	300.2
4350.2	200.2
4360.2	700.2
4360.2	600.2
4360.2	500.2
4360.2	400.2
4360.2	300.2
4360.2	600.2
4360.2	500.2
4360.2	400.2
4360.2	300.2
4360.2	200.2
4370.2	800.2
4370.2	700.2
4370.2	600.2
4370.2	500.2
4370.2	400.2
4370.2	300.2
4370.2	600.2
4370.2	500.2
4370.2	400.2
4370.2	300.2
4370.2	200.2
4380.2	800.2
4380.2	700.2
4380.2	600.2
4380.2	500.2
4380.2	400.2
4380.2	300.2
4380.2	600.2
4380.2	500.2
4380.2	400.2
4380.2	300.2
4380.2	200.2
4390.2	800.2
4390.2	700.2
4390.2	600.2
4390.2	500.2
4390.2	400.2
4390.2	300.2
4390.2	600.2
4390.2	500.2
4390.2	400.2
4390.2	300.2
4390.2	200.2
4400.2	800.2
4400.2	700.2
4400.2	600.2
4400.2	500.2
4400.2	400.2
4400.2	300.2
4400.2	600.2
4400.2	500.2
4400.2	400.2
4400.2	300.2
4400.2	200.2
4410.2	800.2
4410.2	700.2
4410.2	600.2
4410.2	500.2
4410.2	400.2
4410.2	300.2
4410.2	600.2
4410.2	500.2
4410.2	400.2
4410.2	300.2
4410.2	200.2
4420.2	800.2
4420.2	700.2
4420.2	600.2
4420.2	500.2
4420.2	400.2
4420.2	300.2
4420.2	600.2
4420.2	500.2
4420.2	400.2
4420.2	300.2
4420.2	200.2
4430.2	800.2
4430.2	700.2
4430.2	600.2
4430.2	500.2
4430.2	400.2
4430.2	300.2
4430.2	600.2
4430.2	500.2
4430.2	400.2
4430.2	300.2
4430.2	200.2
4440.2	800.2
4440.2	700.2
4440.2	600.2
4440.2	500.2
4440.2	400.2
4440.2	300.2
4440.2	600.2
4440.2	500.2
4440.2	400.2
4440.2	300.2
4440.2	200.2
4450.2	800.2
4450.2	700.2
4450.2	600.2
4450.2	500.2
4450.2	400.2
4450.2	300.2
4450.2	600.2
4450.2	500.2
4450.2	400.2
4450.2	300.2
4450.2	200.2
4460.2	800.2
4460.2	700.2
4460.2	600.2
4460.2	500.2
4460.2	400.2
4460.2	300.2
4460.2	600.2
4460.2	500.2
4460.2	400.2
4460.2	300.2
4460.2	200.2
4470.2	900.2
4470.2	800.2
4470.2	700.2
4470.2	600.2
4470.2	500.2
4470.2	400.2
4470.2	300.2
4470.2	600.2
4470.2	500.2
4470.2	400.2
4470.2	300.2
4470.2	200.2
4480.2	900.2
4480.2	800.2
4480.2	700.2
4480.2	600.2
4480.2	500.2
4480.2	400.2
4480.2	300.2
4480.2	600.2
4480.2	500.2
4480.2	400.2
4480.2	300.2
4480.2	200.2
4490.2	900.2
4490.2	800.2
4490.2	700.2
4490.2	600.2
4490.2	500.2
4490.2	400.2
4490.2	300.2
4490.2	600.2
4490.2	500.2
4490.2	400.2
4490.2	300.2
4490.2	200.2
4500.2	900.2
4500.2	800.2
4500.2	700.2
4500.2	600.2
4500.2	500.2
4500.2	400.2
4500.2	300.2
4500.2	600.2
4500.2	500.2
4500.2	400.2
4500.2	300.2
4500.2	200.2
4510.2	900.2
4510.2	800.2
4510.2	700.2
4510.2	600.2
4510.2	500.2
4510.2	400.2
4510.2	300.2
4510.2	600.2
4510.2	500.2
4510.2	400.2
4510.2	300.2
4510.2	200.2
4520.2	900.2
4520.2	800.2
4520.2	700.2
4520.2	600.2
4520.2	500.2
4520.2	400.2
4520.2	300.2
4520.2	600.2
4520.2	500.2
4520.2	400.2
4520.2	300.2
4520.2	200.2
4530.2	900.2
4530.2	800.2
4530.2	700.2
4530.2	600.2
4530.2	500.2
4530.2	400.2
4530.2	300.2
4530.2	600.2
4530.2	500.2
4530.2	400.2
4530.2	300.2
4530.2	200.2
4540.2	600.2
4540.2	500.2
4540.2	400.2
4540.2	300.2
4540.2	200.2
4550.2	600.2
4550.2	500.2
4550.2	400.2
4550.2	300.2
4550.2	200.2
4560.2	600.2
4560.2	500.2
4560.2	400.2
4560.2	300.2
4560.2	200.2
4570.2	700.2
4570.2	600.2
4570.2	500.2
4570.2	400.2
4570.2	300.2
4570.2	300.2
4570.2	200.2
4580.2	700.2
4580.2	600.2
4580.2	500.2
4580.2	400.2
4580.2	300.2
4580.2	300.2
4580.2	200.2
4590.2	700.2
4590.2	600.2
4590.2	500.2
4590.2	400.2
4590.2	300.2
4590.2	300.2
4590.2	200.2
4600.2	700.2
4600.2	600.2
4600.2	500.2
4600.2	400.2
4600.2	300.2
4600.2	300.2
4600.2	200.2
4610.2	700.2
4610.2	600.2
4610.2	500.2
4610.2	400.2
4610.2	300.2
4610.2	300.2
4610.2	200.2
4620.2	700.2
4620.2	600.2
4620.2	500.2
4620.2	400.2
4620.2	300.2
4620.2	300.2
4620.2	200.2
4630.2	700.2
4630.2	600.2
4630.2	500.2
4630.2	400.2
4630.2	300.2
4630.2	300.2
4630.2	200.2
4640.2	700.2
4640.2	600.2
4640.2	500.2
4640.2	400.2
4640.2	300.2
4640.2	300.2
4640.2	200.2
4650.2	700.2
4650.2	300.2
4650.2	600.2
4650.2	200.2
4650.2	500.2
4650.2	400.2
4650.2	300.2
4660.2	700.2
4660.2	300.2
4660.2	600.2
4660.2	200.2
4660.2	500.2
4660.2	400.2
4660.2	300.2
4670.2	800.2
4670.2	400.2
4670.2	700.2
4670.2	300.2
4670.2	600.2
4670.2	200.2
4670.2	500.2
4670.2	400.2
4670.2	300.2
4680.2	800.2
4680.2	400.2
4680.2	700.2
4680.2	300.2
4680.2	600.2
4680.2	200.2
4680.2	500.2
4680.2	400.2
4680.2	300.2
4690.2	400.2
4690.2	300.2
4690.2	200.2
4700.2	400.2
4700.2	300.2
4700.2	200.2
4710.2	400.2
4710.2	300.2
4710.2	200.2
4720.2	400.2
4720.2	300.2
4720.2	200.2
4730.2	400.2
4730.2	300.2
4730.2	200.2
4740.2	400.2
4740.2	300.2
4740.2	200.2
4750.2	400.2
4750.2	300.2
4750.2	200.2
4760.2	400.2
4760.2	300.2
4760.2	200.2
4770.2	500.2
4770.2	400.2
4770.2	300.2
4770.2	200.2
4780.2	500.2
4780.2	400.2
4780.2	300.2
4780.2	200.2
4790.2	500.2
4790.2	400.2
4790.2	300.2
4790.2	200.2
4800.2	500.2
4800.2	400.2
4800.2	300.2
4800.2	200.2
4810.2	500.2
4810.2	400.2
4810.2	300.2
4810.2	200.2
4820.2	500.2
4820.2	400.2
4820.2	300.2
4820.2	200.2
4830.2	500.2
4830.2	400.2
4830.2	300.2
4830.2	200.2
4840.2	500.2
4840.2	400.2
4840.2	300.2
4840.2	200.2
4850.2	500.2
4850.2	400.2
4850.2	300.2
4850.2	200.2
4860.2	500.2
4860.2	400.2
4860.2	300.2
4860.2	200.2
4870.2	600.2
4870.2	500.2
4870.2	400.2
4870.2	300.2
4870.2	200.2
4880.2	600.2
4880.2	500.2
4880.2	400.2
4880.2	300.2
4880.2	200.2
4890.2	600.2
4890.2	500.2
4890.2	400.2
4890.2	300.2
4890.2	200.2
4900.2	600.2
4900.2	500.2
4900.2	400.2
4900.2	300.2
4900.2	200.2
4910.2	600.2
4910.2	500.2
4910.2	400.2
4910.2	300.2
4910.2	200.2
4920.2	600.2
4920.2	500.2
4920.2	400.2
4920.2	300.2
4920.2	200.2
4930.2	600.2
4930.2	500.2
4930.2	400.2
4930.2	300.2
4930.2	200.2
4940.2	600.2
4940.2	500.2
4940.2	400.2
4940.2	300.2
4940.2	200.2
4950.2	600.2
4950.2	500.2
4950.2	400.2
4950.2	300.2
4950.2	200.2
4960.2	600.2
4960.2	500.2
4960.2	400.2
4960.2	300.2
4960.2	200.2
4970.2	700.2
4970.2	600.2
4970.2	500.2
4970.2	400.2
4970.2	300.2
4970.2	200.2
4980.2	700.2
4980.2	600.2
4980.2	500.2
4980.2	400.2
4980.2	300.2
4980.2	200.2
4990.2	700.2
4990.2	600.2
4990.2	500.2
4990.2	400.2
4990.2	300.2
4990.2	200.2
5000.2	700.2
5000.2	600.2
5000.2	500.2
5000.2	400.2
5000.2	300.2
5000.2	200.2
