m horizon +0
a contact +1 +5 5 4 92851339
a range +1 +5 5 4 0.13
a contact +2 +6 3 2 101808515
a range +2 +6 3 2 0.12
a contact +2 +6 4 2 998993022
a range +2 +6 4 2 1.26
a contact +3 +8 5 4 108553200
a range +3 +8 5 4 0.13
a contact +5 +9 6 5 90807880
a range +5 +9 6 5 0.13
a contact +5 +10 3 4 977593028
a range +5 +10 3 4 1.35
a contact +6 +10 5 3 998550136
a range +6 +10 5 3 1.18
a contact +7 +12 3 5 1042831424
a range +7 +12 3 5 1.24
a contact +8 +13 6 5 105600520
a range +8 +13 6 5 0.13
a contact +9 +13 5 6 101552187
a range +9 +13 5 6 0.13
a contact +11 +16 2 1 94361340
a range +11 +16 2 1 0.12
a contact +12 +17 4 5 95932585
a range +12 +17 4 5 0.13
a contact +13 +17 2 1 94169060
a range +13 +17 2 1 0.12
a contact +13 +17 6 4 90818217
a range +13 +17 6 4 0.13
a contact +14 +18 4 2 1093157190
a range +14 +18 4 2 1.21
a contact +14 +18 4 3 944612343
a range +14 +18 4 3 1.26
a contact +15 +19 3 2 90414911
a range +15 +19 3 2 0.12
a contact +17 +22 4 6 104147544
a range +17 +22 4 6 0.13
a contact +17 +22 6 4 98012469
a range +17 +22 6 4 0.13
a contact +17 +22 4 3 964837734
a range +17 +22 4 3 1.18
a contact +18 +22 2 3 103928397
a range +18 +22 2 3 0.12
a contact +19 +24 3 2 95222011
a range +19 +24 3 2 0.12
a contact +21 +25 6 5 90081538
a range +21 +25 6 5 0.13
a contact +23 +28 4 2 980705813
a range +23 +28 4 2 1.23
a contact +26 +30 4 5 93641509
a range +26 +30 4 5 0.13
a contact +27 +31 4 5 93223509
a range +27 +31 4 5 0.13
a contact +27 +32 4 5 104632521
a range +27 +32 4 5 0.13
a contact +29 +33 1 2 104940897
a range +29 +33 1 2 0.12
a contact +32 +36 6 5 101001859
a range +32 +36 6 5 0.13
a contact +33 +37 2 4 1030203307
a range +33 +37 2 4 1.08
a contact +33 +38 3 5 928753418
a range +33 +38 3 5 1.3
a contact +35 +40 3 2 98544490
a range +35 +40 3 2 0.12
a contact +35 +39 3 2 96636484
a range +35 +39 3 2 0.12
a contact +37 +41 4 5 98617809
a range +37 +41 4 5 0.13
a contact +41 +44 5 3 1067732913
a range +41 +44 5 3 1.05
a contact +41 +45 6 4 101558228
a range +41 +45 6 4 0.13
a contact +42 +46 3 1 96574133
a range +42 +46 3 1 0.12
a contact +42 +47 4 2 1052673550
a range +42 +47 4 2 1.18
a contact +43 +48 2 5 1091932179
a range +43 +48 2 5 1.24
a contact +43 +48 5 3 942401447
a range +43 +48 5 3 1.09
a contact +45 +50 5 6 106574010
a range +45 +50 5 6 0.13
a contact +46 +50 4 3 981025596
a range +46 +50 4 3 1.36
a contact +46 +50 4 3 988103273
a range +46 +50 4 3 1.26
a contact +47 +51 6 5 91239050
a range +47 +51 6 5 0.13
a contact +47 +52 4 3 1013826531
a range +47 +52 4 3 1.26
a contact +48 +52 6 5 91108378
a range +48 +52 6 5 0.13
a contact +48 +52 2 1 109887704
a range +48 +52 2 1 0.12
a contact +49 +54 1 2 104558599
a range +49 +54 1 2 0.12
a contact +49 +53 5 2 1012304916
a range +49 +53 5 2 1.34
a contact +50 +55 2 1 92011738
a range +50 +55 2 1 0.12
a contact +52 +56 6 5 100333714
a range +52 +56 6 5 0.13
a contact +52 +58 3 4 1045083793
a range +52 +58 3 4 1.37
a contact +54 +59 4 3 1067137359
a range +54 +59 4 3 1.32
a contact +54 +58 1 3 99118255
a range +54 +58 1 3 0.12
a contact +55 +59 5 6 106659496
a range +55 +59 5 6 0.13
a contact +55 +60 4 5 94777018
a range +55 +60 4 5 0.13
a contact +57 +62 5 6 103899564
a range +57 +62 5 6 0.13
a contact +58 +63 6 4 95926780
a range +58 +63 6 4 0.13
a contact +59 +63 2 5 995144040
a range +59 +63 2 5 1.06
a contact +59 +64 3 4 944803274
a range +59 +64 3 4 1.2
a contact +61 +65 1 2 90309899
a range +61 +65 1 2 0.12
a contact +61 +65 3 1 103668978
a range +61 +65 3 1 0.12
a contact +61 +66 4 5 103220807
a range +61 +66 4 5 0.13
a contact +62 +67 4 6 96412040
a range +62 +67 4 6 0.13
a contact +63 +67 6 4 102073667
a range +63 +67 6 4 0.13
a contact +64 +68 4 5 102149687
a range +64 +68 4 5 0.13
a contact +66 +70 6 4 109761496
a range +66 +70 6 4 0.13
a contact +66 +71 3 4 950300774
a range +66 +71 3 4 1.18
a contact +68 +72 4 6 98821681
a range +68 +72 4 6 0.13
a contact +69 +74 5 4 105747295
a range +69 +74 5 4 0.13
a contact +70 +74 4 2 1095092427
a range +70 +74 4 2 1.26
a contact +71 +75 5 2 1059055107
a range +71 +75 5 2 1.13
a contact +72 +76 4 5 98442153
a range +72 +76 4 5 0.13
a contact +73 +78 4 6 101361006
a range +73 +78 4 6 0.13
a contact +75 +79 5 4 94267724
a range +75 +79 5 4 0.13
a contact +75 +80 4 6 97633277
a range +75 +80 4 6 0.13
a contact +76 +80 5 3 984622625
a range +76 +80 5 3 1.34
a contact +78 +82 6 4 103069076
a range +78 +82 6 4 0.13
a contact +79 +84 3 1 95329556
a range +79 +84 3 1 0.12
a contact +80 +85 3 4 996821488
a range +80 +85 3 4 1.22
a contact +80 +84 3 2 95924775
a range +80 +84 3 2 0.12
a contact +81 +86 1 3 103478129
a range +81 +86 1 3 0.12
a contact +85 +89 5 4 98730448
a range +85 +89 5 4 0.13
a contact +85 +89 5 4 100613734
a range +85 +89 5 4 0.13
a contact +87 +92 2 4 1044496277
a range +87 +92 2 4 1.1
a contact +88 +92 6 4 92060779
a range +88 +92 6 4 0.13
a contact +91 +96 2 1 105052104
a range +91 +96 2 1 0.12
a contact +92 +96 4 6 95741247
a range +92 +96 4 6 0.13
a contact +93 +98 4 5 106416725
a range +93 +98 4 5 0.13
a contact +95 +100 2 3 97494953
a range +95 +100 2 3 0.12
a contact +95 +100 4 5 105127052
a range +95 +100 4 5 0.13
a contact +95 +99 3 2 93602255
a range +95 +99 3 2 0.12
a contact +96 +100 4 3 1091796608
a range +96 +100 4 3 1.14
a contact +98 +102 1 2 106616986
a range +98 +102 1 2 0.12
a contact +98 +102 3 5 916575798
a range +98 +102 3 5 1.03
a contact +98 +103 3 5 900362463
a range +98 +103 3 5 1.3
a contact +99 +103 2 3 90884175
a range +99 +103 2 3 0.12
a contact +99 +103 1 3 108343303
a range +99 +103 1 3 0.12
a contact +100 +104 2 4 982732950
a range +100 +104 2 4 1.33
a contact +100 +104 4 6 99339073
a range +100 +104 4 6 0.13
a contact +100 +105 5 6 96958272
a range +100 +105 5 6 0.13
a contact +101 +105 3 4 970139819
a range +101 +105 3 4 1.2
a contact +101 +105 3 1 108570735
a range +101 +105 3 1 0.12
a contact +102 +107 5 3 983829401
a range +102 +107 5 3 1.37
a contact +104 +108 3 2 93024944
a range +104 +108 3 2 0.12
a contact +106 +110 4 2 1043642306
a range +106 +110 4 2 1.08
a contact +107 +111 5 6 95406794
a range +107 +111 5 6 0.13
a contact +108 +112 3 5 1085023628
a range +108 +112 3 5 1.36
a contact +108 +113 2 4 970494336
a range +108 +113 2 4 1.31
a contact +108 +113 3 1 98455914
a range +108 +113 3 1 0.12
a contact +108 +112 6 4 95265203
a range +108 +112 6 4 0.13
a contact +108 +113 2 3 103942780
a range +108 +113 2 3 0.12
a contact +109 +113 3 4 1052963666
a range +109 +113 3 4 1.09
a contact +112 +116 4 2 1048917893
a range +112 +116 4 2 1.31
a contact +113 +118 4 6 105576617
a range +113 +118 4 6 0.13
a contact +114 +118 5 4 109180666
a range +114 +118 5 4 0.13
a contact +115 +119 3 5 916272166
a range +115 +119 3 5 1.08
a contact +115 +120 5 6 97450309
a range +115 +120 5 6 0.13
a contact +115 +121 5 2 1093323176
a range +115 +121 5 2 1.31
a contact +115 +119 3 4 1017446581
a range +115 +119 3 4 1.3
a contact +117 +121 6 4 94507257
a range +117 +121 6 4 0.13
a contact +117 +122 4 3 945087515
a range +117 +122 4 3 1.06
a contact +117 +121 1 3 108317316
a range +117 +121 1 3 0.12
a contact +117 +122 2 5 1031073595
a range +117 +122 2 5 1.03
a contact +118 +122 4 6 99354525
a range +118 +122 4 6 0.13
a contact +121 +125 2 3 94898381
a range +121 +125 2 3 0.12
a contact +121 +125 2 1 105393420
a range +121 +125 2 1 0.12
a contact +123 +128 5 2 902110827
a range +123 +128 5 2 1.18
a contact +128 +133 3 1 97988478
a range +128 +133 3 1 0.12
a contact +128 +131 2 4 1002206661
a range +128 +131 2 4 1.08
a contact +131 +136 5 6 92892562
a range +131 +136 5 6 0.13
a contact +132 +136 2 1 109027799
a range +132 +136 2 1 0.12
a contact +133 +138 4 3 946822968
a range +133 +138 4 3 1.22
a contact +135 +140 5 4 94854566
a range +135 +140 5 4 0.13
a contact +135 +140 1 2 108642885
a range +135 +140 1 2 0.12
a contact +135 +139 2 5 925168064
a range +135 +139 2 5 1.04
a contact +136 +140 4 6 102859610
a range +136 +140 4 6 0.13
a contact +137 +141 2 1 105139640
a range +137 +141 2 1 0.12
a contact +138 +143 6 5 109813882
a range +138 +143 6 5 0.13
a contact +139 +143 1 2 107351842
a range +139 +143 1 2 0.12
a contact +141 +145 2 5 1063828234
a range +141 +145 2 5 1.07
a contact +142 +146 3 2 97588179
a range +142 +146 3 2 0.12
a contact +142 +146 4 3 1094860738
a range +142 +146 4 3 1.07
a contact +143 +147 3 2 102735889
a range +143 +147 3 2 0.12
a contact +145 +149 2 1 109799210
a range +145 +149 2 1 0.12
a contact +145 +148 5 2 926765544
a range +145 +148 5 2 1.17
a contact +147 +152 5 4 97729863
a range +147 +152 5 4 0.13
a contact +147 +153 3 5 1068429110
a range +147 +153 3 5 1.03
a contact +148 +153 4 3 912366955
a range +148 +153 4 3 1.02
a contact +149 +154 2 3 104950858
a range +149 +154 2 3 0.12
a contact +149 +154 4 2 922370448
a range +149 +154 4 2 1.02
a contact +150 +154 2 4 1031022816
a range +150 +154 2 4 1.03
a contact +151 +156 5 4 92471919
a range +151 +156 5 4 0.13
a contact +153 +158 5 4 108789735
a range +153 +158 5 4 0.13
a contact +153 +158 4 5 100962587
a range +153 +158 4 5 0.13
a contact +154 +159 3 2 97268332
a range +154 +159 3 2 0.12
a contact +154 +158 3 2 92185180
a range +154 +158 3 2 0.12
a contact +154 +159 4 6 100011006
a range +154 +159 4 6 0.13
a contact +155 +159 2 3 107754907
a range +155 +159 2 3 0.12
a contact +155 +160 6 5 107022486
a range +155 +160 6 5 0.13
a contact +155 +159 5 6 91187528
a range +155 +159 5 6 0.13
a contact +157 +162 2 4 1081681879
a range +157 +162 2 4 1.09
a contact +157 +162 5 3 939000038
a range +157 +162 5 3 1.36
a contact +158 +164 3 4 1038735724
a range +158 +164 3 4 1.35
a contact +159 +164 6 4 101792199
a range +159 +164 6 4 0.13
a contact +159 +164 4 5 92131298
a range +159 +164 4 5 0.13
a contact +161 +165 5 4 108924451
a range +161 +165 5 4 0.13
a contact +162 +166 3 1 98208805
a range +162 +166 3 1 0.12
a contact +164 +168 3 4 929565298
a range +164 +168 3 4 1.34
a contact +165 +169 6 4 102805550
a range +165 +169 6 4 0.13
a contact +169 +174 5 3 1093180066
a range +169 +174 5 3 1.06
a contact +170 +174 3 1 92332493
a range +170 +174 3 1 0.12
a contact +170 +173 2 4 948087840
a range +170 +173 2 4 1.21
a contact +173 +177 6 5 94511936
a range +173 +177 6 5 0.13
a contact +175 +179 1 3 102924014
a range +175 +179 1 3 0.12
a contact +176 +180 2 1 101094997
a range +176 +180 2 1 0.12
a contact +177 +181 2 3 97317640
a range +177 +181 2 3 0.12
a contact +179 +183 4 3 1067953856
a range +179 +183 4 3 1.15
a contact +181 +185 2 3 105430532
a range +181 +185 2 3 0.12
a contact +182 +185 2 4 927839149
a range +182 +185 2 4 1.14
a contact +184 +188 2 5 1030781203
a range +184 +188 2 5 1.09
a contact +184 +190 2 4 940551360
a range +184 +190 2 4 1.22
a contact +184 +189 3 1 105365072
a range +184 +189 3 1 0.12
a contact +185 +189 3 2 108294262
a range +185 +189 3 2 0.12
a contact +188 +193 1 3 102810299
a range +188 +193 1 3 0.12
a contact +189 +193 3 2 109320700
a range +189 +193 3 2 0.12
a contact +189 +194 3 1 102598654
a range +189 +194 3 1 0.12
a contact +191 +196 4 3 1051642955
a range +191 +196 4 3 1.19
a contact +192 +198 2 4 1027305670
a range +192 +198 2 4 1.06
a contact +193 +198 4 5 106099849
a range +193 +198 4 5 0.13
a contact +193 +197 5 6 102413485
a range +193 +197 5 6 0.13
a contact +193 +198 5 3 977690871
a range +193 +198 5 3 1.02
a contact +194 +199 4 2 935668574
a range +194 +199 4 2 1.15
a contact +194 +199 3 4 1064746662
a range +194 +199 3 4 1.28
a contact +196 +200 4 5 104807859
a range +196 +200 4 5 0.13
a contact +196 +199 2 5 1075734820
a range +196 +199 2 5 1.05
a contact +197 +202 3 2 98770066
a range +197 +202 3 2 0.12
a contact +202 +206 2 5 1044227206
a range +202 +206 2 5 1.28
a contact +207 +211 4 5 95600879
a range +207 +211 4 5 0.13
a contact +207 +211 4 2 988888734
a range +207 +211 4 2 1.03
a contact +210 +215 5 4 90662020
a range +210 +215 5 4 0.13
a contact +211 +216 6 5 97128457
a range +211 +216 6 5 0.13
a contact +211 +215 5 4 90661228
a range +211 +215 5 4 0.13
a contact +212 +216 1 2 108897568
a range +212 +216 1 2 0.12
a contact +212 +217 5 6 97907249
a range +212 +217 5 6 0.13
a contact +213 +218 3 1 92815890
a range +213 +218 3 1 0.12
a contact +213 +218 1 2 97290682
a range +213 +218 1 2 0.12
a contact +215 +220 4 3 1056886896
a range +215 +220 4 3 1.22
a contact +216 +220 4 3 911517013
a range +216 +220 4 3 1.35
a contact +216 +221 5 6 93830854
a range +216 +221 5 6 0.13
a contact +216 +221 3 1 98711982
a range +216 +221 3 1 0.12
a contact +217 +222 1 3 98914203
a range +217 +222 1 3 0.12
a contact +221 +225 3 5 1078556854
a range +221 +225 3 5 1.19
a contact +221 +225 5 4 107694231
a range +221 +225 5 4 0.13
a contact +222 +227 1 2 91412938
a range +222 +227 1 2 0.12
a contact +222 +227 6 4 94236241
a range +222 +227 6 4 0.13
a contact +223 +226 5 2 982881774
a range +223 +226 5 2 1.3
a contact +223 +227 5 3 923712012
a range +223 +227 5 3 1.36
a contact +225 +229 2 1 95896146
a range +225 +229 2 1 0.12
a contact +225 +230 4 2 969737718
a range +225 +230 4 2 1.1
a contact +226 +230 3 5 1047606693
a range +226 +230 3 5 1.27
a contact +226 +231 3 5 1019678658
a range +226 +231 3 5 1.22
a contact +229 +234 4 6 94084919
a range +229 +234 4 6 0.13
a contact +230 +235 5 2 968508624
a range +230 +235 5 2 1.05
a contact +230 +235 4 5 102655288
a range +230 +235 4 5 0.13
a contact +230 +235 4 2 930636059
a range +230 +235 4 2 1.05
a contact +231 +236 5 6 98436461
a range +231 +236 5 6 0.13
a contact +232 +236 2 1 96452402
a range +232 +236 2 1 0.12
a contact +232 +236 1 3 108362240
a range +232 +236 1 3 0.12
a contact +234 +239 5 6 105386480
a range +234 +239 5 6 0.13
a contact +234 +238 4 2 914485054
a range +234 +238 4 2 1.27
a contact +235 +239 2 1 92639122
a range +235 +239 2 1 0.12
a contact +236 +241 4 5 106556789
a range +236 +241 4 5 0.13
a contact +237 +242 4 5 95018424
a range +237 +242 4 5 0.13
a contact +237 +241 6 4 93719786
a range +237 +241 6 4 0.13
a contact +237 +242 2 1 94631017
a range +237 +242 2 1 0.12
a contact +238 +243 4 3 968156540
a range +238 +243 4 3 1.15
a contact +238 +243 5 3 1041256371
a range +238 +243 5 3 1.09
a contact +239 +243 5 4 109475260
a range +239 +243 5 4 0.13
a contact +240 +245 4 6 90172942
a range +240 +245 4 6 0.13
a contact +242 +246 3 1 101160627
a range +242 +246 3 1 0.12
a contact +244 +248 2 3 106908233
a range +244 +248 2 3 0.12
a contact +244 +249 3 2 109623447
a range +244 +249 3 2 0.12
a contact +245 +249 2 3 97394710
a range +245 +249 2 3 0.12
a contact +245 +251 4 3 1099648363
a range +245 +251 4 3 1.11
a contact +245 +250 3 1 108227715
a range +245 +250 3 1 0.12
a contact +247 +252 2 3 93054346
a range +247 +252 2 3 0.12
a contact +247 +252 2 1 96764563
a range +247 +252 2 1 0.12
a contact +250 +255 5 2 1082881360
a range +250 +255 5 2 1.1
a contact +250 +254 4 5 102763976
a range +250 +254 4 5 0.13
a contact +251 +257 2 4 909650259
a range +251 +257 2 4 1.33
a contact +253 +257 3 4 912458944
a range +253 +257 3 4 1.38
a contact +253 +258 6 4 99339372
a range +253 +258 6 4 0.13
a contact +253 +257 2 4 1010262294
a range +253 +257 2 4 1.28
a contact +254 +257 3 4 1051354032
a range +254 +257 3 4 1.35
a contact +255 +261 2 5 925465326
a range +255 +261 2 5 1.34
a contact +256 +260 1 3 90887121
a range +256 +260 1 3 0.12
a contact +257 +261 5 2 1006074397
a range +257 +261 5 2 1.27
a contact +257 +262 3 1 98731461
a range +257 +262 3 1 0.12
a contact +257 +262 3 1 98016235
a range +257 +262 3 1 0.12
a contact +261 +266 4 2 1064809347
a range +261 +266 4 2 1.37
a contact +261 +266 3 5 1016385119
a range +261 +266 3 5 1.08
a contact +263 +266 5 3 940858005
a range +263 +266 5 3 1.08
a contact +265 +270 5 2 1024998511
a range +265 +270 5 2 1.13
a contact +270 +275 4 6 107153767
a range +270 +275 4 6 0.13
a contact +270 +276 2 4 969351129
a range +270 +276 2 4 1.26
a contact +271 +276 2 1 99272410
a range +271 +276 2 1 0.12
a contact +271 +275 5 4 91942159
a range +271 +275 5 4 0.13
a contact +275 +279 2 4 1061241477
a range +275 +279 2 4 1.16
a contact +276 +281 4 5 109572017
a range +276 +281 4 5 0.13
a contact +277 +282 1 3 91458826
a range +277 +282 1 3 0.12
a contact +279 +283 6 5 109828413
a range +279 +283 6 5 0.13
a contact +280 +285 3 4 906817566
a range +280 +285 3 4 1.27
a contact +280 +284 2 1 108011011
a range +280 +284 2 1 0.12
a contact +280 +285 5 4 91245972
a range +280 +285 5 4 0.13
a contact +281 +285 4 5 94425220
a range +281 +285 4 5 0.13
a contact +281 +287 2 5 1052427542
a range +281 +287 2 5 1.21
a contact +281 +285 5 3 1032939107
a range +281 +285 5 3 1.34
a contact +282 +287 4 5 95612874
a range +282 +287 4 5 0.13
a contact +282 +286 4 5 91002620
a range +282 +286 4 5 0.13
a contact +283 +288 1 2 91480926
a range +283 +288 1 2 0.12
a contact +285 +290 2 3 109133403
a range +285 +290 2 3 0.12
a contact +285 +288 2 5 955054210
a range +285 +288 2 5 1.06
a contact +286 +291 3 1 100314122
a range +286 +291 3 1 0.12
a contact +287 +293 3 5 1045407436
a range +287 +293 3 5 1.21
a contact +287 +292 1 3 93873422
a range +287 +292 1 3 0.12
a contact +290 +295 4 2 948900737
a range +290 +295 4 2 1.18
a contact +292 +297 3 5 908025911
a range +292 +297 3 5 1.06
a contact +293 +298 3 4 958739989
a range +293 +298 3 4 1.06
a contact +294 +298 3 1 102104779
a range +294 +298 3 1 0.12
a contact +294 +298 2 4 979907258
a range +294 +298 2 4 1.3
a contact +294 +298 1 2 90530060
a range +294 +298 1 2 0.12
a contact +295 +300 6 5 90460110
a range +295 +300 6 5 0.13
a contact +295 +300 3 5 1030492684
a range +295 +300 3 5 1.14
a contact +296 +300 4 6 99602026
a range +296 +300 4 6 0.13
a contact +297 +302 3 2 109881706
a range +297 +302 3 2 0.12
a contact +298 +302 4 5 95009167
a range +298 +302 4 5 0.13
a contact +299 +304 6 5 98747879
a range +299 +304 6 5 0.13
a contact +301 +306 5 4 106435658
a range +301 +306 5 4 0.13
a contact +302 +306 3 1 106846653
a range +302 +306 3 1 0.12
a contact +302 +306 4 6 97520416
a range +302 +306 4 6 0.13
a contact +303 +307 3 5 1048358147
a range +303 +307 3 5 1.27
a contact +304 +308 5 4 99110920
a range +304 +308 5 4 0.13
a contact +304 +309 2 3 106615103
a range +304 +309 2 3 0.12
a contact +307 +311 3 2 93481202
a range +307 +311 3 2 0.12
a contact +309 +313 6 4 103388859
a range +309 +313 6 4 0.13
a contact +310 +314 4 5 106138391
a range +310 +314 4 5 0.13
a contact +310 +315 4 3 1075973946
a range +310 +315 4 3 1.06
a contact +314 +319 3 2 99136751
a range +314 +319 3 2 0.12
a contact +315 +319 1 3 104037626
a range +315 +319 1 3 0.12
a contact +316 +321 5 4 96754910
a range +316 +321 5 4 0.13
a contact +316 +320 1 3 109794764
a range +316 +320 1 3 0.12
a contact +319 +324 1 2 95987921
a range +319 +324 1 2 0.12
a contact +320 +324 3 4 940945379
a range +320 +324 3 4 1.12
a contact +320 +325 5 4 95255095
a range +320 +325 5 4 0.13
a contact +321 +325 4 6 93915024
a range +321 +325 4 6 0.13
a contact +325 +330 2 4 967651868
a range +325 +330 2 4 1.31
a contact +325 +329 4 6 96750670
a range +325 +329 4 6 0.13
a contact +325 +329 3 1 94615171
a range +325 +329 3 1 0.12
a contact +326 +332 4 3 1063638644
a range +326 +332 4 3 1.23
a contact +327 +332 3 4 953442280
a range +327 +332 3 4 1.1
a contact +327 +331 3 4 914322728
a range +327 +331 3 4 1.27
a contact +329 +333 3 1 92469908
a range +329 +333 3 1 0.12
a contact +331 +335 4 5 93825862
a range +331 +335 4 5 0.13
a contact +332 +336 1 3 101094748
a range +332 +336 1 3 0.12
a contact +334 +338 5 4 93718122
a range +334 +338 5 4 0.13
a contact +336 +341 3 1 99241722
a range +336 +341 3 1 0.12
a contact +336 +340 2 5 1092008157
a range +336 +340 2 5 1.24
a contact +338 +342 4 3 980752900
a range +338 +342 4 3 1.04
a contact +338 +342 4 2 976577990
a range +338 +342 4 2 1.27
a contact +340 +344 4 2 1005189644
a range +340 +344 4 2 1.26
a contact +340 +346 5 3 1023381073
a range +340 +346 5 3 1.34
a contact +341 +345 6 5 99357744
a range +341 +345 6 5 0.13
a contact +344 +349 3 2 105702748
a range +344 +349 3 2 0.12
a contact +345 +349 1 3 108194566
a range +345 +349 1 3 0.12
a contact +346 +350 6 4 107345255
a range +346 +350 6 4 0.13
a contact +347 +352 3 2 105881186
a range +347 +352 3 2 0.12
a contact +348 +353 4 3 1043077042
a range +348 +353 4 3 1.17
a contact +348 +352 4 2 904186381
a range +348 +352 4 2 1.15
a contact +353 +358 4 6 107411911
a range +353 +358 4 6 0.13
a contact +353 +357 6 4 97935460
a range +353 +357 6 4 0.13
a contact +354 +357 3 4 1054240354
a range +354 +357 3 4 1.02
a contact +354 +358 5 4 102204223
a range +354 +358 5 4 0.13
a contact +355 +359 3 1 104117063
a range +355 +359 3 1 0.12
a contact +357 +362 3 1 96842699
a range +357 +362 3 1 0.12
a contact +359 +363 5 3 1046191646
a range +359 +363 5 3 1.17
a contact +359 +364 4 5 98048844
a range +359 +364 4 5 0.13
a contact +359 +363 2 5 935578625
a range +359 +363 2 5 1.21
a contact +361 +365 3 2 105362922
a range +361 +365 3 2 0.12
a contact +361 +367 2 4 1002692102
a range +361 +367 2 4 1.11
a contact +362 +367 2 4 1073467392
a range +362 +367 2 4 1.12
a contact +363 +368 4 3 1077094480
a range +363 +368 4 3 1.37
a contact +363 +367 3 4 975619032
a range +363 +367 3 4 1.02
a contact +366 +371 3 1 100440937
a range +366 +371 3 1 0.12
a contact +367 +372 4 6 94875224
a range +367 +372 4 6 0.13
a contact +367 +372 2 1 94871997
a range +367 +372 2 1 0.12
a contact +368 +372 3 5 904252662
a range +368 +372 3 5 1.16
a contact +370 +374 5 3 968476237
a range +370 +374 5 3 1.03
a contact +371 +376 1 2 105963251
a range +371 +376 1 2 0.12
a contact +372 +376 6 5 102660837
a range +372 +376 6 5 0.13
a contact +373 +377 5 3 1043172505
a range +373 +377 5 3 1.3
a contact +374 +378 6 4 106681444
a range +374 +378 6 4 0.13
a contact +374 +378 3 1 91579516
a range +374 +378 3 1 0.12
a contact +376 +381 2 3 107290225
a range +376 +381 2 3 0.12
a contact +377 +381 5 2 1053590176
a range +377 +381 5 2 1.24
a contact +377 +381 1 3 93100940
a range +377 +381 1 3 0.12
a contact +379 +384 4 5 101519666
a range +379 +384 4 5 0.13
a contact +379 +385 2 5 950832512
a range +379 +385 2 5 1.11
a contact +381 +386 4 3 902294580
a range +381 +386 4 3 1.09
a contact +382 +387 3 2 96743862
a range +382 +387 3 2 0.12
a contact +383 +388 1 2 109127488
a range +383 +388 1 2 0.12
a contact +383 +388 3 5 949173534
a range +383 +388 3 5 1.26
a contact +383 +387 6 5 103764011
a range +383 +387 6 5 0.13
a contact +384 +389 1 2 105118572
a range +384 +389 1 2 0.12
a contact +385 +389 3 5 1089698431
a range +385 +389 3 5 1.26
a contact +385 +390 4 2 936580673
a range +385 +390 4 2 1.36
a contact +386 +390 1 2 104528836
a range +386 +390 1 2 0.12
a contact +386 +391 5 2 997320231
a range +386 +391 5 2 1.23
a contact +387 +392 3 1 105260732
a range +387 +392 3 1 0.12
a contact +387 +392 3 4 992614685
a range +387 +392 3 4 1.11
a contact +389 +394 3 2 100077729
a range +389 +394 3 2 0.12
a contact +389 +394 6 5 97398485
a range +389 +394 6 5 0.13
a contact +390 +394 5 4 99131562
a range +390 +394 5 4 0.13
a contact +390 +394 4 6 109910158
a range +390 +394 4 6 0.13
a contact +391 +395 6 5 101223085
a range +391 +395 6 5 0.13
a contact +392 +398 3 5 908202466
a range +392 +398 3 5 1.03
a contact +393 +397 1 3 95707467
a range +393 +397 1 3 0.12
a contact +395 +400 3 1 94189918
a range +395 +400 3 1 0.12
a contact +396 +400 6 5 96101551
a range +396 +400 6 5 0.13
a contact +396 +400 6 5 109846736
a range +396 +400 6 5 0.13
a contact +396 +401 3 1 108870869
a range +396 +401 3 1 0.12
a contact +396 +400 3 4 989183710
a range +396 +400 3 4 1.21
a contact +398 +403 4 2 973740351
a range +398 +403 4 2 1.35
a contact +398 +402 4 3 1001615949
a range +398 +402 4 3 1.15
a contact +402 +406 2 3 109988864
a range +402 +406 2 3 0.12
a contact +402 +407 5 4 100138112
a range +402 +407 5 4 0.13
a contact +403 +407 3 5 974989355
a range +403 +407 3 5 1.34
a contact +404 +408 5 3 940355633
a range +404 +408 5 3 1.03
a contact +406 +409 2 4 1079981185
a range +406 +409 2 4 1.23
a contact +406 +409 4 2 918068778
a range +406 +409 4 2 1.33
a contact +406 +410 5 6 107552933
a range +406 +410 5 6 0.13
a contact +407 +412 3 4 1098642258
a range +407 +412 3 4 1.21
a contact +408 +412 6 4 100749215
a range +408 +412 6 4 0.13
a contact +409 +413 5 3 950033688
a range +409 +413 5 3 1.12
a contact +411 +416 2 3 102521560
a range +411 +416 2 3 0.12
a contact +412 +417 3 5 1009893285
a range +412 +417 3 5 1.1
a contact +413 +418 1 2 107227091
a range +413 +418 1 2 0.12
a contact +414 +419 3 1 106107680
a range +414 +419 3 1 0.12
a contact +417 +422 6 4 93291458
a range +417 +422 6 4 0.13
a contact +418 +421 2 5 949329748
a range +418 +421 2 5 1.29
a contact +421 +425 3 4 990127315
a range +421 +425 3 4 1.03
a contact +422 +426 3 1 104525576
a range +422 +426 3 1 0.12
a contact +422 +426 5 6 93508486
a range +422 +426 5 6 0.13
a contact +423 +427 4 2 1035379933
a range +423 +427 4 2 1.26
a contact +423 +427 6 4 92739008
a range +423 +427 6 4 0.13
a contact +424 +429 4 6 99365678
a range +424 +429 4 6 0.13
a contact +424 +429 4 5 95804310
a range +424 +429 4 5 0.13
a contact +424 +429 1 3 95793635
a range +424 +429 1 3 0.12
a contact +425 +430 6 5 107217878
a range +425 +430 6 5 0.13
a contact +426 +431 2 1 98559180
a range +426 +431 2 1 0.12
a contact +427 +431 2 4 937574100
a range +427 +431 2 4 1.32
a contact +427 +432 3 5 1040941763
a range +427 +432 3 5 1.32
a contact +428 +432 5 2 958472047
a range +428 +432 5 2 1.38
a contact +429 +434 1 2 96712867
a range +429 +434 1 2 0.12
a contact +429 +434 2 3 107998568
a range +429 +434 2 3 0.12
a contact +430 +435 1 3 94599044
a range +430 +435 1 3 0.12
a contact +431 +436 5 3 1062587943
a range +431 +436 5 3 1.08
a contact +432 +437 3 4 938589397
a range +432 +437 3 4 1.15
a contact +432 +437 3 2 99165389
a range +432 +437 3 2 0.12
a contact +432 +437 5 6 104262953
a range +432 +437 5 6 0.13
a contact +435 +439 3 2 108269246
a range +435 +439 3 2 0.12
a contact +435 +439 4 6 108067091
a range +435 +439 4 6 0.13
a contact +436 +440 6 5 99422286
a range +436 +440 6 5 0.13
a contact +437 +441 4 6 108964398
a range +437 +441 4 6 0.13
a contact +438 +442 5 2 952647005
a range +438 +442 5 2 1.09
a contact +438 +442 1 2 95034961
a range +438 +442 1 2 0.12
a contact +440 +445 3 2 102431978
a range +440 +445 3 2 0.12
a contact +440 +445 3 4 963598680
a range +440 +445 3 4 1.2
a contact +440 +444 3 5 1082045665
a range +440 +444 3 5 1.09
a contact +440 +445 5 2 1052629128
a range +440 +445 5 2 1.35
a contact +440 +445 3 5 1064956860
a range +440 +445 3 5 1.15
a contact +441 +446 5 6 108069449
a range +441 +446 5 6 0.13
a contact +441 +445 6 5 101797392
a range +441 +445 6 5 0.13
a contact +442 +446 2 4 989389400
a range +442 +446 2 4 1.18
a contact +442 +446 6 4 90532855
a range +442 +446 6 4 0.13
a contact +443 +448 4 3 1030144013
a range +443 +448 4 3 1.14
a contact +444 +448 4 5 95508554
a range +444 +448 4 5 0.13
a contact +446 +450 4 3 1072204615
a range +446 +450 4 3 1.28
a contact +446 +451 3 2 95032778
a range +446 +451 3 2 0.12
a contact +450 +454 1 3 104990451
a range +450 +454 1 3 0.12
a contact +450 +454 6 5 99138503
a range +450 +454 6 5 0.13
a contact +450 +455 1 2 93272271
a range +450 +455 1 2 0.12
a contact +452 +457 4 2 1018450407
a range +452 +457 4 2 1.08
a contact +452 +457 2 3 100603348
a range +452 +457 2 3 0.12
a contact +453 +456 4 3 940941705
a range +453 +456 4 3 1.27
a contact +454 +458 5 4 96329659
a range +454 +458 5 4 0.13
a contact +455 +460 5 2 918531747
a range +455 +460 5 2 1.07
a contact +455 +459 2 3 96136490
a range +455 +459 2 3 0.12
a contact +455 +460 6 4 96493486
a range +455 +460 6 4 0.13
a contact +455 +460 4 2 998989337
a range +455 +460 4 2 1.12
a contact +457 +461 4 6 108438094
a range +457 +461 4 6 0.13
a contact +457 +462 6 5 92072028
a range +457 +462 6 5 0.13
a contact +459 +463 5 3 1051573111
a range +459 +463 5 3 1.38
a contact +459 +464 1 3 91132439
a range +459 +464 1 3 0.12
a contact +460 +466 2 4 930177606
a range +460 +466 2 4 1.36
a contact +461 +465 5 2 1072777647
a range +461 +465 5 2 1.2
a contact +462 +466 5 2 1000410043
a range +462 +466 5 2 1.1
a contact +463 +469 4 3 971728155
a range +463 +469 4 3 1.19
a contact +464 +469 3 2 92853557
a range +464 +469 3 2 0.12
a contact +466 +470 2 3 105269000
a range +466 +470 2 3 0.12
a contact +467 +471 4 6 91883830
a range +467 +471 4 6 0.13
a contact +467 +470 3 4 906415592
a range +467 +470 3 4 1.18
a contact +467 +472 3 1 91934900
a range +467 +472 3 1 0.12
a contact +467 +471 1 2 97404628
a range +467 +471 1 2 0.12
a contact +468 +472 2 5 951971937
a range +468 +472 2 5 1.08
a contact +468 +472 1 2 108138875
a range +468 +472 1 2 0.12
a contact +469 +474 6 5 101290663
a range +469 +474 6 5 0.13
a contact +470 +475 5 3 1090522845
a range +470 +475 5 3 1.23
a contact +470 +475 2 3 107427628
a range +470 +475 2 3 0.12
a contact +471 +476 3 1 103635836
a range +471 +476 3 1 0.12
a contact +472 +477 4 5 94371534
a range +472 +477 4 5 0.13
a contact +472 +478 3 5 1028870388
a range +472 +478 3 5 1.14
a contact +473 +477 3 5 1064469778
a range +473 +477 3 5 1.03
a contact +473 +477 4 2 905400987
a range +473 +477 4 2 1.35
a contact +473 +477 3 2 97479708
a range +473 +477 3 2 0.12
a contact +473 +477 2 5 919039362
a range +473 +477 2 5 1.06
a contact +475 +479 1 3 108861877
a range +475 +479 1 3 0.12
a contact +477 +481 4 2 903220987
a range +477 +481 4 2 1.07
a contact +477 +482 2 1 93262034
a range +477 +482 2 1 0.12
a contact +479 +483 4 5 105285329
a range +479 +483 4 5 0.13
a contact +482 +486 6 5 94712048
a range +482 +486 6 5 0.13
a contact +485 +490 4 5 91603792
a range +485 +490 4 5 0.13
a contact +486 +491 5 3 918299135
a range +486 +491 5 3 1.25
a contact +488 +493 2 3 109606162
a range +488 +493 2 3 0.12
a contact +491 +495 5 3 997679449
a range +491 +495 5 3 1.37
a contact +493 +497 1 3 95504330
a range +493 +497 1 3 0.12
a contact +495 +498 2 4 1008753906
a range +495 +498 2 4 1.07
a contact +496 +500 2 5 1028544411
a range +496 +500 2 5 1.16
a contact +497 +502 4 5 97163744
a range +497 +502 4 5 0.13
a contact +498 +503 4 6 98703895
a range +498 +503 4 6 0.13
a contact +499 +503 2 4 1053794708
a range +499 +503 2 4 1.25
a contact +499 +503 3 5 1041101471
a range +499 +503 3 5 1.21
a contact +499 +504 4 6 98363992
a range +499 +504 4 6 0.13
a contact +500 +504 2 1 103208055
a range +500 +504 2 1 0.12
a contact +501 +504 2 4 1009540597
a range +501 +504 2 4 1.09
a contact +501 +505 6 4 92499326
a range +501 +505 6 4 0.13
a contact +502 +507 5 4 101876904
a range +502 +507 5 4 0.13
a contact +502 +506 6 5 106121212
a range +502 +506 6 5 0.13
a contact +503 +507 5 6 100820355
a range +503 +507 5 6 0.13
a contact +503 +508 1 3 91857048
a range +503 +508 1 3 0.12
a contact +506 +511 5 3 1049911068
a range +506 +511 5 3 1.3
a contact +508 +512 2 3 100226045
a range +508 +512 2 3 0.12
a contact +509 +513 4 3 1023553099
a range +509 +513 4 3 1.2
a contact +509 +514 4 3 980387265
a range +509 +514 4 3 1.23
a contact +510 +515 4 3 907100717
a range +510 +515 4 3 1.37
a contact +513 +517 5 4 109864343
a range +513 +517 5 4 0.13
a contact +516 +521 2 4 995635962
a range +516 +521 2 4 1.16
a contact +516 +520 1 2 92003131
a range +516 +520 1 2 0.12
a contact +517 +521 2 3 101192844
a range +517 +521 2 3 0.12
a contact +518 +523 4 3 986267622
a range +518 +523 4 3 1.05
a contact +519 +523 2 4 1039147649
a range +519 +523 2 4 1.18
a contact +520 +525 3 1 102055274
a range +520 +525 3 1 0.12
a contact +520 +525 2 5 965556139
a range +520 +525 2 5 1.36
a contact +521 +525 5 6 96146143
a range +521 +525 5 6 0.13
a contact +521 +525 5 6 105341300
a range +521 +525 5 6 0.13
a contact +522 +526 2 3 97750790
a range +522 +526 2 3 0.12
a contact +524 +529 6 4 93085199
a range +524 +529 6 4 0.13
a contact +524 +529 4 5 94293950
a range +524 +529 4 5 0.13
a contact +525 +531 5 2 941400629
a range +525 +531 5 2 1.19
a contact +527 +532 4 3 982732911
a range +527 +532 4 3 1.21
a contact +527 +532 5 3 951863177
a range +527 +532 5 3 1.25
a contact +527 +531 1 3 90585552
a range +527 +531 1 3 0.12
a contact +529 +534 4 6 107345533
a range +529 +534 4 6 0.13
a contact +529 +533 5 6 107992414
a range +529 +533 5 6 0.13
a contact +530 +535 4 3 906862106
a range +530 +535 4 3 1.1
a contact +531 +535 5 6 104095350
a range +531 +535 5 6 0.13
a contact +532 +537 4 5 109772403
a range +532 +537 4 5 0.13
a contact +532 +537 6 5 95781744
a range +532 +537 6 5 0.13
a contact +539 +543 6 5 108424404
a range +539 +543 6 5 0.13
a contact +539 +544 1 2 109377742
a range +539 +544 1 2 0.12
a contact +540 +546 2 5 967821020
a range +540 +546 2 5 1.23
a contact +541 +546 4 2 1004037279
a range +541 +546 4 2 1.19
a contact +545 +549 5 3 909485947
a range +545 +549 5 3 1.32
a contact +545 +550 5 4 90890412
a range +545 +550 5 4 0.13
a contact +546 +551 3 1 101698547
a range +546 +551 3 1 0.12
a contact +546 +550 4 5 103316979
a range +546 +550 4 5 0.13
a contact +548 +553 2 3 108490462
a range +548 +553 2 3 0.12
a contact +549 +553 3 1 94331184
a range +549 +553 3 1 0.12
a contact +549 +553 3 1 92955712
a range +549 +553 3 1 0.12
a contact +549 +553 2 1 108646544
a range +549 +553 2 1 0.12
a contact +550 +555 4 5 98727164
a range +550 +555 4 5 0.13
a contact +554 +559 3 2 103962489
a range +554 +559 3 2 0.12
a contact +555 +559 2 1 107893620
a range +555 +559 2 1 0.12
a contact +555 +559 2 3 94576334
a range +555 +559 2 3 0.12
a contact +555 +560 3 4 1020170157
a range +555 +560 3 4 1.21
a contact +556 +560 5 4 95424291
a range +556 +560 5 4 0.13
a contact +557 +560 3 4 1038666482
a range +557 +560 3 4 1.12
a contact +559 +564 6 5 109197844
a range +559 +564 6 5 0.13
a contact +560 +564 4 3 1077959731
a range +560 +564 4 3 1.05
a contact +562 +567 2 1 98195418
a range +562 +567 2 1 0.12
a contact +562 +567 6 4 96845373
a range +562 +567 6 4 0.13
a contact +563 +567 4 3 1052715487
a range +563 +567 4 3 1.18
a contact +563 +567 3 1 109183642
a range +563 +567 3 1 0.12
a contact +564 +568 4 5 108851519
a range +564 +568 4 5 0.13
a contact +564 +569 1 3 104449053
a range +564 +569 1 3 0.12
a contact +564 +569 5 4 94314540
a range +564 +569 5 4 0.13
a contact +565 +569 6 5 92483910
a range +565 +569 6 5 0.13
a contact +566 +570 6 4 96611057
a range +566 +570 6 4 0.13
a contact +566 +569 3 4 941755820
a range +566 +569 3 4 1.2
a contact +566 +570 3 5 1042082422
a range +566 +570 3 5 1.32
a contact +567 +571 6 5 104859988
a range +567 +571 6 5 0.13
a contact +568 +572 4 5 95333189
a range +568 +572 4 5 0.13
a contact +568 +573 5 4 97245268
a range +568 +573 5 4 0.13
a contact +569 +574 6 5 94745625
a range +569 +574 6 5 0.13
a contact +573 +577 1 3 103923912
a range +573 +577 1 3 0.12
a contact +575 +580 1 3 97177093
a range +575 +580 1 3 0.12
a contact +576 +580 4 3 903574489
a range +576 +580 4 3 1.19
a contact +576 +580 3 5 1066984515
a range +576 +580 3 5 1.07
a contact +577 +581 1 2 92979271
a range +577 +581 1 2 0.12
a contact +580 +585 2 4 916750808
a range +580 +585 2 4 1.35
a contact +582 +587 4 6 94142520
a range +582 +587 4 6 0.13
a contact +582 +587 1 2 90198556
a range +582 +587 1 2 0.12
a contact +584 +589 3 2 100298816
a range +584 +589 3 2 0.12
a contact +587 +591 4 2 1009096977
a range +587 +591 4 2 1.22
a contact +587 +591 1 3 103913995
a range +587 +591 1 3 0.12
a contact +589 +593 2 1 93708046
a range +589 +593 2 1 0.12
a contact +589 +594 4 6 100144987
a range +589 +594 4 6 0.13
a contact +591 +594 3 5 950530853
a range +591 +594 3 5 1.11
a contact +591 +596 6 4 103651057
a range +591 +596 6 4 0.13
a contact +592 +597 3 1 108917750
a range +592 +597 3 1 0.12
a contact +592 +596 2 1 95083620
a range +592 +596 2 1 0.12
a contact +594 +598 4 3 962552415
a range +594 +598 4 3 1.23
a contact +595 +599 4 2 959773476
a range +595 +599 4 2 1.33
a contact +596 +601 6 4 101543331
a range +596 +601 6 4 0.13
a contact +596 +599 3 4 939817490
a range +596 +599 3 4 1.32
a contact +597 +601 4 5 91316482
a range +597 +601 4 5 0.13
a contact +599 +603 6 4 95791545
a range +599 +603 6 4 0.13
a contact +599 +603 5 3 963314240
a range +599 +603 5 3 1.26
a contact +599 +603 3 2 105174777
a range +599 +603 3 2 0.12
a contact +601 +605 5 4 92292608
a range +601 +605 5 4 0.13
a contact +602 +607 2 4 1056668408
a range +602 +607 2 4 1.2
a contact +602 +606 2 1 91892365
a range +602 +606 2 1 0.12
a contact +605 +610 2 5 930921755
a range +605 +610 2 5 1.08
a contact +609 +614 2 5 970341091
a range +609 +614 2 5 1.14
a contact +609 +613 6 5 96347033
a range +609 +613 6 5 0.13
a contact +609 +613 2 1 93027938
a range +609 +613 2 1 0.12
a contact +613 +618 4 5 92821850
a range +613 +618 4 5 0.13
a contact +613 +618 3 1 91110654
a range +613 +618 3 1 0.12
a contact +615 +619 3 5 960105356
a range +615 +619 3 5 1.32
a contact +617 +622 6 5 93425584
a range +617 +622 6 5 0.13
a contact +617 +622 2 5 997574989
a range +617 +622 2 5 1.23
a contact +618 +623 3 1 107741732
a range +618 +623 3 1 0.12
a contact +621 +625 4 2 1093589680
a range +621 +625 4 2 1.13
a contact +622 +626 3 5 1008675371
a range +622 +626 3 5 1.25
a contact +622 +626 4 5 97054323
a range +622 +626 4 5 0.13
a contact +624 +629 4 5 104620249
a range +624 +629 4 5 0.13
a contact +625 +630 4 6 101451159
a range +625 +630 4 6 0.13
a contact +625 +630 1 2 103825462
a range +625 +630 1 2 0.12
a contact +626 +631 2 1 94664481
a range +626 +631 2 1 0.12
a contact +626 +631 4 6 91134198
a range +626 +631 4 6 0.13
a contact +626 +631 5 4 105754577
a range +626 +631 5 4 0.13
a contact +627 +631 2 1 99742630
a range +627 +631 2 1 0.12
a contact +628 +632 3 4 993976827
a range +628 +632 3 4 1.33
a contact +629 +634 4 6 91486965
a range +629 +634 4 6 0.13
a contact +631 +636 2 1 107398214
a range +631 +636 2 1 0.12
a contact +634 +638 3 4 999084459
a range +634 +638 3 4 1.16
a contact +634 +639 5 6 107018912
a range +634 +639 5 6 0.13
a contact +634 +638 5 4 107450209
a range +634 +638 5 4 0.13
a contact +636 +640 4 6 92553386
a range +636 +640 4 6 0.13
a contact +636 +641 5 4 106925891
a range +636 +641 5 4 0.13
a contact +636 +640 4 3 988460887
a range +636 +640 4 3 1.17
a contact +638 +643 5 4 106242459
a range +638 +643 5 4 0.13
a contact +639 +644 5 6 102834925
a range +639 +644 5 6 0.13
a contact +640 +645 2 1 90095456
a range +640 +645 2 1 0.12
a contact +640 +643 2 4 1083739683
a range +640 +643 2 4 1.3
a contact +641 +646 5 2 948980015
a range +641 +646 5 2 1.36
a contact +645 +650 4 5 108216348
a range +645 +650 4 5 0.13
a contact +645 +649 1 2 106338000
a range +645 +649 1 2 0.12
a contact +647 +651 3 2 104529248
a range +647 +651 3 2 0.12
a contact +647 +651 4 5 99099959
a range +647 +651 4 5 0.13
a contact +648 +652 2 1 106973322
a range +648 +652 2 1 0.12
a contact +651 +656 3 5 1081554207
a range +651 +656 3 5 1.34
a contact +651 +655 4 5 107246391
a range +651 +655 4 5 0.13
a contact +652 +657 5 4 104653043
a range +652 +657 5 4 0.13
a contact +653 +657 3 1 105573998
a range +653 +657 3 1 0.12
a contact +654 +659 3 2 108844482
a range +654 +659 3 2 0.12
a contact +654 +660 2 5 1015123790
a range +654 +660 2 5 1.11
a contact +656 +661 5 2 1039775925
a range +656 +661 5 2 1.22
a contact +656 +662 3 5 1066129981
a range +656 +662 3 5 1.08
a contact +658 +662 5 6 103381496
a range +658 +662 5 6 0.13
a contact +659 +663 4 6 104062372
a range +659 +663 4 6 0.13
a contact +660 +664 1 3 92867069
a range +660 +664 1 3 0.12
a contact +660 +665 4 2 1082988428
a range +660 +665 4 2 1.06
a contact +661 +666 6 5 104751467
a range +661 +666 6 5 0.13
a contact +662 +666 4 5 93469273
a range +662 +666 4 5 0.13
a contact +663 +667 2 1 100245000
a range +663 +667 2 1 0.12
a contact +664 +669 2 3 102125300
a range +664 +669 2 3 0.12
a contact +665 +669 5 2 1024205449
a range +665 +669 5 2 1.02
a contact +665 +670 5 3 916205318
a range +665 +670 5 3 1.21
a contact +665 +669 5 3 933115884
a range +665 +669 5 3 1.06
a contact +666 +671 3 2 103478480
a range +666 +671 3 2 0.12
a contact +666 +671 1 2 105218400
a range +666 +671 1 2 0.12
a contact +667 +671 3 2 92128980
a range +667 +671 3 2 0.12
a contact +667 +672 3 2 105140895
a range +667 +672 3 2 0.12
a contact +667 +672 6 5 96975499
a range +667 +672 6 5 0.13
a contact +670 +675 5 6 109224209
a range +670 +675 5 6 0.13
a contact +670 +675 5 6 103570609
a range +670 +675 5 6 0.13
a contact +670 +674 4 6 99631792
a range +670 +674 4 6 0.13
a contact +673 +678 4 5 99388075
a range +673 +678 4 5 0.13
a contact +674 +678 2 1 91603233
a range +674 +678 2 1 0.12
a contact +674 +678 6 5 91838961
a range +674 +678 6 5 0.13
a contact +676 +680 1 2 90668291
a range +676 +680 1 2 0.12
a contact +676 +680 3 5 966761891
a range +676 +680 3 5 1.33
a contact +676 +680 4 5 100384411
a range +676 +680 4 5 0.13
a contact +676 +680 5 3 981004310
a range +676 +680 5 3 1.22
a contact +679 +684 3 1 101078296
a range +679 +684 3 1 0.12
a contact +680 +685 5 6 95375732
a range +680 +685 5 6 0.13
a contact +681 +685 1 2 109393629
a range +681 +685 1 2 0.12
a contact +681 +686 2 3 94813870
a range +681 +686 2 3 0.12
a contact +682 +686 1 3 101674445
a range +682 +686 1 3 0.12
a contact +683 +688 5 3 1001683504
a range +683 +688 5 3 1.05
a contact +685 +690 6 4 105730346
a range +685 +690 6 4 0.13
a contact +686 +691 4 3 926127085
a range +686 +691 4 3 1.33
a contact +687 +691 2 1 100927643
a range +687 +691 2 1 0.12
a contact +687 +691 3 1 103437793
a range +687 +691 3 1 0.12
a contact +689 +694 4 6 107400921
a range +689 +694 4 6 0.13
a contact +690 +695 4 6 97460498
a range +690 +695 4 6 0.13
a contact +690 +694 4 2 1048026968
a range +690 +694 4 2 1.07
a contact +692 +697 3 2 104760489
a range +692 +697 3 2 0.12
a contact +694 +699 2 3 104495382
a range +694 +699 2 3 0.12
a contact +694 +698 3 1 107337872
a range +694 +698 3 1 0.12
a contact +694 +698 3 1 106515504
a range +694 +698 3 1 0.12
a contact +694 +698 1 3 100891799
a range +694 +698 1 3 0.12
a contact +695 +700 4 5 105674476
a range +695 +700 4 5 0.13
a contact +697 +702 4 2 990509871
a range +697 +702 4 2 1.28
a contact +697 +701 3 2 101868189
a range +697 +701 3 2 0.12
a contact +697 +701 6 4 99533752
a range +697 +701 6 4 0.13
a contact +698 +702 5 2 931038786
a range +698 +702 5 2 1.31
a contact +698 +702 6 4 108821341
a range +698 +702 6 4 0.13
a contact +699 +704 5 3 1075071091
a range +699 +704 5 3 1.27
a contact +699 +703 3 5 964769478
a range +699 +703 3 5 1.15
a contact +699 +704 1 3 100364017
a range +699 +704 1 3 0.12
a contact +704 +709 5 4 99323884
a range +704 +709 5 4 0.13
a contact +704 +709 3 4 1054457499
a range +704 +709 3 4 1.21
a contact +705 +709 4 2 1074457163
a range +705 +709 4 2 1.16
a contact +705 +708 3 5 1071666958
a range +705 +708 3 5 1.07
a contact +705 +710 3 2 93458956
a range +705 +710 3 2 0.12
a contact +706 +710 5 2 1011211428
a range +706 +710 5 2 1.03
a contact +707 +711 2 5 968944277
a range +707 +711 2 5 1.16
a contact +707 +710 4 2 936414389
a range +707 +710 4 2 1.2
a contact +709 +714 1 3 108342530
a range +709 +714 1 3 0.12
a contact +711 +716 6 4 104047941
a range +711 +716 6 4 0.13
a contact +711 +714 5 2 1035445608
a range +711 +714 5 2 1.21
a contact +712 +717 4 6 90644254
a range +712 +717 4 6 0.13
a contact +712 +716 2 1 96431185
a range +712 +716 2 1 0.12
a contact +712 +716 2 4 1007110811
a range +712 +716 2 4 1.14
a contact +713 +717 4 5 104991102
a range +713 +717 4 5 0.13
a contact +713 +718 2 5 958131221
a range +713 +718 2 5 1.38
a contact +717 +721 3 5 1021292462
a range +717 +721 3 5 1.19
a contact +718 +722 1 2 100505260
a range +718 +722 1 2 0.12
a contact +719 +723 2 3 102768087
a range +719 +723 2 3 0.12
a contact +720 +724 6 5 91936718
a range +720 +724 6 5 0.13
a contact +720 +724 2 3 98085564
a range +720 +724 2 3 0.12
a contact +723 +728 2 3 90824405
a range +723 +728 2 3 0.12
a contact +724 +728 4 5 100758518
a range +724 +728 4 5 0.13
a contact +724 +729 5 6 108377610
a range +724 +729 5 6 0.13
a contact +724 +729 4 2 1056234870
a range +724 +729 4 2 1.09
a contact +724 +728 2 4 1093117719
a range +724 +728 2 4 1.23
a contact +724 +729 1 3 90752297
a range +724 +729 1 3 0.12
a contact +726 +730 4 2 1081608879
a range +726 +730 4 2 1.11
a contact +726 +730 2 1 97897371
a range +726 +730 2 1 0.12
a contact +727 +733 2 4 1040183055
a range +727 +733 2 4 1.36
a contact +729 +733 6 5 109061770
a range +729 +733 6 5 0.13
a contact +730 +735 2 1 109483018
a range +730 +735 2 1 0.12
a contact +735 +740 1 2 98590140
a range +735 +740 1 2 0.12
a contact +735 +740 4 6 104007798
a range +735 +740 4 6 0.13
a contact +736 +741 3 2 101232604
a range +736 +741 3 2 0.12
a contact +738 +741 4 2 1002212260
a range +738 +741 4 2 1.21
a contact +741 +745 5 4 100439155
a range +741 +745 5 4 0.13
a contact +744 +749 6 4 103965242
a range +744 +749 6 4 0.13
a contact +745 +750 2 1 96921215
a range +745 +750 2 1 0.12
a contact +749 +754 1 2 94032435
a range +749 +754 1 2 0.12
a contact +751 +755 1 2 108817452
a range +751 +755 1 2 0.12
a contact +751 +755 2 3 109427959
a range +751 +755 2 3 0.12
a contact +752 +757 2 1 100215985
a range +752 +757 2 1 0.12
a contact +752 +755 4 2 1049068523
a range +752 +755 4 2 1.29
a contact +754 +759 4 2 1041311683
a range +754 +759 4 2 1.37
a contact +755 +760 4 5 90430365
a range +755 +760 4 5 0.13
a contact +757 +762 6 4 98064844
a range +757 +762 6 4 0.13
a contact +758 +762 3 5 1054595207
a range +758 +762 3 5 1.13
a contact +762 +766 4 3 991635241
a range +762 +766 4 3 1.31
a contact +762 +767 2 1 99946718
a range +762 +767 2 1 0.12
a contact +763 +767 3 1 96920424
a range +763 +767 3 1 0.12
a contact +764 +768 1 2 95653484
a range +764 +768 1 2 0.12
a contact +764 +768 2 3 90953116
a range +764 +768 2 3 0.12
a contact +767 +772 1 3 107058065
a range +767 +772 1 3 0.12
a contact +769 +773 5 3 1094018442
a range +769 +773 5 3 1.27
a contact +772 +775 4 3 1006831407
a range +772 +775 4 3 1.04
a contact +773 +778 1 3 96458822
a range +773 +778 1 3 0.12
a contact +773 +779 4 2 1043429471
a range +773 +779 4 2 1.29
a contact +775 +779 4 2 1036341774
a range +775 +779 4 2 1.32
a contact +776 +782 4 3 969607368
a range +776 +782 4 3 1.1
a contact +776 +780 2 5 1051150065
a range +776 +780 2 5 1.26
a contact +777 +781 4 3 915927618
a range +777 +781 4 3 1.25
a contact +777 +781 4 6 99208973
a range +777 +781 4 6 0.13
a contact +777 +782 4 6 107289492
a range +777 +782 4 6 0.13
a contact +778 +782 2 1 92820691
a range +778 +782 2 1 0.12
a contact +779 +784 4 5 109093335
a range +779 +784 4 5 0.13
a contact +780 +786 3 4 1087778776
a range +780 +786 3 4 1.26
a contact +780 +785 2 5 1057366171
a range +780 +785 2 5 1.34
a contact +781 +786 5 4 99296527
a range +781 +786 5 4 0.13
a contact +783 +787 4 3 1095861947
a range +783 +787 4 3 1.05
a contact +784 +788 3 2 99948216
a range +784 +788 3 2 0.12
a contact +784 +788 3 1 98814032
a range +784 +788 3 1 0.12
a contact +785 +789 2 1 92776703
a range +785 +789 2 1 0.12
a contact +786 +791 3 5 1073430615
a range +786 +791 3 5 1.08
a contact +786 +791 4 5 94685254
a range +786 +791 4 5 0.13
a contact +788 +793 4 6 106692484
a range +788 +793 4 6 0.13
a contact +789 +793 5 6 94549400
a range +789 +793 5 6 0.13
a contact +789 +793 4 5 95638691
a range +789 +793 4 5 0.13
a contact +789 +793 4 6 106767979
a range +789 +793 4 6 0.13
a contact +790 +794 3 2 95930972
a range +790 +794 3 2 0.12
a contact +790 +795 2 3 104530331
a range +790 +795 2 3 0.12
a contact +791 +795 6 4 98291845
a range +791 +795 6 4 0.13
a contact +792 +796 2 4 926343635
a range +792 +796 2 4 1.24
a contact +793 +798 2 3 93297633
a range +793 +798 2 3 0.12
a contact +793 +797 2 5 1066469826
a range +793 +797 2 5 1.06
a contact +793 +797 3 5 956918153
a range +793 +797 3 5 1.16
a contact +794 +798 1 2 91132163
a range +794 +798 1 2 0.12
a contact +794 +797 4 3 1021643936
a range +794 +797 4 3 1.37
a contact +796 +800 5 3 913600124
a range +796 +800 5 3 1.32
a contact +799 +803 6 5 99960568
a range +799 +803 6 5 0.13
a contact +799 +804 4 2 1079424509
a range +799 +804 4 2 1.31
a contact +800 +804 2 4 939373484
a range +800 +804 2 4 1.24
a contact +800 +805 4 3 1080583288
a range +800 +805 4 3 1.15
a contact +802 +807 2 1 103534491
a range +802 +807 2 1 0.12
a contact +802 +807 2 4 964892555
a range +802 +807 2 4 1.26
a contact +803 +808 5 2 1037726269
a range +803 +808 5 2 1.25
a contact +804 +808 2 3 98843264
a range +804 +808 2 3 0.12
a contact +804 +808 6 4 108575629
a range +804 +808 6 4 0.13
a contact +805 +809 4 6 92446720
a range +805 +809 4 6 0.13
a contact +806 +810 3 1 96209216
a range +806 +810 3 1 0.12
a contact +806 +811 2 3 93964604
a range +806 +811 2 3 0.12
a contact +807 +811 5 6 95768569
a range +807 +811 5 6 0.13
a contact +808 +814 4 2 913682385
a range +808 +814 4 2 1.25
a contact +810 +815 6 4 92902121
a range +810 +815 6 4 0.13
a contact +812 +817 2 4 902408975
a range +812 +817 2 4 1.2
a contact +812 +816 6 5 91831609
a range +812 +816 6 5 0.13
a contact +812 +816 1 2 96527492
a range +812 +816 1 2 0.12
a contact +813 +818 5 2 1042129504
a range +813 +818 5 2 1.06
a contact +813 +817 2 4 1063679465
a range +813 +817 2 4 1.07
a contact +815 +819 5 6 97818408
a range +815 +819 5 6 0.13
a contact +817 +822 1 2 102960106
a range +817 +822 1 2 0.12
a contact +818 +822 4 2 940181296
a range +818 +822 4 2 1.13
a contact +820 +824 3 4 961701354
a range +820 +824 3 4 1.18
a contact +821 +825 3 5 904516430
a range +821 +825 3 5 1.26
a contact +822 +828 2 4 1094420596
a range +822 +828 2 4 1.02
a contact +823 +828 5 6 93836236
a range +823 +828 5 6 0.13
a contact +824 +828 1 3 90203089
a range +824 +828 1 3 0.12
a contact +825 +829 3 4 1053178319
a range +825 +829 3 4 1.25
a contact +827 +831 5 3 955686438
a range +827 +831 5 3 1.38
a contact +827 +832 4 2 1064923732
a range +827 +832 4 2 1.28
a contact +830 +835 1 3 109994709
a range +830 +835 1 3 0.12
a contact +830 +834 4 2 1020855266
a range +830 +834 4 2 1.17
a contact +831 +835 6 5 109683657
a range +831 +835 6 5 0.13
a contact +831 +836 3 5 959792662
a range +831 +836 3 5 1.33
a contact +833 +838 2 5 959217671
a range +833 +838 2 5 1.3
a contact +834 +839 4 6 107338388
a range +834 +839 4 6 0.13
a contact +837 +841 1 3 94142181
a range +837 +841 1 3 0.12
a contact +838 +842 4 2 960481856
a range +838 +842 4 2 1.13
a contact +838 +843 1 3 94981920
a range +838 +843 1 3 0.12
a contact +838 +842 3 1 105874750
a range +838 +842 3 1 0.12
a contact +838 +843 3 1 101629830
a range +838 +843 3 1 0.12
a contact +840 +845 3 1 91608991
a range +840 +845 3 1 0.12
a contact +840 +845 4 5 108790935
a range +840 +845 4 5 0.13
a contact +840 +845 1 2 94765864
a range +840 +845 1 2 0.12
a contact +842 +847 3 5 1095878951
a range +842 +847 3 5 1.14
a contact +843 +848 1 3 93993063
a range +843 +848 1 3 0.12
a contact +844 +848 6 4 98621581
a range +844 +848 6 4 0.13
a contact +844 +849 5 6 108504117
a range +844 +849 5 6 0.13
a contact +845 +850 5 6 103773337
a range +845 +850 5 6 0.13
a contact +848 +852 1 3 99052378
a range +848 +852 1 3 0.12
a contact +853 +857 5 6 98534937
a range +853 +857 5 6 0.13
a contact +853 +857 6 5 103785266
a range +853 +857 6 5 0.13
a contact +853 +857 6 4 109099994
a range +853 +857 6 4 0.13
a contact +854 +859 3 5 1050018427
a range +854 +859 3 5 1.32
a contact +859 +864 4 5 97540388
a range +859 +864 4 5 0.13
a contact +861 +866 2 1 95614996
a range +861 +866 2 1 0.12
a contact +862 +866 4 6 109579831
a range +862 +866 4 6 0.13
a contact +865 +869 4 6 105048376
a range +865 +869 4 6 0.13
a contact +865 +870 4 5 108183651
a range +865 +870 4 5 0.13
a contact +867 +872 3 1 93782975
a range +867 +872 3 1 0.12
a contact +870 +874 6 4 98140463
a range +870 +874 6 4 0.13
a contact +871 +875 2 3 108993186
a range +871 +875 2 3 0.12
a contact +871 +876 3 2 91465835
a range +871 +876 3 2 0.12
a contact +873 +878 4 5 99301066
a range +873 +878 4 5 0.13
a contact +875 +879 1 3 97538841
a range +875 +879 1 3 0.12
a contact +878 +882 4 6 98666062
a range +878 +882 4 6 0.13
a contact +878 +882 2 1 104776728
a range +878 +882 2 1 0.12
a contact +878 +881 2 5 978641283
a range +878 +881 2 5 1.27
a contact +878 +882 1 3 99942237
a range +878 +882 1 3 0.12
a contact +878 +882 4 3 954930324
a range +878 +882 4 3 1.14
a contact +879 +884 4 6 102607527
a range +879 +884 4 6 0.13
a contact +879 +883 2 4 1041529031
a range +879 +883 2 4 1.07
a contact +879 +884 1 2 95643569
a range +879 +884 1 2 0.12
a contact +880 +884 4 5 93835515
a range +880 +884 4 5 0.13
a contact +881 +884 3 5 975037438
a range +881 +884 3 5 1.31
a contact +882 +886 5 4 91088988
a range +882 +886 5 4 0.13
a contact +882 +887 5 3 976540684
a range +882 +887 5 3 1.22
a contact +883 +888 2 1 92834198
a range +883 +888 2 1 0.12
a contact +883 +888 3 5 968269390
a range +883 +888 3 5 1.35
a contact +883 +888 3 4 1093934476
a range +883 +888 3 4 1.24
a contact +885 +890 5 2 940778943
a range +885 +890 5 2 1.07
a contact +886 +889 5 3 1021172597
a range +886 +889 5 3 1.3
a contact +886 +890 1 3 102996031
a range +886 +890 1 3 0.12
a contact +886 +891 6 5 97785894
a range +886 +891 6 5 0.13
a contact +887 +892 2 3 97580611
a range +887 +892 2 3 0.12
a contact +888 +893 3 2 96075578
a range +888 +893 3 2 0.12
a contact +888 +893 6 5 103374053
a range +888 +893 6 5 0.13
a contact +889 +894 2 3 95688429
a range +889 +894 2 3 0.12
a contact +894 +899 6 4 96808146
a range +894 +899 6 4 0.13
a contact +894 +899 6 5 91832959
a range +894 +899 6 5 0.13
a contact +899 +904 4 6 108751105
a range +899 +904 4 6 0.13
a contact +899 +903 5 6 107710160
a range +899 +903 5 6 0.13
a contact +901 +906 1 2 108601840
a range +901 +906 1 2 0.12
a contact +902 +905 5 2 998849060
a range +902 +905 5 2 1.27
a contact +905 +909 4 5 94170285
a range +905 +909 4 5 0.13
a contact +905 +909 3 1 100745565
a range +905 +909 3 1 0.12
a contact +906 +910 3 2 95718188
a range +906 +910 3 2 0.12
a contact +907 +911 3 5 1048814063
a range +907 +911 3 5 1.35
a contact +908 +913 5 3 916552457
a range +908 +913 5 3 1.31
a contact +908 +912 4 5 109236790
a range +908 +912 4 5 0.13
a contact +908 +912 4 5 99964128
a range +908 +912 4 5 0.13
a contact +909 +913 5 3 901952129
a range +909 +913 5 3 1.17
a contact +910 +915 5 3 981880653
a range +910 +915 5 3 1.06
a contact +910 +914 4 5 90478695
a range +910 +914 4 5 0.13
a contact +910 +913 4 3 941742069
a range +910 +913 4 3 1.37
a contact +910 +914 2 1 98924443
a range +910 +914 2 1 0.12
a contact +912 +917 4 6 107652524
a range +912 +917 4 6 0.13
a contact +912 +917 3 2 106975180
a range +912 +917 3 2 0.12
a contact +912 +915 5 3 1092925854
a range +912 +915 5 3 1.37
a contact +912 +916 6 5 107291465
a range +912 +916 6 5 0.13
a contact +913 +918 2 4 955307396
a range +913 +918 2 4 1.02
a contact +914 +919 6 4 95548293
a range +914 +919 6 4 0.13
a contact +914 +917 2 4 1098055640
a range +914 +917 2 4 1.22
a contact +914 +918 3 1 100168789
a range +914 +918 3 1 0.12
a contact +915 +920 2 3 90154066
a range +915 +920 2 3 0.12
a contact +915 +920 3 1 109209361
a range +915 +920 3 1 0.12
a contact +916 +920 1 3 92708683
a range +916 +920 1 3 0.12
a contact +916 +921 3 5 958470070
a range +916 +921 3 5 1.18
a contact +917 +922 2 1 106184796
a range +917 +922 2 1 0.12
a contact +918 +922 5 6 95730171
a range +918 +922 5 6 0.13
a contact +918 +923 5 2 1015611256
a range +918 +923 5 2 1.24
a contact +919 +924 5 2 1026590231
a range +919 +924 5 2 1.12
a contact +922 +925 3 5 1071472085
a range +922 +925 3 5 1.13
a contact +926 +931 3 2 104625714
a range +926 +931 3 2 0.12
a contact +926 +930 1 3 100535419
a range +926 +930 1 3 0.12
a contact +927 +933 2 4 988319334
a range +927 +933 2 4 1.17
a contact +928 +932 4 3 1052838850
a range +928 +932 4 3 1.37
a contact +928 +932 4 5 102693594
a range +928 +932 4 5 0.13
a contact +929 +933 3 5 907353054
a range +929 +933 3 5 1.15
a contact +930 +935 6 5 108650336
a range +930 +935 6 5 0.13
a contact +932 +937 5 4 106295461
a range +932 +937 5 4 0.13
a contact +933 +937 2 1 105419276
a range +933 +937 2 1 0.12
a contact +933 +937 1 2 99665164
a range +933 +937 1 2 0.12
a contact +933 +938 4 2 1022118852
a range +933 +938 4 2 1.26
a contact +936 +940 4 5 92145524
a range +936 +940 4 5 0.13
a contact +937 +942 1 2 104352649
a range +937 +942 1 2 0.12
a contact +937 +941 4 5 91632021
a range +937 +941 4 5 0.13
a contact +937 +942 4 3 1038535336
a range +937 +942 4 3 1.16
a contact +939 +945 5 3 1045581436
a range +939 +945 5 3 1.25
a contact +939 +944 3 4 1018854770
a range +939 +944 3 4 1.15
a contact +940 +945 3 1 98364144
a range +940 +945 3 1 0.12
a contact +941 +946 5 3 907155690
a range +941 +946 5 3 1.27
a contact +941 +946 2 4 937973165
a range +941 +946 2 4 1.2
a contact +941 +946 4 2 997677049
a range +941 +946 4 2 1.35
a contact +942 +947 6 4 108068738
a range +942 +947 6 4 0.13
a contact +942 +946 5 3 920347358
a range +942 +946 5 3 1.05
a contact +946 +950 3 1 103447518
a range +946 +950 3 1 0.12
a contact +946 +950 4 3 966458654
a range +946 +950 4 3 1.08
a contact +948 +952 2 4 921369812
a range +948 +952 2 4 1.34
a contact +952 +957 6 5 92556767
a range +952 +957 6 5 0.13
a contact +952 +957 5 2 952312093
a range +952 +957 5 2 1.08
a contact +952 +956 2 4 1084203322
a range +952 +956 2 4 1.15
a contact +953 +957 4 5 100956730
a range +953 +957 4 5 0.13
a contact +953 +957 6 5 102571908
a range +953 +957 6 5 0.13
a contact +954 +958 3 5 993028885
a range +954 +958 3 5 1.37
a contact +955 +960 5 4 109530117
a range +955 +960 5 4 0.13
a contact +958 +962 5 4 94445873
a range +958 +962 5 4 0.13
a contact +958 +962 5 6 94042871
a range +958 +962 5 6 0.13
a contact +959 +963 5 6 93371306
a range +959 +963 5 6 0.13
a contact +961 +966 6 4 106783034
a range +961 +966 6 4 0.13
a contact +963 +968 1 3 96902371
a range +963 +968 1 3 0.12
a contact +963 +968 2 1 104835058
a range +963 +968 2 1 0.12
a contact +964 +969 5 2 1026458421
a range +964 +969 5 2 1.16
a contact +965 +969 1 3 106412975
a range +965 +969 1 3 0.12
a contact +966 +970 2 4 927512092
a range +966 +970 2 4 1.31
a contact +966 +970 5 2 935613385
a range +966 +970 5 2 1.28
a contact +966 +970 5 2 1089177249
a range +966 +970 5 2 1.21
a contact +969 +974 5 2 908456051
a range +969 +974 5 2 1.19
a contact +970 +975 6 5 106846641
a range +970 +975 6 5 0.13
a contact +970 +975 3 4 1000785831
a range +970 +975 3 4 1.13
a contact +970 +974 5 3 980520448
a range +970 +974 5 3 1.34
a contact +971 +976 4 6 100375455
a range +971 +976 4 6 0.13
a contact +971 +975 5 3 1092844199
a range +971 +975 5 3 1.08
a contact +971 +975 1 2 102644624
a range +971 +975 1 2 0.12
a contact +971 +975 2 4 920899877
a range +971 +975 2 4 1.07
a contact +972 +976 2 1 97547828
a range +972 +976 2 1 0.12
a contact +972 +976 6 4 96502887
a range +972 +976 6 4 0.13
a contact +972 +976 4 5 96486241
a range +972 +976 4 5 0.13
a contact +975 +980 1 3 96199343
a range +975 +980 1 3 0.12
a contact +977 +982 1 3 108980984
a range +977 +982 1 3 0.12
a contact +978 +982 4 5 108768886
a range +978 +982 4 5 0.13
a contact +980 +985 5 2 993557869
a range +980 +985 5 2 1.25
a contact +980 +984 3 2 93748433
a range +980 +984 3 2 0.12
a contact +981 +985 3 2 103578264
a range +981 +985 3 2 0.12
a contact +981 +986 3 1 99292597
a range +981 +986 3 1 0.12
a contact +981 +985 5 3 1044406776
a range +981 +985 5 3 1.03
a contact +983 +988 5 4 106599076
a range +983 +988 5 4 0.13
a contact +984 +988 3 4 991152025
a range +984 +988 3 4 1.26
a contact +985 +988 2 4 1065553548
a range +985 +988 2 4 1.19
a contact +985 +990 5 2 932899079
a range +985 +990 5 2 1.24
a contact +986 +991 5 6 104594436
a range +986 +991 5 6 0.13
a contact +987 +992 5 4 97255379
a range +987 +992 5 4 0.13
a contact +988 +992 4 3 919054298
a range +988 +992 4 3 1.32
a contact +989 +994 5 6 105704301
a range +989 +994 5 6 0.13
a contact +991 +995 2 3 95641005
a range +991 +995 2 3 0.12
a contact +992 +997 2 1 108288883
a range +992 +997 2 1 0.12
a contact +992 +996 3 5 982552150
a range +992 +996 3 5 1.31
a contact +992 +997 6 5 103053563
a range +992 +997 6 5 0.13
a contact +994 +999 2 5 1018659838
a range +994 +999 2 5 1.27
a contact +994 +1000 5 3 936164305
a range +994 +1000 5 3 1.1
a contact +996 +1000 6 4 90314009
a range +996 +1000 6 4 0.13
a contact +996 +1000 5 4 102563789
a range +996 +1000 5 4 0.13
a contact +996 +1000 6 4 106174693
a range +996 +1000 6 4 0.13
a contact +997 +1000 3 4 921906981
a range +997 +1000 3 4 1.13
a contact +998 +1000 4 2 1084418248
a range +998 +1000 4 2 1.18
a contact +998 +1000 3 2 104913701
a range +998 +1000 3 2 0.12
a contact +998 +1000 4 5 91985532
a range +998 +1000 4 5 0.13
a contact +999 +1000 5 3 1017543675
a range +999 +1000 5 3 1.24

