79.1	79.1
79.1	78.1
79.1	77.1
79.1	75.1
79.1	74.1
79.1	73.1
79.1	70.1
79.1	69.1
79.1	68.1
79.1	67.1
79.1	66.1
79.1	65.1
79.1	64.1
79.1	63.1
79.1	62.1
79.1	61.1
79.1	60.1
79.1	59.1
79.1	58.1
79.1	56.1
79.1	55.1
79.1	54.1
79.1	53.1
79.1	52.1
79.1	51.1
79.1	50.1
79.1	49.1
79.1	48.1
79.1	46.1
79.1	45.1
79.1	43.1
79.1	42.1
79.1	41.1
79.1	39.1
79.1	38.1
79.1	37.1
79.1	36.1
79.1	35.1
79.1	34.1
79.1	33.1
79.1	32.1
79.1	31.1
79.1	30.1
79.1	29.1
79.1	28.1
79.1	26.1
79.1	25.1
79.1	24.1
79.1	22.1
79.1	21.1
79.1	20.1
79.1	19.1
79.1	18.1
79.1	17.1
79.1	16.1
79.1	15.1
79.1	14.1
79.1	13.1
79.1	12.1
79.1	11.1
79.1	10.1
79.1	9.1
79.1	8.1
79.1	7.1
79.1	6.1
79.1	5.1
79.1	4.1
79.1	3.1
79.1	2.1
79.3	1.3
80.3	1.3
81.3	1.3
125.2	44.2
125.2	43.2
125.2	41.2
125.2	40.2
125.2	39.2
125.2	38.2
125.2	37.2
125.2	36.2
125.2	35.2
125.2	34.2
125.2	33.2
125.2	32.2
125.2	31.2
125.2	30.2
125.2	29.2
125.2	28.2
125.2	27.2
125.2	26.2
125.2	25.2
125.2	24.2
125.2	21.2
125.2	20.2
125.2	19.2
125.2	18.2
125.2	17.2
125.2	16.2
125.2	15.2
125.2	14.2
125.2	13.2
125.2	12.2
125.2	10.2
125.2	8.2
125.2	7.2
125.2	6.2
125.2	5.2
125.2	4.2
125.2	3.2
125.2	2.2
126.3	1.3
127.3	1.3
128.3	1.3
129.3	1.3
131.3	1.3
132.3	1.3
133.3	1.3
154.1	20.1
176.2	106.2
176.2	105.2
176.2	102.2
176.2	173.2
176.2	171.2
176.2	169.2
176.2	168.2
176.2	154.2
176.2	144.2
176.2	141.2
176.2	137.2
176.2	128.2
176.2	124.2
176.2	123.2
176.2	119.2
179.2	160.2
179.2	138.2
179.2	136.2
179.2	124.2
179.2	117.2
204.1	69.1
204.1	68.1
204.1	67.1
204.1	66.1
204.1	65.1
204.1	64.1
204.1	63.1
204.1	62.1
204.1	61.1
204.1	60.1
204.1	59.1
204.1	58.1
204.1	57.1
204.1	56.1
204.1	55.1
204.1	53.1
204.1	52.1
204.1	51.1
204.1	50.1
204.1	49.1
204.1	48.1
204.1	47.1
204.1	46.1
204.1	44.1
204.1	43.1
204.1	42.1
204.1	41.1
204.1	40.1
204.1	39.1
204.1	38.1
204.1	37.1
204.1	36.1
204.1	35.1
204.1	34.1
204.1	33.1
204.1	32.1
204.1	31.1
204.1	30.1
204.1	29.1
204.1	28.1
204.1	27.1
204.1	26.1
204.1	24.1
204.1	23.1
204.1	20.1
204.1	19.1
204.1	18.1
204.1	17.1
204.1	16.1
204.1	15.1
204.1	14.1
204.1	13.1
204.1	12.1
204.1	11.1
204.1	10.1
204.1	9.1
204.1	8.1
204.1	7.1
204.1	6.1
204.2	1.2
206.2	1.2
208.4	1.4
208.4	2.4
209.4	1.4
213.4	4.4
213.4	2.4
213.4	1.4
214.4	1.4
215.4	1.4
216.4	1.4
217.4	1.4
218.4	1.4
228.2	126.2
228.2	125.2
228.2	114.2
228.2	112.2
228.3	10.3
228.3	9.3
228.3	8.3
228.3	7.3
228.3	6.3
228.3	5.3
228.3	4.3
228.3	3.3
228.3	2.3
228.3	1.3
229.3	1.3
230.3	101.3
230.3	1.3
231.3	1.3
232.3	1.3
233.3	1.3
234.3	1.3
235.2	142.2
235.2	136.2
235.2	124.2
235.2	116.2
235.2	112.2
235.2	105.2
235.2	104.2
235.3	1.3
236.3	1.3
240.3	1.3
241.3	1.3
242.3	1.3
254.4	12.4
254.4	9.4
254.4	8.4
254.4	7.4
254.4	6.4
254.4	5.4
254.4	4.4
254.4	2.4
254.4	1.4
255.4	1.4
256.4	1.4
257.4	1.4
258.4	1.4
259.4	1.4
261.4	1.4
263.4	1.4
276.2	202.2
276.2	224.2
325.1	293.1
325.1	273.1
325.1	269.1
325.1	321.1
325.1	267.1
325.1	282.1
325.1	61.1
325.1	60.1
325.1	59.1
325.1	58.1
325.1	57.1
325.1	56.1
325.1	55.1
325.1	54.1
325.1	53.1
325.1	52.1
325.1	51.1
325.1	50.1
325.1	49.1
325.1	48.1
325.1	47.1
325.1	46.1
325.1	44.1
325.1	43.1
325.1	42.1
325.1	41.1
325.1	40.1
325.1	39.1
325.1	38.1
325.1	37.1
325.1	36.1
325.1	35.1
325.1	34.1
325.1	33.1
325.1	31.1
325.1	30.1
325.1	29.1
325.1	28.1
325.1	27.1
325.1	26.1
325.1	124.1
325.1	24.1
325.1	23.1
325.1	183.1
325.1	165.1
325.1	164.1
325.1	155.1
325.1	22.1
325.1	21.1
325.1	20.1
325.1	19.1
325.1	18.1
325.1	118.1
325.1	17.1
325.1	16.1
325.1	15.1
325.1	14.1
325.1	13.1
325.1	115.1
325.1	12.1
325.1	11.1
325.1	10.1
325.1	110.1
325.1	9.1
325.1	322.1
325.1	273.1
325.1	175.1
325.1	146.1
325.1	143.1
325.1	142.1
325.1	128.1
325.1	126.1
325.1	125.1
325.1	124.1
325.1	123.1
325.1	121.1
325.1	8.1
325.1	7.1
325.1	6.1
325.1	5.1
325.3	4.3
325.3	3.3
325.3	2.3
325.3	1.3
326.3	1.3
327.3	1.3
328.2	245.2
328.2	204.2
328.3	1.3
329.3	1.3
330.3	201.3
330.3	101.3
330.3	1.3
335.2	112.2
335.2	206.2
335.2	5.2
335.2	4.2
335.2	3.2
335.2	2.2
337.4	101.4
338.4	101.4
340.4	101.4
355.1	115.1
355.1	19.1
355.1	18.1
355.1	17.1
355.1	16.1
355.1	15.1
355.1	13.1
355.1	12.1
355.1	11.1
355.1	10.1
355.1	9.1
355.1	6.1
355.1	4.1
355.1	113.1
355.1	106.1
355.1	102.1
355.4	101.4
361.4	101.4
383.2	28.2
383.2	27.2
383.2	26.2
383.2	25.2
383.2	24.2
383.2	124.2
383.2	23.2
383.2	22.2
383.2	139.2
383.2	122.2
429.1	270.1
429.1	149.1
429.1	136.1
429.1	129.1
431.3	69.3
431.3	68.3
431.3	67.3
431.3	66.3
431.3	65.3
431.3	64.3
431.3	63.3
431.3	62.3
431.3	61.3
431.3	60.3
431.3	59.3
431.3	58.3
431.3	56.3
431.3	55.3
431.3	52.3
431.3	51.3
431.3	50.3
431.3	49.3
431.3	48.3
431.3	47.3
431.3	46.3
431.3	45.3
431.3	44.3
431.3	43.3
431.3	42.3
431.3	41.3
431.3	40.3
431.3	39.3
431.3	38.3
431.3	37.3
431.3	36.3
431.3	35.3
431.3	34.3
431.3	33.3
431.3	32.3
431.3	30.3
431.3	29.3
431.3	28.3
431.3	27.3
431.3	26.3
431.3	25.3
431.3	23.3
431.3	20.3
431.3	19.3
431.3	18.3
431.3	17.3
431.3	16.3
431.3	15.3
431.3	14.3
431.3	13.3
431.3	12.3
431.3	10.3
431.3	9.3
431.3	8.3
431.3	6.3
431.3	5.3
431.3	4.3
431.3	3.3
431.3	2.3
431.3	1.3
435.1	212.1
435.3	101.3
436.2	380.2
436.2	170.2
436.2	164.2
436.2	154.2
436.2	147.2
436.2	142.2
436.2	138.2
436.2	132.2
436.2	129.2
436.2	226.2
436.2	254.2
436.2	108.2
436.2	5.2
436.2	3.2
436.2	213.2
436.2	2.2
436.3	101.3
436.3	1.3
437.3	1.3
438.3	1.3
440.4	204.4
440.5	201.5
441.3	1.3
442.3	1.3
477.1	134.1
477.1	133.1
477.1	136.1
477.1	130.1
477.1	128.1
477.1	127.1
477.1	125.1
477.1	33.1
477.1	32.1
477.1	31.1
477.1	29.1
477.1	28.1
477.1	27.1
477.1	26.1
477.1	25.1
477.1	24.1
477.1	23.1
477.1	22.1
477.1	21.1
477.1	20.1
477.1	19.1
477.1	18.1
477.1	17.1
477.1	16.1
477.1	14.1
477.1	13.1
477.1	12.1
477.1	10.1
477.1	11.1
477.1	9.1
477.1	8.1
477.1	7.1
477.1	5.1
477.1	3.1
477.1	2.1
477.4	1.4
483.3	128.3
483.3	127.3
502.1	25.1
502.1	24.1
502.1	23.1
502.1	22.1
502.1	148.1
502.1	20.1
502.1	18.1
502.1	17.1
502.1	16.1
502.1	15.1
502.1	14.1
530.1	237.1
531.3	168.3
531.3	156.3
531.3	146.3
531.3	119.3
531.3	102.3
535.3	201.3
536.2	242.2
559.1	186.1
559.1	185.1
559.1	182.1
559.1	181.1
559.1	174.1
559.1	159.1
559.1	153.1
559.1	152.1
559.1	150.1
559.1	149.1
559.1	141.1
559.1	139.1
559.1	136.1
559.1	135.1
559.1	127.1
559.1	503.1
559.1	355.1
559.1	231.1
559.1	121.1
559.1	120.1
559.1	211.1
559.1	70.1
559.1	69.1
559.1	68.1
559.1	67.1
559.1	65.1
559.1	64.1
559.1	63.1
559.1	62.1
559.1	61.1
559.1	60.1
559.1	59.1
559.1	58.1
559.1	57.1
559.1	56.1
559.1	55.1
559.1	54.1
559.1	53.1
559.1	52.1
559.1	51.1
559.1	50.1
559.1	49.1
559.1	48.1
559.1	47.1
559.1	45.1
559.1	44.1
559.1	43.1
559.1	42.1
559.1	41.1
559.1	40.1
559.1	39.1
559.1	38.1
559.1	36.1
559.1	35.1
559.1	34.1
559.1	33.1
559.1	32.1
559.1	31.1
559.1	30.1
559.1	182.1
559.1	170.1
559.1	152.1
559.1	146.1
559.1	131.1
559.1	29.1
559.1	28.1
559.1	27.1
559.1	26.1
559.1	25.1
559.1	24.1
559.1	23.1
559.1	22.1
559.1	21.1
559.1	20.1
559.1	19.1
559.1	18.1
559.1	17.1
559.1	15.1
559.1	14.1
559.1	13.1
559.1	12.1
559.1	11.1
559.1	10.1
559.1	9.1
559.1	7.1
559.1	6.1
559.1	5.1
559.1	4.1
559.1	3.1
559.1	2.1
559.3	1.3
560.3	1.3
561.3	1.3
562.3	1.3
564.3	1.3
565.3	118.3
565.3	103.3
565.3	1.3
566.3	1.3
567.3	1.3
568.3	1.3
569.3	1.3
570.3	1.3
572.3	101.3
574.3	101.3
577.1	234.1
577.1	127.1
577.1	109.1
586.3	16.3
586.3	15.3
586.3	14.3
586.3	13.3
586.3	12.3
586.3	11.3
586.3	10.3
586.3	9.3
586.3	8.3
586.3	7.3
586.3	6.3
586.3	5.3
586.3	4.3
586.3	3.3
586.3	2.3
586.3	1.3
587.3	1.3
588.3	1.3
589.3	1.3
590.2	109.2
590.2	107.2
590.3	1.3
591.3	1.3
592.3	1.3
593.3	1.3
594.3	1.3
595.3	1.3
596.3	1.3
614.1	258.1
625.1	148.1
625.1	29.1
625.1	28.1
625.1	27.1
625.1	26.1
625.1	25.1
625.1	24.1
625.1	23.1
625.1	22.1
625.1	21.1
625.1	20.1
625.1	18.1
625.1	17.1
625.1	16.1
625.1	15.1
625.1	14.1
625.1	13.1
625.1	12.1
625.1	11.1
625.1	10.1
639.3	23.3
639.3	22.3
639.3	20.3
639.3	19.3
639.3	18.3
639.3	17.3
639.3	16.3
639.3	15.3
639.3	13.3
639.3	12.3
639.3	11.3
639.3	10.3
639.3	9.3
639.3	8.3
639.3	6.3
639.3	5.3
639.3	4.3
639.3	3.3
639.3	2.3
639.3	1.3
640.3	1.3
641.3	1.3
642.3	1.3
643.3	1.3
644.3	1.3
645.3	1.3
648.4	1.4
649.4	1.4
651.3	1.3
652.3	1.3
653.3	1.3
654.3	1.3
655.3	1.3
655.4	162.4
655.4	142.4
655.4	131.4
655.4	122.4
655.4	104.4
656.3	1.3
658.4	1.4
659.1	252.1
659.1	250.1
659.1	249.1
659.1	163.1
659.1	157.1
659.1	148.1
659.1	139.1
659.1	127.1
659.1	112.1
659.1	111.1
659.1	105.1
659.1	102.1
659.4	1.4
660.3	101.3
661.3	101.3
661.3	2.3
661.3	1.3
662.3	1.3
663.3	101.3
663.3	1.3
664.3	1.3
667.3	1.3
668.3	1.3
677.1	227.1
717.1	246.1
717.1	49.1
717.1	48.1
717.1	47.1
717.1	46.1
717.1	44.1
717.1	42.1
717.1	41.1
717.1	40.1
717.1	39.1
717.1	38.1
717.1	37.1
717.1	35.1
717.1	34.1
717.1	33.1
717.1	32.1
717.1	31.1
717.1	30.1
717.1	29.1
717.1	28.1
717.1	27.1
717.1	26.1
717.1	25.1
717.1	24.1
717.1	23.1
717.1	22.1
717.1	21.1
717.1	20.1
717.1	111.1
717.1	143.1
717.1	142.1
717.1	129.1
725.2	129.2
725.2	120.2
725.2	114.2
746.1	123.1
746.1	120.1
746.1	108.1
746.1	48.1
746.1	47.1
746.1	46.1
746.1	45.1
746.1	44.1
746.1	42.1
746.1	40.1
746.1	39.1
746.1	34.1
746.1	33.1
746.1	32.1
746.1	31.1
746.1	30.1
746.1	29.1
746.1	28.1
746.1	26.1
746.1	25.1
746.1	24.1
746.1	22.1
746.1	21.1
746.1	20.1
746.1	18.1
746.1	17.1
746.1	16.1
746.1	14.1
746.1	13.1
746.1	12.1
746.1	11.1
746.1	10.1
746.1	9.1
746.1	128.1
746.1	121.1
746.1	120.1
746.1	106.1
746.1	6.1
746.1	5.1
746.1	4.1
747.3	101.3
753.4	101.4
754.4	101.4
755.3	212.3
755.4	103.4
756.4	103.4
757.4	103.4
757.5	264.5
758.3	14.3
758.3	13.3
758.3	12.3
758.3	11.3
758.3	10.3
758.3	8.3
758.3	6.3
758.3	5.3
758.3	4.3
758.3	3.3
758.3	2.3
758.3	1.3
759.3	1.3
787.1	27.1
787.1	26.1
787.1	23.1
789.2	24.2
789.2	23.2
789.2	22.2
789.2	21.2
789.2	20.2
789.2	19.2
789.2	18.2
789.2	17.2
789.2	16.2
789.2	15.2
789.2	14.2
789.2	12.2
789.2	11.2
789.2	10.2
789.2	8.2
789.2	7.2
789.2	5.2
789.2	4.2
789.4	3.4
790.4	3.4
791.4	3.4
792.4	3.4
793.4	3.4
794.4	3.4
795.4	3.4
796.4	3.4
797.4	3.4
798.4	3.4
820.1	23.1
820.1	22.1
820.1	21.1
820.1	20.1
820.1	18.1
820.1	17.1
820.1	16.1
820.1	14.1
820.1	13.1
820.1	24.1
820.1	148.1
820.1	146.1
820.1	139.1
820.1	12.1
820.1	11.1
820.1	10.1
820.1	9.1
820.1	7.1
820.1	6.1
820.1	246.1
820.1	245.1
820.1	5.1
820.1	4.1
820.1	3.1
820.1	349.1
820.1	151.1
820.1	133.1
820.1	130.1
820.1	2.1
825.1	220.1
853.1	153.1
853.1	150.1
853.1	148.1
853.1	131.1
853.1	126.1
853.1	122.1
853.1	118.1
853.1	227.1
853.1	221.1
853.1	34.1
853.1	33.1
853.1	32.1
853.1	31.1
853.1	30.1
853.1	29.1
853.1	28.1
853.1	26.1
853.1	24.1
853.1	23.1
853.1	22.1
853.1	21.1
853.1	20.1
853.1	19.1
853.1	18.1
853.1	17.1
853.1	16.1
853.1	211.1
853.1	203.1
855.3	333.3
856.3	18.3
856.3	17.3
856.3	16.3
856.3	15.3
856.3	14.3
856.3	13.3
856.3	11.3
856.3	10.3
856.3	8.3
856.3	5.3
856.3	4.3
856.3	3.3
856.3	2.3
856.3	1.3
856.4	148.4
856.4	147.4
856.4	146.4
856.4	145.4
856.4	137.4
856.4	133.4
856.4	117.4
856.4	113.4
857.3	1.3
858.5	109.5
858.5	107.5
859.1	452.1
859.3	1.3
860.3	1.3
861.3	1.3
861.4	454.4
862.3	1.3
864.2	101.2
887.1	105.1
890.3	101.3
900.1	109.1
900.1	107.1
900.1	106.1
906.2	205.2
906.2	199.2
906.2	188.2
906.2	176.2
906.2	165.2
906.2	151.2
906.2	44.2
906.2	144.2
906.2	43.2
906.2	42.2
906.2	41.2
906.2	40.2
906.2	39.2
906.2	38.2
906.2	37.2
906.2	36.2
906.2	35.2
906.2	34.2
906.2	33.2
906.2	31.2
906.2	29.2
906.2	125.2
906.2	130.2
906.2	125.2
906.2	124.2
906.2	123.2
906.2	122.2
906.2	119.2
906.2	118.2
946.1	256.1
946.1	68.1
946.1	141.1
946.1	134.1
946.1	66.1
946.1	65.1
946.1	64.1
946.1	63.1
946.1	62.1
946.1	61.1
946.1	60.1
946.1	59.1
946.1	58.1
946.1	57.1
946.1	56.1
946.1	55.1
946.1	54.1
946.1	53.1
946.1	52.1
946.1	51.1
946.1	50.1
946.1	49.1
946.1	48.1
946.1	47.1
946.1	45.1
946.1	44.1
946.1	43.1
946.1	42.1
946.1	41.1
946.1	40.1
946.1	39.1
946.1	37.1
946.1	35.1
946.1	34.1
946.1	32.1
946.1	31.1
946.1	30.1
946.1	29.1
946.1	28.1
946.1	27.1
946.1	26.1
946.1	25.1
946.1	24.1
946.1	23.1
946.1	22.1
946.1	21.1
946.1	20.1
946.1	19.1
946.1	18.1
946.1	17.1
946.1	16.1
946.1	15.1
946.1	14.1
946.1	13.1
946.1	12.1
946.1	11.1
946.1	10.1
946.1	9.1
946.1	139.1
946.1	132.1
946.1	130.1
946.1	259.1
947.2	9.2
947.2	8.2
947.2	121.2
947.2	119.2
947.2	7.2
947.2	6.2
947.2	5.2
947.2	4.2
947.2	3.2
951.3	6.3
951.3	5.3
951.3	4.3
951.3	3.3
951.3	1.3
952.3	1.3
953.1	250.1
953.1	231.1
953.1	226.1
953.1	218.1
953.1	327.1
953.1	134.1
953.1	126.1
953.1	117.1
953.1	303.1
953.3	1.3
954.3	1.3
955.3	1.3
956.3	104.3
956.3	112.3
956.3	109.3
956.3	107.3
956.3	106.3
957.3	1.3
958.3	101.3
976.1	17.1
990.1	251.1
990.1	29.1
990.1	28.1
990.1	27.1
990.1	26.1
990.1	25.1
990.1	23.1
990.1	22.1
990.1	21.1
990.1	20.1
990.1	19.1
990.1	18.1
990.1	17.1
990.1	16.1
990.1	15.1
990.1	14.1
990.1	13.1
990.1	12.1
990.1	11.1
990.1	10.1
990.1	9.1
990.1	8.1
990.1	6.1
990.1	5.1
990.1	221.1
