m horizon +0
a contact +18 +4307 5 2 1102404909
a range +18 +4307 5 2 749.98
a contact +55 +2942 3 5 1016383211
a range +55 +2942 3 5 749.98
a contact +64 +3155 3 4 928827022
a range +64 +3155 3 4 749.95
a contact +66 +3212 4 3 940391943
a range +66 +3212 4 3 749.9
a contact +77 +3894 6 5 845821533
a range +77 +3894 6 5 0.08
a contact +97 +3566 4 2 864975156
a range +97 +3566 4 2 750.07
a contact +129 +4296 1 2 823227979
a range +129 +4296 1 2 0.12
a contact +141 +891 5 6 836059169
a range +141 +891 5 6 0.08
a contact +170 +3085 1 3 988013168
a range +170 +3085 1 3 0.12
a contact +189 +3265 3 1 1004445386
a range +189 +3265 3 1 0.12
a contact +230 +4161 2 1 889189899
a range +230 +4161 2 1 0.12
a contact +256 +1006 5 4 925329252
a range +256 +1006 5 4 0.1
a contact +302 +4577 3 2 1181034310
a range +302 +4577 3 2 0.37
a contact +307 +4314 2 5 1033923133
a range +307 +4314 2 5 749.97
a contact +319 +3561 4 5 1150881620
a range +319 +3561 4 5 0.06
a contact +328 +1078 5 3 1126340022
a range +328 +1078 5 3 750.01
a contact +423 +3934 4 6 819438616
a range +423 +3934 4 6 0.03
a contact +482 +4516 6 4 992171388
a range +482 +4516 6 4 0.03
a contact +529 +4473 2 3 1191755726
a range +529 +4473 2 3 0.37
a contact +546 +3433 2 4 866814886
a range +546 +3433 2 4 749.97
a contact +3299 +7501 3 5 893181411
a range +3299 +7501 3 5 750.0
a contact +3526 +6986 1 3 926263508
a range +3526 +6986 1 3 0.12
a contact +3532 +7820 2 4 937384325
a range +3532 +7820 2 4 750.09
a contact +3656 +7902 5 4 949123205
a range +3656 +7902 5 4 0.1
a contact +3663 +7474 3 4 929891623
a range +3663 +7474 3 4 749.96
a contact +3732 +6857 4 3 939196170
a range +3732 +6857 4 3 749.94
a contact +3796 +7598 3 1 846640269
a range +3796 +7598 3 1 0.12
a contact +3928 +4678 4 5 849001115
a range +3928 +4678 4 5 0.06
a contact +3986 +7774 4 6 979398392
a range +3986 +7774 4 6 0.03
a contact +3997 +7357 4 2 1138070064
a range +3997 +7357 4 2 750.02
a contact +4157 +7153 6 5 934658589
a range +4157 +7153 6 5 0.08
a contact +4319 +7802 2 5 1107376794
a range +4319 +7802 2 5 750.0
a contact +4460 +7517 5 3 1115011412
a range +4460 +7517 5 3 749.99
a contact +4558 +7824 2 1 870658537
a range +4558 +7824 2 1 0.12
a contact +4618 +7598 3 2 1027880814
a range +4618 +7598 3 2 0.37
a contact +4620 +5370 5 6 801239764
a range +4620 +5370 5 6 0.08
a contact +4706 +8727 6 4 1001124340
a range +4706 +8727 6 4 0.03
a contact +4826 +8724 1 2 1096432295
a range +4826 +8724 1 2 0.12
a contact +4837 +8768 5 2 1070546479
a range +4837 +8768 5 2 749.99
a contact +4900 +8472 2 3 1088667854
a range +4900 +8472 2 3 0.37
a contact +7135 +10154 1 3 955542890
a range +7135 +10154 1 3 0.12
a contact +7300 +11531 4 3 1072283323
a range +7300 +11531 4 3 750.02
a contact +7443 +8193 6 5 816757782
a range +7443 +8193 6 5 0.08
a contact +7510 +11388 3 4 840012880
a range +7510 +11388 3 4 749.93
a contact +7566 +11289 3 5 916365262
a range +7566 +11289 3 5 750.04
a contact +7724 +11190 3 2 946792315
a range +7724 +11190 3 2 0.37
a contact +7736 +8486 4 2 872859120
a range +7736 +8486 4 2 749.92
a contact +7779 +11833 3 1 1038485269
a range +7779 +11833 3 1 0.12
a contact +7860 +11518 2 5 998381934
a range +7860 +11518 2 5 750.01
a contact +7946 +8696 5 4 966467496
a range +7946 +8696 5 4 0.07
a contact +7995 +8745 5 3 862862875
a range +7995 +8745 5 3 749.97
a contact +8062 +11735 2 1 1079262947
a range +8062 +11735 2 1 0.12
a contact +8239 +12376 2 4 1126743987
a range +8239 +12376 2 4 750.01
a contact +8262 +11829 4 6 972125150
a range +8262 +11829 4 6 0.03
a contact +8427 +11497 4 5 979652673
a range +8427 +11497 4 5 0.06
a contact +8524 +11513 5 6 1125654334
a range +8524 +11513 5 6 0.08
a contact +8882 +12635 2 3 988713709
a range +8882 +12635 2 3 0.37
a contact +9060 +12989 6 4 800242278
a range +9060 +12989 6 4 0.03
a contact +9101 +9851 5 2 1149345685
a range +9101 +9851 5 2 749.97
a contact +9156 +13061 1 2 1150198499
a range +9156 +13061 1 2 0.12
a contact +10570 +14412 1 3 1117413025
a range +10570 +14412 1 3 0.12
a contact +10927 +11677 6 5 1181274112
a range +10927 +11677 6 5 0.08
a contact +11120 +14004 5 4 930857335
a range +11120 +14004 5 4 0.07
a contact +11531 +15014 4 3 1039681127
a range +11531 +15014 4 3 750.08
a contact +11554 +14614 3 5 814160238
a range +11554 +14614 3 5 750.01
a contact +11725 +15386 5 3 1093307550
a range +11725 +15386 5 3 749.96
a contact +11727 +14890 2 5 1193421575
a range +11727 +14890 2 5 749.98
a contact +11739 +15790 3 2 845820921
a range +11739 +15790 3 2 0.37
a contact +11777 +15843 5 6 1107284886
a range +11777 +15843 5 6 0.08
a contact +11797 +14895 3 4 1120446175
a range +11797 +14895 3 4 749.93
a contact +11970 +15966 3 1 1019977793
a range +11970 +15966 3 1 0.12
a contact +11971 +15861 4 5 1109940894
a range +11971 +15861 4 5 0.09
a contact +12095 +15162 2 1 1043381493
a range +12095 +15162 2 1 0.12
a contact +12191 +15961 4 6 1192867563
a range +12191 +15961 4 6 0.03
a contact +12450 +13200 4 2 1076150402
a range +12450 +13200 4 2 750.02
a contact +12813 +16269 2 3 823082040
a range +12813 +16269 2 3 0.37
a contact +12911 +16645 2 4 950076155
a range +12911 +16645 2 4 749.93
a contact +13072 +17330 5 2 934910399
a range +13072 +17330 5 2 749.99
a contact +13201 +16322 6 4 1193727369
a range +13201 +16322 6 4 0.03
a contact +13375 +16882 1 2 1169425960
a range +13375 +16882 1 2 0.12
a contact +14421 +18383 1 3 941593660
a range +14421 +18383 1 3 0.12
a contact +14513 +18384 5 4 931595128
a range +14513 +18384 5 4 0.08
a contact +15101 +18993 6 5 1030556946
a range +15101 +18993 6 5 0.08
a contact +15183 +19437 3 5 984577890
a range +15183 +19437 3 5 749.96
a contact +15248 +18525 3 4 1145526639
a range +15248 +18525 3 4 750.08
a contact +15359 +18953 4 3 947795151
a range +15359 +18953 4 3 750.03
a contact +15392 +18854 2 5 891359208
a range +15392 +18854 2 5 749.95
a contact +15447 +19493 2 1 1075115501
a range +15447 +19493 2 1 0.12
a contact +15886 +19316 3 2 993644836
a range +15886 +19316 3 2 0.37
a contact +15904 +16654 5 6 1024940887
a range +15904 +16654 5 6 0.08
a contact +15939 +19312 5 3 1138835820
a range +15939 +19312 5 3 750.02
a contact +16026 +18980 4 6 1109442962
a range +16026 +18980 4 6 0.03
a contact +16240 +20399 4 5 1194747294
a range +16240 +20399 4 5 0.08
a contact +16392 +19910 3 1 1057735728
a range +16392 +19910 3 1 0.12
a contact +16703 +20958 4 2 1124952086
a range +16703 +20958 4 2 749.95
a contact +16771 +20758 2 3 1170176195
a range +16771 +20758 2 3 0.37
a contact +16878 +20463 6 4 914523702
a range +16878 +20463 6 4 0.03
a contact +16943 +20436 2 4 992767063
a range +16943 +20436 2 4 750.0
a contact +17069 +20117 1 2 1024094287
a range +17069 +20117 1 2 0.12
a contact +17651 +21887 5 2 1092210766
a range +17651 +21887 5 2 750.03
a contact +18431 +21701 1 3 963314205
a range +18431 +21701 1 3 0.12
a contact +18881 +19631 5 4 862154941
a range +18881 +19631 5 4 0.06
a contact +19075 +22306 3 4 1060246300
a range +19075 +22306 3 4 750.05
a contact +19310 +22903 4 3 991761146
a range +19310 +22903 4 3 750.05
a contact +19354 +22562 4 6 1107323849
a range +19354 +22562 4 6 0.03
a contact +19405 +23724 2 5 1065543111
a range +19405 +23724 2 5 750.03
a contact +19455 +20205 6 5 955942296
a range +19455 +20205 6 5 0.08
a contact +19611 +22993 3 2 991913781
a range +19611 +22993 3 2 0.37
a contact +19799 +22852 2 1 995638068
a range +19799 +22852 2 1 0.12
a contact +19801 +23394 3 5 870116201
a range +19801 +23394 3 5 750.05
a contact +19834 +23753 5 3 869902082
a range +19834 +23753 5 3 749.96
a contact +20054 +24373 3 1 1110649419
a range +20054 +24373 3 1 0.12
a contact +20100 +23972 5 6 872959701
a range +20100 +23972 5 6 0.08
a contact +20508 +24695 1 2 834894794
a range +20508 +24695 1 2 0.12
a contact +20563 +23593 4 5 971997388
a range +20563 +23593 4 5 0.1
a contact +20631 +24561 2 4 942731103
a range +20631 +24561 2 4 750.01
a contact +20823 +25063 6 4 1164181817
a range +20823 +25063 6 4 0.03
a contact +21128 +24032 4 2 842643715
a range +21128 +24032 4 2 750.05
a contact +21173 +24689 2 3 807558952
a range +21173 +24689 2 3 0.37
a contact +21813 +25185 1 3 910063871
a range +21813 +25185 1 3 0.12
a contact +22182 +25431 5 2 845558513
a range +22182 +25431 5 2 750.01
a contact +22286 +23036 5 4 971234737
a range +22286 +23036 5 4 0.06
a contact +22524 +25681 3 4 829132130
a range +22524 +25681 3 4 749.96
a contact +22941 +26846 2 1 1161181328
a range +22941 +26846 2 1 0.12
a contact +22992 +25931 4 6 1046909935
a range +22992 +25931 4 6 0.03
a contact +23014 +26240 4 3 895887568
a range +23014 +26240 4 3 750.05
a contact +23169 +26499 3 2 849955083
a range +23169 +26499 3 2 0.37
a contact +23332 +26750 6 5 956273449
a range +23332 +26750 6 5 0.08
a contact +23634 +27823 4 5 845294981
a range +23634 +27823 4 5 0.06
a contact +23701 +27101 3 5 997036410
a range +23701 +27101 3 5 749.97
a contact +23880 +27678 2 5 1080225449
a range +23880 +27678 2 5 750.02
a contact +24016 +27380 5 6 1117032939
a range +24016 +27380 5 6 0.08
a contact +24183 +27284 5 3 1115830721
a range +24183 +27284 5 3 750.04
a contact +24304 +28043 4 2 1175025262
a range +24304 +28043 4 2 749.99
a contact +24449 +27582 3 1 1133220942
a range +24449 +27582 3 1 0.12
a contact +24760 +28120 2 3 1193006362
a range +24760 +28120 2 3 0.37
a contact +24781 +28738 2 4 1196833164
a range +24781 +28738 2 4 750.04
a contact +25243 +29068 1 2 1113249882
a range +25243 +29068 1 2 0.12
a contact +25251 +29303 1 3 972471523
a range +25251 +29303 1 3 0.12
a contact +25402 +28562 6 4 1090699665
a range +25402 +28562 6 4 0.03
a contact +25662 +29781 5 2 818660083
a range +25662 +29781 5 2 749.99
a contact +25984 +29304 3 4 1012102843
a range +25984 +29304 3 4 749.96
a contact +26023 +29190 4 6 857984100
a range +26023 +29190 4 6 0.03
a contact +26514 +30500 5 4 811356268
a range +26514 +30500 5 4 0.09
a contact +26561 +29874 4 3 1191336804
a range +26561 +29874 4 3 749.99
a contact +27057 +30619 3 2 983655842
a range +27057 +30619 3 2 0.37
a contact +27098 +30179 2 1 915014292
a range +27098 +30179 2 1 0.12
a contact +27155 +30422 6 5 1183093431
a range +27155 +30422 6 5 0.08
a contact +27225 +30872 3 5 893499173
a range +27225 +30872 3 5 749.98
a contact +27394 +31676 5 6 1098075273
a range +27394 +31676 5 6 0.08
a contact +27681 +31487 5 3 983295884
a range +27681 +31487 5 3 749.98
a contact +27888 +31828 2 5 833512812
a range +27888 +31828 2 5 750.05
a contact +27908 +28658 4 5 902636696
a range +27908 +28658 4 5 0.06
a contact +28134 +31594 3 1 1086795012
a range +28134 +31594 3 1 0.12
a contact +28430 +29180 4 2 941671331
a range +28430 +29180 4 2 750.01
a contact +28662 +32432 6 4 1079550106
a range +28662 +32432 6 4 0.03
a contact +28694 +31868 2 3 1150668477
a range +28694 +31868 2 3 0.37
a contact +28915 +32142 2 4 808728345
a range +28915 +32142 2 4 750.03
a contact +29279 +32447 1 2 1149666634
a range +29279 +32447 1 2 0.12
a contact +29592 +33879 4 6 832979675
a range +29592 +33879 4 6 0.03
a contact +29629 +32910 3 4 825995525
a range +29629 +32910 3 4 749.99
a contact +29772 +32870 1 3 890241960
a range +29772 +32870 1 3 0.12
a contact +29947 +33280 5 2 884042540
a range +29947 +33280 5 2 749.97
a contact +30218 +33987 4 3 1157733662
a range +30218 +33987 4 3 749.95
a contact +30568 +33691 2 1 1195818714
a range +30568 +33691 2 1 0.12
a contact +30618 +33963 5 4 1044234865
a range +30618 +33963 5 4 0.05
a contact +30959 +31709 6 5 1143505545
a range +30959 +31709 6 5 0.08
a contact +31087 +34397 3 5 1178512468
a range +31087 +34397 3 5 750.04
a contact +31157 +34358 3 2 840213162
a range +31157 +34358 3 2 0.37
a contact +31601 +35693 4 5 1050004882
a range +31601 +35693 4 5 0.05
a contact +31742 +34724 5 6 1154372264
a range +31742 +34724 5 6 0.08
a contact +31821 +36124 3 1 1089988557
a range +31821 +36124 3 1 0.12
a contact +31899 +35271 2 5 1158899332
a range +31899 +35271 2 5 749.99
a contact +31989 +35928 5 3 1094970343
a range +31989 +35928 5 3 749.97
a contact +32398 +36307 2 3 1189288832
a range +32398 +36307 2 3 0.37
a contact +32480 +35667 1 2 884096931
a range +32480 +35667 1 2 0.12
a contact +32570 +36328 4 2 1017266008
a range +32570 +36328 4 2 750.09
a contact +32622 +36609 2 4 802103986
a range +32622 +36609 2 4 750.04
a contact +32721 +35952 6 4 819605563
a range +32721 +35952 6 4 0.03
a contact +33067 +36774 3 4 925691222
a range +33067 +36774 3 4 750.0
a contact +33305 +36275 1 3 1193179491
a range +33305 +36275 1 3 0.12
a contact +33661 +36957 5 2 1132644605
a range +33661 +36957 5 2 750.03
a contact +34049 +37907 5 4 1059227752
a range +34049 +37907 5 4 0.1
a contact +34124 +37254 2 1 1188953409
a range +34124 +37254 2 1 0.12
a contact +34437 +35187 4 6 1177203299
a range +34437 +35187 4 6 0.03
a contact +34476 +38677 4 3 1090368996
a range +34476 +38677 4 3 749.91
a contact +34625 +37663 3 5 1183344243
a range +34625 +37663 3 5 750.01
a contact +34715 +38162 6 5 838222446
a range +34715 +38162 6 5 0.08
a contact +34723 +38117 3 2 883484283
a range +34723 +38117 3 2 0.37
a contact +35117 +35867 5 6 959043156
a range +35117 +35867 5 6 0.08
a contact +35706 +39220 2 5 810137784
a range +35706 +39220 2 5 749.96
a contact +35708 +39646 1 2 854745260
a range +35708 +39646 1 2 0.12
a contact +36241 +39472 3 1 957372781
a range +36241 +39472 3 1 0.12
a contact +36254 +39345 4 5 1115417072
a range +36254 +39345 4 5 0.07
a contact +36392 +39978 5 3 957423048
a range +36392 +39978 5 3 749.95
a contact +36493 +37243 6 4 899344727
a range +36493 +37243 6 4 0.03
a contact +36495 +39401 4 2 889220186
a range +36495 +39401 4 2 750.08
a contact +36517 +40405 1 3 1024969834
a range +36517 +40405 1 3 0.12
a contact +36706 +39823 2 3 1026492749
a range +36706 +39823 2 3 0.37
a contact +36815 +39942 3 4 1076834206
a range +36815 +39942 3 4 749.91
a contact +37030 +39940 2 4 849161919
a range +37030 +39940 2 4 750.08
a contact +37291 +38041 5 2 1132751415
a range +37291 +38041 5 2 750.03
a contact +37724 +41141 3 5 927363797
a range +37724 +41141 3 5 749.98
a contact +37752 +40655 2 1 958699206
a range +37752 +40655 2 1 0.12
a contact +38110 +41000 5 4 1174866778
a range +38110 +41000 5 4 0.1
a contact +38497 +42228 6 5 959983355
a range +38497 +42228 6 5 0.08
a contact +38584 +41940 3 2 867085151
a range +38584 +41940 3 2 0.37
a contact +38897 +42145 4 6 904560410
a range +38897 +42145 4 6 0.03
a contact +39078 +39828 5 6 1018412206
a range +39078 +39828 5 6 0.08
a contact +39135 +43362 4 3 1061614517
a range +39135 +43362 4 3 750.04
a contact +39571 +42898 4 2 983690352
a range +39571 +42898 4 2 750.03
a contact +39686 +43552 4 5 1135098870
a range +39686 +43552 4 5 0.07
a contact +39711 +43108 2 5 863869863
a range +39711 +43108 2 5 750.05
a contact +39721 +43044 1 2 1166941519
a range +39721 +43044 1 2 0.12
a contact +39754 +42870 3 1 887702970
a range +39754 +42870 3 1 0.12
a contact +39897 +43116 6 4 805688246
a range +39897 +43116 6 4 0.03
a contact +39973 +43061 3 4 894779874
a range +39973 +43061 3 4 750.07
a contact +40002 +43445 2 4 1024745193
a range +40002 +43445 2 4 750.01
a contact +40047 +43473 5 3 963406307
a range +40047 +43473 5 3 750.01
a contact +40374 +44252 2 3 943068111
a range +40374 +44252 2 3 0.37
a contact +40812 +45052 1 3 1143546460
a range +40812 +45052 1 3 0.12
a contact +40818 +44997 2 1 1186645387
a range +40818 +44997 2 1 0.12
a contact +41143 +44092 3 5 1133965539
a range +41143 +44092 3 5 750.04
a contact +41331 +44381 5 4 1167884652
a range +41331 +44381 5 4 0.06
a contact +41594 +44788 5 2 1002026634
a range +41594 +44788 5 2 749.95
a contact +41985 +45469 3 2 897252446
a range +41985 +45469 3 2 0.37
a contact +42330 +45332 6 5 854341521
a range +42330 +45332 6 5 0.08
a contact +42717 +46478 4 6 1114226795
a range +42717 +46478 4 6 0.03
a contact +43049 +46890 3 1 1146615288
a range +43049 +46890 3 1 0.12
a contact +43083 +46213 4 2 1063444673
a range +43083 +46213 4 2 750.01
a contact +43273 +46925 1 2 1014659420
a range +43273 +46925 1 2 0.12
a contact +43375 +47357 2 5 1053656956
a range +43375 +47357 2 5 750.04
a contact +43485 +47749 5 3 920823263
a range +43485 +47749 5 3 750.01
a contact +43528 +47614 6 4 1111414189
a range +43528 +47614 6 4 0.03
a contact +43619 +47718 3 4 887661939
a range +43619 +47718 3 4 750.04
a contact +43676 +44426 4 5 877319034
a range +43676 +44426 4 5 0.06
a contact +43767 +44517 4 3 923743760
a range +43767 +44517 4 3 750.04
a contact +43851 +44601 5 6 1173820329
a range +43851 +44601 5 6 0.08
a contact +43932 +48239 2 4 1129523608
a range +43932 +48239 2 4 750.05
a contact +44310 +48626 3 5 848545957
a range +44310 +48626 3 5 749.96
a contact +44567 +48714 2 3 1102344641
a range +44567 +48714 2 3 0.37
a contact +44731 +47669 5 4 959057469
a range +44731 +47669 5 4 0.1
a contact +44998 +48173 5 2 1099167768
a range +44998 +48173 5 2 749.98
a contact +45062 +49120 2 1 1129870372
a range +45062 +49120 2 1 0.12
a contact +45380 +49306 1 3 912605932
a range +45380 +49306 1 3 0.12
a contact +45408 +48521 6 5 1023032315
a range +45408 +48521 6 5 0.08
a contact +45929 +50150 3 2 1187579533
a range +45929 +50150 3 2 0.37
a contact +46687 +50172 4 2 998340455
a range +46687 +50172 4 2 749.93
a contact +46707 +47457 4 6 1059726813
a range +46707 +47457 4 6 0.03
a contact +47091 +51338 5 6 996069627
a range +47091 +51338 5 6 0.08
a contact +47136 +50304 1 2 1054964802
a range +47136 +50304 1 2 0.12
a contact +47401 +50889 3 1 879657769
a range +47401 +50889 3 1 0.12
a contact +47854 +48604 5 4 1117109232
a range +47854 +48604 5 4 0.1
a contact +47881 +51576 2 5 965069645
a range +47881 +51576 2 5 749.95
a contact +47965 +48715 4 3 1103686062
a range +47965 +48715 4 3 749.96
a contact +47971 +51023 5 3 1102314657
a range +47971 +51023 5 3 749.98
a contact +48003 +51778 3 4 907734622
a range +48003 +51778 3 4 749.91
a contact +48057 +52062 6 4 1051821608
a range +48057 +52062 6 4 0.03
a contact +48166 +52180 4 5 1014800123
a range +48166 +52180 4 5 0.07
a contact +48421 +52141 5 2 1109181031
a range +48421 +52141 5 2 750.01
a contact +48667 +52304 3 5 1199983266
a range +48667 +52304 3 5 750.04
a contact +48746 +52240 2 4 835919057
a range +48746 +52240 2 4 750.02
a contact +48886 +52663 6 5 1075178454
a range +48886 +52663 6 5 0.08
a contact +49141 +53210 2 1 838181410
a range +49141 +53210 2 1 0.12
a contact +49144 +52149 2 3 926087982
a range +49144 +52149 2 3 0.37
a contact +49315 +52247 1 3 1016607010
a range +49315 +52247 1 3 0.12
a contact +49742 +50492 4 6 886059896
a range +49742 +50492 4 6 0.03
a contact +50418 +54653 3 2 1015016176
a range +50418 +54653 3 2 0.37
a contact +50710 +53592 4 2 1171000359
a range +50710 +53592 4 2 750.09
a contact +50768 +53747 1 2 1054512547
a range +50768 +53747 1 2 0.12
a contact +51096 +54319 3 1 859497208
a range +51096 +54319 3 1 0.12
a contact +51396 +54857 5 6 912361613
a range +51396 +54857 5 6 0.08
a contact +51399 +54839 5 3 1123376748
a range +51399 +54839 5 3 750.03
a contact +51523 +54488 4 3 1020752452
a range +51523 +54488 4 3 750.06
a contact +51925 +55658 2 5 1036375896
a range +51925 +55658 2 5 750.03
a contact +52019 +55594 3 4 842780953
a range +52019 +55594 3 4 750.06
a contact +52221 +55246 5 2 942240234
a range +52221 +55246 5 2 750.03
a contact +52377 +55785 1 3 825983416
a range +52377 +55785 1 3 0.12
a contact +52440 +53190 5 4 952257454
a range +52440 +53190 5 4 0.06
a contact +52459 +56007 4 5 1037989078
a range +52459 +56007 4 5 0.09
a contact +52471 +55727 6 4 1084227768
a range +52471 +55727 6 4 0.03
a contact +52618 +55528 2 3 896880235
a range +52618 +55528 2 3 0.37
a contact +52637 +56131 3 5 833984741
a range +52637 +56131 3 5 749.98
a contact +52701 +56459 2 4 1193202356
a range +52701 +56459 2 4 750.05
a contact +52701 +56991 6 5 1118528845
a range +52701 +56991 6 5 0.08
a contact +53781 +57720 2 1 951455232
a range +53781 +57720 2 1 0.12
a contact +54041 +58327 4 2 984150115
a range +54041 +58327 4 2 750.04
a contact +54063 +57502 1 2 886378864
a range +54063 +57502 1 2 0.12
a contact +54111 +57671 4 6 978117179
a range +54111 +57671 4 6 0.03
a contact +54821 +57866 3 2 1159695578
a range +54821 +57866 3 2 0.37
a contact +54834 +58939 3 1 978885334
a range +54834 +58939 3 1 0.12
a contact +54894 +55644 4 3 1079740712
a range +54894 +55644 4 3 750.04
a contact +55168 +58781 5 3 998732560
a range +55168 +58781 5 3 749.99
a contact +55271 +56021 5 6 1119879243
a range +55271 +56021 5 6 0.08
a contact +55618 +56368 5 2 957163058
a range +55618 +56368 5 2 750.03
a contact +55690 +59632 3 4 856728992
a range +55690 +59632 3 4 750.07
a contact +55961 +59560 5 4 1110272819
a range +55961 +59560 5 4 0.06
a contact +56010 +58993 2 3 1042688995
a range +56010 +58993 2 3 0.37
a contact +56036 +60031 1 3 1112315422
a range +56036 +60031 1 3 0.12
a contact +56172 +60344 6 4 845197804
a range +56172 +60344 6 4 0.03
a contact +56186 +59372 2 5 1113181768
a range +56186 +59372 2 5 749.97
a contact +56463 +59825 3 5 1094162080
a range +56463 +59825 3 5 750.01
a contact +56534 +57284 4 5 939551722
a range +56534 +57284 4 5 0.1
a contact +56825 +60779 2 4 1035379175
a range +56825 +60779 2 4 749.99
a contact +57437 +61165 6 5 1179428196
a range +57437 +61165 6 5 0.08
a contact +57887 +60896 2 1 963575287
a range +57887 +60896 2 1 0.12
a contact +57923 +60962 4 6 886474054
a range +57923 +60962 4 6 0.03
a contact +57932 +61708 1 2 1041445340
a range +57932 +61708 1 2 0.12
a contact +58397 +61427 3 2 1072343447
a range +58397 +61427 3 2 0.37
a contact +58887 +59637 4 2 1156430296
a range +58887 +59637 4 2 749.91
a contact +58896 +59646 5 6 1098575152
a range +58896 +59646 5 6 0.08
a contact +58962 +62342 5 3 967742138
a range +58962 +62342 5 3 749.97
a contact +59079 +63294 5 2 1105104567
a range +59079 +63294 5 2 750.03
a contact +59141 +63410 4 3 908315760
a range +59141 +63410 4 3 750.0
a contact +59160 +62899 2 3 1187379174
a range +59160 +62899 2 3 0.37
a contact +59366 +62371 3 1 1125505177
a range +59366 +62371 3 1 0.12
a contact +59589 +63280 2 5 810915312
a range +59589 +63280 2 5 750.01
a contact +59885 +63999 5 4 1165527357
a range +59885 +63999 5 4 0.09
a contact +59926 +60676 4 5 1110849519
a range +59926 +60676 4 5 0.07
a contact +60044 +63382 3 4 1183099760
a range +60044 +63382 3 4 750.02
a contact +60048 +63521 3 5 1147169526
a range +60048 +63521 3 5 750.03
a contact +60572 +64502 1 3 1139827508
a range +60572 +64502 1 3 0.12
a contact +60720 +64114 6 4 881923322
a range +60720 +64114 6 4 0.03
a contact +60849 +64544 2 4 1049065319
a range +60849 +64544 2 4 749.92
a contact +61095 +64710 2 1 873729836
a range +61095 +64710 2 1 0.12
a contact +61118 +61868 4 6 815722897
a range +61118 +61868 4 6 0.03
a contact +61532 +65260 6 5 956899330
a range +61532 +65260 6 5 0.08
a contact +61675 +65007 3 2 919711566
a range +61675 +65007 3 2 0.37
a contact +61900 +66167 1 2 804485820
a range +61900 +66167 1 2 0.12
a contact +62700 +66150 3 1 1134200847
a range +62700 +66150 3 1 0.12
a contact +62918 +63668 5 3 1136686539
a range +62918 +63668 5 3 749.96
a contact +62994 +66949 2 3 1065043358
a range +62994 +66949 2 3 0.37
a contact +63065 +66210 4 2 1004003591
a range +63065 +66210 4 2 749.98
a contact +63075 +66649 5 6 874671400
a range +63075 +66649 5 6 0.08
a contact +63296 +66377 2 5 1125283185
a range +63296 +66377 2 5 750.05
a contact +63419 +67374 4 3 876476407
a range +63419 +67374 4 3 750.01
a contact +63667 +67658 5 2 1132410406
a range +63667 +67658 5 2 750.01
a contact +63682 +67091 4 5 1180098481
a range +63682 +67091 4 5 0.08
a contact +63836 +66904 3 4 810737155
a range +63836 +66904 3 4 750.0
a contact +63864 +67885 3 5 1015556333
a range +63864 +67885 3 5 750.02
a contact +64064 +68160 5 4 1109695304
a range +64064 +68160 5 4 0.07
a contact +64179 +64929 6 4 944060970
a range +64179 +64929 6 4 0.03
a contact +64330 +67790 4 6 974066819
a range +64330 +67790 4 6 0.03
a contact +64618 +67797 2 4 1190898321
a range +64618 +67797 2 4 749.94
a contact +64649 +68726 1 3 1174472458
a range +64649 +68726 1 3 0.12
a contact +65021 +68429 2 1 1102837122
a range +65021 +68429 2 1 0.12
a contact +65318 +69522 3 2 971963520
a range +65318 +69522 3 2 0.37
a contact +65622 +69566 6 5 1192214471
a range +65622 +69566 6 5 0.08
a contact +66359 +69344 3 1 1062543874
a range +66359 +69344 3 1 0.12
a contact +66443 +70444 1 2 866420837
a range +66443 +70444 1 2 0.12
a contact +66450 +69804 2 5 1195272009
a range +66450 +69804 2 5 750.03
a contact +66489 +70250 4 2 1019288662
a range +66489 +70250 4 2 750.0
a contact +66703 +70843 5 6 955488329
a range +66703 +70843 5 6 0.08
a contact +66830 +71121 5 3 996628615
a range +66830 +71121 5 3 750.04
a contact +67160 +70151 3 4 870655946
a range +67160 +70151 3 4 749.95
a contact +67240 +70751 2 3 1008419159
a range +67240 +70751 2 3 0.37
a contact +67440 +71472 4 5 1063923231
a range +67440 +71472 4 5 0.08
a contact +67441 +70593 4 3 1190034394
a range +67441 +70593 4 3 750.03
a contact +67876 +71502 5 2 1193027898
a range +67876 +71502 5 2 750.02
a contact +67897 +68647 4 6 809949392
a range +67897 +68647 4 6 0.03
a contact +67927 +72224 6 4 1144724028
a range +67927 +72224 6 4 0.03
a contact +68302 +71227 3 5 1184888421
a range +68302 +71227 3 5 749.97
a contact +68342 +71568 2 4 1125471190
a range +68342 +71568 2 4 749.92
a contact +68692 +69442 5 4 1013965139
a range +68692 +69442 5 4 0.09
a contact +68706 +71647 2 1 1093010174
a range +68706 +71647 2 1 0.12
a contact +68762 +72586 1 3 855314039
a range +68762 +72586 1 3 0.12
a contact +69566 +73063 3 2 1136914360
a range +69566 +73063 3 2 0.37
a contact +69851 +73952 3 1 896153727
a range +69851 +73952 3 1 0.12
a contact +70042 +73472 6 5 1079857014
a range +70042 +73472 6 5 0.08
a contact +70144 +73934 2 5 1183991118
a range +70144 +73934 2 5 750.04
a contact +70301 +74404 4 2 851720887
a range +70301 +74404 4 2 750.03
a contact +70464 +74473 1 2 1017212472
a range +70464 +74473 1 2 0.12
a contact +70557 +74731 3 4 940869778
a range +70557 +74731 3 4 750.02
a contact +70902 +74265 2 3 1129396397
a range +70902 +74265 2 3 0.37
a contact +71048 +74977 5 6 901144096
a range +71048 +74977 5 6 0.08
a contact +71061 +74867 4 3 1121889935
a range +71061 +74867 4 3 750.01
a contact +71205 +71955 5 3 917028300
a range +71205 +71955 5 3 750.03
a contact +71571 +74850 3 5 1130996095
a range +71571 +74850 3 5 749.97
a contact +71592 +75719 4 6 1184226679
a range +71592 +75719 4 6 0.03
a contact +71666 +74957 5 2 985726825
a range +71666 +74957 5 2 749.98
a contact +71752 +75413 4 5 1139003580
a range +71752 +75413 4 5 0.05
a contact +71768 +74707 2 1 1197907402
a range +71768 +74707 2 1 0.12
a contact +71935 +75783 2 4 1033189783
a range +71935 +75783 2 4 749.91
a contact +72485 +75778 6 4 817808574
a range +72485 +75778 6 4 0.03
a contact +72864 +76742 5 4 993944025
a range +72864 +76742 5 4 0.11
a contact +72867 +76655 1 3 1088212310
a range +72867 +76655 1 3 0.12
a contact +73516 +76975 3 2 830388841
a range +73516 +76975 3 2 0.37
a contact +73785 +77583 6 5 943403529
a range +73785 +77583 6 5 0.08
a contact +74021 +77546 2 5 1048837707
a range +74021 +77546 2 5 750.03
a contact +74388 +78117 3 1 875528690
a range +74388 +78117 3 1 0.12
a contact +74635 +78810 4 2 975800541
a range +74635 +78810 4 2 749.95
a contact +74748 +78313 2 3 1145909287
a range +74748 +78313 2 3 0.37
a contact +74901 +78632 1 2 1066492607
a range +74901 +78632 1 2 0.12
a contact +75067 +75817 4 3 910030066
a range +75067 +75817 4 3 750.06
a contact +75080 +78580 5 3 956205963
a range +75080 +78580 5 3 750.0
a contact +75250 +76000 5 2 888834503
a range +75250 +76000 5 2 749.97
a contact +75443 +79100 5 6 1103416157
a range +75443 +79100 5 6 0.08
a contact +75893 +76643 4 5 1071279152
a range +75893 +76643 4 5 0.07
a contact +75918 +80056 2 4 954855666
a range +75918 +80056 2 4 749.94
a contact +76171 +80373 6 4 952029296
a range +76171 +80373 6 4 0.03
