m horizon +0
a contact +5 +52.8 3 5 979734072
a range +5 +52.8 3 5 1.28
a contact +5 +54 5 3 979734072
a range +5 +54 5 3 1.24
a contact +6 +60 1 3 925117260
a range +6 +60 1 3 0.12
a contact +6 +60 3 1 925117260
a range +6 +60 3 1 0.12
a contact +8 +70.8 2 5 985835933
a range +8 +70.8 2 5 1.12
a contact +8 +72 5 2 985835933
a range +8 +72 5 2 1.11
a contact +17 +75 5 6 898043722
a range +17 +75 5 6 0.13
a contact +17 +75 6 5 898043722
a range +17 +75 6 5 0.13
a contact +23 +77 5 6 925983435
a range +23 +77 5 6 0.13
a contact +23 +77 6 5 925983435
a range +23 +77 6 5 0.13
a contact +61 +111 1 2 843402757
a range +61 +111 1 2 0.12
a contact +61 +111 2 1 843402757
a range +61 +111 2 1 0.12
a contact +74 +143 4 6 906548860
a range +74 +143 4 6 0.13
a contact +74 +143 6 4 906548860
a range +74 +143 6 4 0.13
a contact +85 +137.8 3 4 1198471576
a range +85 +137.8 3 4 1.06
a contact +85 +139 4 3 1198471576
a range +85 +139 4 3 1.22
a contact +102 +171 4 6 883736153
a range +102 +171 4 6 0.13
a contact +102 +171 6 4 883736153
a range +102 +171 6 4 0.13
a contact +104 +154 2 5 884897046
a range +104 +154 2 5 1.27
a contact +104 +154 5 2 884897046
a range +104 +154 5 2 1.22
a contact +135 +198 5 6 1125452743
a range +135 +198 5 6 0.13
a contact +135 +198 6 5 1125452743
a range +135 +198 6 5 0.13
a contact +142 +193 5 6 911482989
a range +142 +193 5 6 0.13
a contact +142 +193 6 5 911482989
a range +142 +193 6 5 0.13
a contact +150 +220 3 4 1111548722
a range +150 +220 3 4 1.2
a contact +150 +220 4 3 1111548722
a range +150 +220 4 3 1.12
a contact +152 +212 3 5 894652299
a range +152 +212 3 5 1.04
a contact +152 +212 5 3 894652299
a range +152 +212 5 3 1.23
a contact +160 +224 4 5 1079473165
a range +160 +224 4 5 0.13
a contact +160 +224 5 4 1079473165
a range +160 +224 5 4 0.13
a contact +175 +227 5 6 1094365602
a range +175 +227 5 6 0.13
a contact +175 +227 6 5 1094365602
a range +175 +227 6 5 0.13
a contact +197 +256 4 6 1087793934
a range +197 +256 4 6 0.13
a contact +197 +256 6 4 1087793934
a range +197 +256 6 4 0.13
a contact +198 +251 3 5 934697636
a range +198 +251 3 5 1.26
a contact +198 +251 5 3 934697636
a range +198 +251 5 3 1.06
a contact +201 +260 2 3 1025626005
a range +201 +260 2 3 0.12
a contact +201 +260 3 2 1025626005
a range +201 +260 3 2 0.12
a contact +218 +277 2 4 1107847741
a range +218 +277 2 4 1.3
a contact +218 +277 4 2 1107847741
a range +218 +277 4 2 1.18
a contact +232 +282 4 5 1020789411
a range +232 +282 4 5 0.13
a contact +232 +282 5 4 1020789411
a range +232 +282 5 4 0.13
a contact +239 +297 1 3 1196652908
a range +239 +297 1 3 0.12
a contact +239 +297 3 1 1196652908
a range +239 +297 3 1 0.12
a contact +245 +303 3 5 1044700629
a range +245 +303 3 5 1.13
a contact +245 +303 5 3 1044700629
a range +245 +303 5 3 1.12
a contact +250 +305.8 2 4 914200449
a range +250 +305.8 2 4 1.37
a contact +250 +307 4 2 914200449
a range +250 +307 4 2 1.06
a contact +270 +322 5 6 1130466467
a range +270 +322 5 6 0.13
a contact +270 +322 6 5 1130466467
a range +270 +322 6 5 0.13
a contact +306 +377 4 5 1026648895
a range +306 +377 4 5 0.13
a contact +306 +377 5 4 1026648895
a range +306 +377 5 4 0.13
a contact +315 +381 2 3 1045595327
a range +315 +381 2 3 0.12
a contact +315 +381 3 2 1045595327
a range +315 +381 3 2 0.12
a contact +321 +381 2 4 1099990871
a range +321 +381 2 4 1.09
a contact +321 +381 4 2 1099990871
a range +321 +381 4 2 1.31
a contact +343 +406.8 3 4 1019632131
a range +343 +406.8 3 4 1.26
a contact +343 +408 4 3 1019632131
a range +343 +408 4 3 1.25
a contact +386 +457 5 6 978032955
a range +386 +457 5 6 0.13
a contact +386 +457 6 5 978032955
a range +386 +457 6 5 0.13
a contact +396 +454 2 4 984654434
a range +396 +454 2 4 1.31
a contact +396 +454 4 2 984654434
a range +396 +454 4 2 1.15
a contact +397 +458 2 5 875848304
a range +397 +458 2 5 1.19
a contact +397 +458 5 2 875848304
a range +397 +458 5 2 1.25
a contact +399 +456 3 4 1146923026
a range +399 +456 3 4 1.13
a contact +399 +456 4 3 1146923026
a range +399 +456 4 3 1.03
a contact +400 +451 2 3 912097108
a range +400 +451 2 3 0.12
a contact +400 +451 3 2 912097108
a range +400 +451 3 2 0.12
a contact +400 +452 2 4 989944941
a range +400 +452 2 4 1.31
a contact +400 +452 4 2 989944941
a range +400 +452 4 2 1.28
a contact +402 +470 4 5 977850745
a range +402 +470 4 5 0.13
a contact +402 +470 5 4 977850745
a range +402 +470 5 4 0.13
a contact +404 +455 3 5 952036260
a range +404 +455 3 5 1.19
a contact +404 +455 5 3 952036260
a range +404 +455 5 3 1.17
a contact +410 +467 2 5 956286539
a range +410 +467 2 5 1.21
a contact +410 +467 5 2 956286539
a range +410 +467 5 2 1.05
a contact +417 +485.8 1 3 1129897786
a range +417 +485.8 1 3 0.12
a contact +417 +487 3 1 1129897786
a range +417 +487 3 1 0.12
a contact +420 +472 3 4 1151876986
a range +420 +472 3 4 1.14
a contact +420 +472 4 3 1151876986
a range +420 +472 4 3 1.03
a contact +429 +494 2 3 1115504769
a range +429 +494 2 3 0.12
a contact +429 +494 3 2 1115504769
a range +429 +494 3 2 0.12
a contact +431 +489 2 3 926498028
a range +431 +489 2 3 0.12
a contact +431 +489 3 2 926498028
a range +431 +489 3 2 0.12
a contact +435 +483.8 1 3 1139882382
a range +435 +483.8 1 3 0.12
a contact +435 +485 3 1 1139882382
a range +435 +485 3 1 0.12
a contact +458 +507 4 6 909470098
a range +458 +507 4 6 0.13
a contact +458 +507 6 4 909470098
a range +458 +507 6 4 0.13
a contact +463 +512 4 5 1089671637
a range +463 +512 4 5 0.13
a contact +463 +512 5 4 1089671637
a range +463 +512 5 4 0.13
a contact +466 +534.8 2 4 1067038940
a range +466 +534.8 2 4 1.36
a contact +466 +536 4 2 1067038940
a range +466 +536 4 2 1.36
a contact +473 +525 4 6 1155272930
a range +473 +525 4 6 0.13
a contact +473 +525 6 4 1155272930
a range +473 +525 6 4 0.13
a contact +475 +536 2 5 1111066275
a range +475 +536 2 5 1.38
a contact +475 +536 5 2 1111066275
a range +475 +536 5 2 1.35
a contact +493 +546 2 3 1150687020
a range +493 +546 2 3 0.12
a contact +493 +546 3 2 1150687020
a range +493 +546 3 2 0.12
a contact +504 +556.8 3 4 966739875
a range +504 +556.8 3 4 1.16
a contact +504 +558 4 3 966739875
a range +504 +558 4 3 1.38
a contact +511 +579 3 4 1016750983
a range +511 +579 3 4 1.36
a contact +511 +579 4 3 1016750983
a range +511 +579 4 3 1.35
a contact +519 +579 2 5 1113389734
a range +519 +579 2 5 1.14
a contact +519 +579 5 2 1113389734
a range +519 +579 5 2 1.21
a contact +531 +580 2 3 992074923
a range +531 +580 2 3 0.12
a contact +531 +580 3 2 992074923
a range +531 +580 3 2 0.12
a contact +540 +602 1 3 1074480698
a range +540 +602 1 3 0.12
a contact +540 +602 3 1 1074480698
a range +540 +602 3 1 0.12
a contact +548 +607 1 2 1192331970
a range +548 +607 1 2 0.12
a contact +548 +607 2 1 1192331970
a range +548 +607 2 1 0.12
a contact +549 +600 2 5 834496167
a range +549 +600 2 5 1.18
a contact +549 +600 5 2 834496167
a range +549 +600 5 2 1.02
a contact +554 +607 2 4 1122847361
a range +554 +607 2 4 1.33
a contact +554 +607 4 2 1122847361
a range +554 +607 4 2 1.23
a contact +556 +618 5 6 979503820
a range +556 +618 5 6 0.13
a contact +556 +618 6 5 979503820
a range +556 +618 6 5 0.13
a contact +558 +620 2 5 1014977019
a range +558 +620 2 5 1.07
a contact +558 +620 5 2 1014977019
a range +558 +620 5 2 1.22
a contact +573 +636 2 5 995041665
a range +573 +636 2 5 1.13
a contact +573 +636 5 2 995041665
a range +573 +636 5 2 1.35
a contact +577 +638 1 3 999206736
a range +577 +638 1 3 0.12
a contact +577 +638 3 1 999206736
a range +577 +638 3 1 0.12
a contact +581 +640 4 5 957512990
a range +581 +640 4 5 0.13
a contact +581 +640 5 4 957512990
a range +581 +640 5 4 0.13
a contact +592 +659 4 6 886708149
a range +592 +659 4 6 0.13
a contact +592 +659 6 4 886708149
a range +592 +659 6 4 0.13
a contact +594 +665 1 2 902845569
a range +594 +665 1 2 0.12
a contact +594 +665 2 1 902845569
a range +594 +665 2 1 0.12
a contact +603 +651 3 4 852147725
a range +603 +651 3 4 1.19
a contact +603 +651 4 3 852147725
a range +603 +651 4 3 1.21
a contact +615 +686 3 4 1032637942
a range +615 +686 3 4 1.18
a contact +615 +686 4 3 1032637942
a range +615 +686 4 3 1.35
a contact +616 +686 3 5 982118669
a range +616 +686 3 5 1.12
a contact +616 +686 5 3 982118669
a range +616 +686 5 3 1.31
a contact +624 +695 3 5 1012027582
a range +624 +695 3 5 1.18
a contact +624 +695 5 3 1012027582
a range +624 +695 5 3 1.36
a contact +631 +700 1 2 1073477993
a range +631 +700 1 2 0.12
a contact +631 +700 2 1 1073477993
a range +631 +700 2 1 0.12
a contact +640 +709 4 6 928956168
a range +640 +709 4 6 0.13
a contact +640 +709 6 4 928956168
a range +640 +709 6 4 0.13
a contact +642 +694 3 5 978760743
a range +642 +694 3 5 1.32
a contact +642 +694 5 3 978760743
a range +642 +694 5 3 1.36
a contact +646 +696.8 2 4 1045854932
a range +646 +696.8 2 4 1.1
a contact +646 +698 4 2 1045854932
a range +646 +698 4 2 1.36
a contact +653 +723 4 6 934554076
a range +653 +723 4 6 0.13
a contact +653 +723 6 4 934554076
a range +653 +723 6 4 0.13
a contact +657 +725.8 1 2 810294652
a range +657 +725.8 1 2 0.12
a contact +657 +727 2 1 810294652
a range +657 +727 2 1 0.12
a contact +661 +732 3 5 1111512141
a range +661 +732 3 5 1.05
a contact +661 +732 5 3 1111512141
a range +661 +732 5 3 1.22
a contact +673 +737 4 5 1043778105
a range +673 +737 4 5 0.13
a contact +673 +737 5 4 1043778105
a range +673 +737 5 4 0.13
a contact +682 +733 2 4 1125339971
a range +682 +733 2 4 1.18
a contact +682 +733 4 2 1125339971
a range +682 +733 4 2 1.26
a contact +683 +734 2 3 1021483395
a range +683 +734 2 3 0.12
a contact +683 +734 3 2 1021483395
a range +683 +734 3 2 0.12
a contact +700 +762 1 2 1084398451
a range +700 +762 1 2 0.12
a contact +700 +762 2 1 1084398451
a range +700 +762 2 1 0.12
a contact +707 +758 2 3 927225858
a range +707 +758 2 3 0.12
a contact +707 +758 3 2 927225858
a range +707 +758 3 2 0.12
a contact +709 +767 2 3 1026432383
a range +709 +767 2 3 0.12
a contact +709 +767 3 2 1026432383
a range +709 +767 3 2 0.12
a contact +711 +771 1 3 1017696547
a range +711 +771 1 3 0.12
a contact +711 +771 3 1 1017696547
a range +711 +771 3 1 0.12
a contact +733 +791 4 5 1169225967
a range +733 +791 4 5 0.13
a contact +733 +791 5 4 1169225967
a range +733 +791 5 4 0.13
a contact +733 +786 5 6 1095231912
a range +733 +786 5 6 0.13
a contact +733 +786 6 5 1095231912
a range +733 +786 6 5 0.13
a contact +750 +815 4 5 1167525636
a range +750 +815 4 5 0.13
a contact +750 +815 5 4 1167525636
a range +750 +815 5 4 0.13
a contact +762 +811 4 5 1166629165
a range +762 +811 4 5 0.13
a contact +762 +811 5 4 1166629165
a range +762 +811 5 4 0.13
a contact +770 +838 3 4 839573610
a range +770 +838 3 4 1.15
a contact +770 +838 4 3 839573610
a range +770 +838 4 3 1.36
a contact +793 +862 5 6 900599615
a range +793 +862 5 6 0.13
a contact +793 +862 6 5 900599615
a range +793 +862 6 5 0.13
a contact +795 +846.8 3 4 1061619934
a range +795 +846.8 3 4 1.29
a contact +795 +848 4 3 1061619934
a range +795 +848 4 3 1.38
a contact +810 +871.8 2 5 1072257744
a range +810 +871.8 2 5 1.35
a contact +810 +873 5 2 1072257744
a range +810 +873 5 2 1.2
a contact +810 +860 4 6 1076961936
a range +810 +860 4 6 0.13
a contact +810 +860 6 4 1076961936
a range +810 +860 6 4 0.13
a contact +812 +863 4 5 1173002432
a range +812 +863 4 5 0.13
a contact +812 +863 5 4 1173002432
a range +812 +863 5 4 0.13
a contact +828 +880 2 3 1136718173
a range +828 +880 2 3 0.12
a contact +828 +880 3 2 1136718173
a range +828 +880 3 2 0.12
a contact +839 +889 1 3 962607827
a range +839 +889 1 3 0.12
a contact +839 +889 3 1 962607827
a range +839 +889 3 1 0.12
a contact +850 +920 3 5 1045162371
a range +850 +920 3 5 1.17
a contact +850 +920 5 3 1045162371
a range +850 +920 5 3 1.22
a contact +870 +939 3 5 1148206926
a range +870 +939 3 5 1.27
a contact +870 +939 5 3 1148206926
a range +870 +939 5 3 1.3
a contact +875 +932.8 1 2 816064263
a range +875 +932.8 1 2 0.12
a contact +875 +934 2 1 816064263
a range +875 +934 2 1 0.12
a contact +903 +957 2 4 988809461
a range +903 +957 2 4 1.02
a contact +903 +957 4 2 988809461
a range +903 +957 4 2 1.14
a contact +905 +971 2 5 1197307157
a range +905 +971 2 5 1.11
a contact +905 +971 5 2 1197307157
a range +905 +971 5 2 1.36
a contact +907 +968 4 5 957889283
a range +907 +968 4 5 0.13
a contact +907 +968 5 4 957889283
a range +907 +968 5 4 0.13
a contact +914 +962 5 6 1007774134
a range +914 +962 5 6 0.13
a contact +914 +962 6 5 1007774134
a range +914 +962 6 5 0.13
a contact +916 +982.8 2 4 1055243134
a range +916 +982.8 2 4 1.3
a contact +916 +984 4 2 1055243134
a range +916 +984 4 2 1.15
a contact +920 +968 2 3 1041824009
a range +920 +968 2 3 0.12
a contact +920 +968 3 2 1041824009
a range +920 +968 3 2 0.12
a contact +921 +983 3 5 1061394725
a range +921 +983 3 5 1.09
a contact +921 +983 5 3 1061394725
a range +921 +983 5 3 1.12
a contact +929 +998 2 4 938239878
a range +929 +998 2 4 1.17
a contact +929 +998 4 2 938239878
a range +929 +998 4 2 1.04
a contact +933 +994 1 2 801438112
a range +933 +994 1 2 0.12
a contact +933 +994 2 1 801438112
a range +933 +994 2 1 0.12
a contact +936 +996 1 3 1188267662
a range +936 +996 1 3 0.12
a contact +936 +994.8 3 1 1188267662
a range +936 +994.8 3 1 0.12
a contact +944 +1012 1 3 992082215
a range +944 +1012 1 3 0.12
a contact +944 +1012 3 1 992082215
a range +944 +1012 3 1 0.12
a contact +960 +1019 3 4 953015369
a range +960 +1019 3 4 1.09
a contact +960 +1019 4 3 953015369
a range +960 +1019 4 3 1.1
a contact +962 +1027 1 3 1161773955
a range +962 +1027 1 3 0.12
a contact +962 +1027 3 1 1161773955
a range +962 +1027 3 1 0.12
a contact +972 +1039 3 5 1054728562
a range +972 +1039 3 5 1.27
a contact +972 +1039 5 3 1054728562
a range +972 +1039 5 3 1.23
a contact +984 +1030.8 3 4 985024441
a range +984 +1030.8 3 4 1.21
a contact +984 +1032 4 3 985024441
a range +984 +1032 4 3 1.15
a contact +986 +1047 2 4 848590009
a range +986 +1047 2 4 1.36
a contact +986 +1047 4 2 848590009
a range +986 +1047 4 2 1.06
a contact +989 +1049 3 4 983453441
a range +989 +1049 3 4 1.18
a contact +989 +1049 4 3 983453441
a range +989 +1049 4 3 1.03
a contact +1018 +1069 5 6 934502781
a range +1018 +1069 5 6 0.13
a contact +1018 +1069 6 5 934502781
a range +1018 +1069 6 5 0.13
a contact +1036 +1091 1 2 1149342170
a range +1036 +1091 1 2 0.12
a contact +1036 +1091 2 1 1149342170
a range +1036 +1091 2 1 0.12
a contact +1061 +1111.8 3 4 860982226
a range +1061 +1111.8 3 4 1.26
a contact +1061 +1113 4 3 860982226
a range +1061 +1113 4 3 1.35
a contact +1063 +1117 2 4 1061340789
a range +1063 +1117 2 4 1.1
a contact +1063 +1117 4 2 1061340789
a range +1063 +1117 4 2 1.28
a contact +1070 +1118 4 6 804369101
a range +1070 +1118 4 6 0.13
a contact +1070 +1118 6 4 804369101
a range +1070 +1118 6 4 0.13
a contact +1076 +1133 2 3 985228080
a range +1076 +1133 2 3 0.12
a contact +1076 +1133 3 2 985228080
a range +1076 +1133 3 2 0.12
a contact +1091 +1150.8 1 3 1019728517
a range +1091 +1150.8 1 3 0.12
a contact +1091 +1150.8 3 1 1019728517
a range +1091 +1150.8 3 1 0.12
a contact +1106 +1169 4 5 890820930
a range +1106 +1169 4 5 0.13
a contact +1106 +1169 5 4 890820930
a range +1106 +1169 5 4 0.13
a contact +1114 +1169.8 1 3 1115964508
a range +1114 +1169.8 1 3 0.12
a contact +1114 +1169.8 3 1 1115964508
a range +1114 +1169.8 3 1 0.12
a contact +1114 +1182 3 4 1002486345
a range +1114 +1182 3 4 1.33
a contact +1114 +1182 4 3 1002486345
a range +1114 +1182 4 3 1.08
a contact +1116 +1184 2 5 903279107
a range +1116 +1184 2 5 1.07
a contact +1116 +1184 5 2 903279107
a range +1116 +1184 5 2 1.29
a contact +1122 +1181 4 5 1102932572
a range +1122 +1181 4 5 0.13
a contact +1122 +1181 5 4 1102932572
a range +1122 +1181 5 4 0.13
a contact +1126 +1183 1 3 982760636
a range +1126 +1183 1 3 0.12
a contact +1126 +1183 3 1 982760636
a range +1126 +1183 3 1 0.12
a contact +1128 +1186 1 2 957874667
a range +1128 +1186 1 2 0.12
a contact +1128 +1186 2 1 957874667
a range +1128 +1186 2 1 0.12
a contact +1143 +1199 5 6 884332651
a range +1143 +1199 5 6 0.13
a contact +1143 +1199 6 5 884332651
a range +1143 +1199 6 5 0.13
a contact +1156 +1204 2 5 1053716069
a range +1156 +1204 2 5 1.3
a contact +1156 +1204 5 2 1053716069
a range +1156 +1204 5 2 1.17
a contact +1162 +1230 4 6 847438012
a range +1162 +1230 4 6 0.13
a contact +1162 +1230 6 4 847438012
a range +1162 +1230 6 4 0.13
a contact +1167 +1233 1 3 836724631
a range +1167 +1233 1 3 0.12
a contact +1167 +1233 3 1 836724631
a range +1167 +1233 3 1 0.12
a contact +1185 +1256 4 6 884136715
a range +1185 +1256 4 6 0.13
a contact +1185 +1256 6 4 884136715
a range +1185 +1256 6 4 0.13
a contact +1206 +1264 1 2 835488850
a range +1206 +1264 1 2 0.12
a contact +1206 +1264 2 1 835488850
a range +1206 +1264 2 1 0.12
a contact +1214 +1271 4 5 820241437
a range +1214 +1271 4 5 0.13
a contact +1214 +1271 5 4 820241437
a range +1214 +1271 5 4 0.13
a contact +1218 +1279 1 2 844347368
a range +1218 +1279 1 2 0.12
a contact +1218 +1279 2 1 844347368
a range +1218 +1279 2 1 0.12
a contact +1218 +1270.8 3 5 1049534609
a range +1218 +1270.8 3 5 1.3
a contact +1218 +1272 5 3 1049534609
a range +1218 +1272 5 3 1.05
a contact +1225 +1292 1 3 974060623
a range +1225 +1292 1 3 0.12
a contact +1225 +1290.8 3 1 974060623
a range +1225 +1290.8 3 1 0.12
a contact +1233 +1301.8 3 5 987082176
a range +1233 +1301.8 3 5 1.28
a contact +1233 +1303 5 3 987082176
a range +1233 +1303 5 3 1.23
a contact +1255 +1319 3 4 1123816516
a range +1255 +1319 3 4 1.24
a contact +1255 +1319 4 3 1123816516
a range +1255 +1319 4 3 1.36
a contact +1271 +1331 5 6 1108875554
a range +1271 +1331 5 6 0.13
a contact +1271 +1331 6 5 1108875554
a range +1271 +1331 6 5 0.13
a contact +1273 +1337 4 5 1160129647
a range +1273 +1337 4 5 0.13
a contact +1273 +1337 5 4 1160129647
a range +1273 +1337 5 4 0.13
a contact +1274 +1339 2 3 1129610741
a range +1274 +1339 2 3 0.12
a contact +1274 +1339 3 2 1129610741
a range +1274 +1339 3 2 0.12
a contact +1284 +1343 1 3 1066381713
a range +1284 +1343 1 3 0.12
a contact +1284 +1343 3 1 1066381713
a range +1284 +1343 3 1 0.12
a contact +1290 +1351 3 4 989447392
a range +1290 +1351 3 4 1.11
a contact +1290 +1351 4 3 989447392
a range +1290 +1351 4 3 1.17
a contact +1307 +1368 2 3 1087067820
a range +1307 +1368 2 3 0.12
a contact +1307 +1366.8 3 2 1087067820
a range +1307 +1366.8 3 2 0.12
a contact +1309 +1358 1 3 1024895453
a range +1309 +1358 1 3 0.12
a contact +1309 +1358 3 1 1024895453
a range +1309 +1358 3 1 0.12
a contact +1316 +1364.8 2 4 850304735
a range +1316 +1364.8 2 4 1.26
a contact +1316 +1366 4 2 850304735
a range +1316 +1366 4 2 1.33
a contact +1325 +1373 4 6 948787924
a range +1325 +1373 4 6 0.13
a contact +1325 +1373 6 4 948787924
a range +1325 +1373 6 4 0.13
a contact +1330 +1386 4 6 853821751
a range +1330 +1386 4 6 0.13
a contact +1330 +1386 6 4 853821751
a range +1330 +1386 6 4 0.13
a contact +1334 +1395.8 1 2 951405426
a range +1334 +1395.8 1 2 0.12
a contact +1334 +1395.8 2 1 951405426
a range +1334 +1395.8 2 1 0.12
a contact +1334 +1402 4 6 1106418579
a range +1334 +1402 4 6 0.13
a contact +1334 +1402 6 4 1106418579
a range +1334 +1402 6 4 0.13
a contact +1335 +1400 4 5 1028489196
a range +1335 +1400 4 5 0.13
a contact +1335 +1400 5 4 1028489196
a range +1335 +1400 5 4 0.13
a contact +1341 +1408 5 6 1138314947
a range +1341 +1408 5 6 0.13
a contact +1341 +1408 6 5 1138314947
a range +1341 +1408 6 5 0.13
a contact +1342 +1390 2 5 971116593
a range +1342 +1390 2 5 1.06
a contact +1342 +1390 5 2 971116593
a range +1342 +1390 5 2 1.28
a contact +1344 +1412 5 6 951127047
a range +1344 +1412 5 6 0.13
a contact +1344 +1412 6 5 951127047
a range +1344 +1412 6 5 0.13
a contact +1345 +1402 2 4 1116269601
a range +1345 +1402 2 4 1.16
a contact +1345 +1402 4 2 1116269601
a range +1345 +1402 4 2 1.18
a contact +1345 +1405 4 6 1142155313
a range +1345 +1405 4 6 0.13
a contact +1345 +1405 6 4 1142155313
a range +1345 +1405 6 4 0.13
a contact +1353 +1403.8 2 4 808750530
a range +1353 +1403.8 2 4 1.31
a contact +1353 +1405 4 2 808750530
a range +1353 +1405 4 2 1.34
a contact +1359 +1407 3 4 1027907301
a range +1359 +1407 3 4 1.35
a contact +1359 +1407 4 3 1027907301
a range +1359 +1407 4 3 1.28
a contact +1369 +1429 4 6 991842270
a range +1369 +1429 4 6 0.13
a contact +1369 +1429 6 4 991842270
a range +1369 +1429 6 4 0.13
a contact +1375 +1441 3 4 1153616760
a range +1375 +1441 3 4 1.25
a contact +1375 +1441 4 3 1153616760
a range +1375 +1441 4 3 1.14
a contact +1375 +1439 3 4 984792951
a range +1375 +1439 3 4 1.05
a contact +1375 +1439 4 3 984792951
a range +1375 +1439 4 3 1.28
a contact +1406 +1476 1 2 1018490765
a range +1406 +1476 1 2 0.12
a contact +1406 +1476 2 1 1018490765
a range +1406 +1476 2 1 0.12
a contact +1408 +1459 2 4 1049844252
a range +1408 +1459 2 4 1.36
a contact +1408 +1459 4 2 1049844252
a range +1408 +1459 4 2 1.11
a contact +1425 +1493 5 6 850912779
a range +1425 +1493 5 6 0.13
a contact +1425 +1493 6 5 850912779
a range +1425 +1493 6 5 0.13
a contact +1448 +1499 5 6 1165909333
a range +1448 +1499 5 6 0.13
a contact +1448 +1499 6 5 1165909333
a range +1448 +1499 6 5 0.13
a contact +1451 +1518 4 6 1149507210
a range +1451 +1518 4 6 0.13
a contact +1451 +1518 6 4 1149507210
a range +1451 +1518 6 4 0.13
a contact +1461 +1522 2 4 937199231
a range +1461 +1522 2 4 1.07
a contact +1461 +1522 4 2 937199231
a range +1461 +1522 4 2 1.27
a contact +1464 +1531 5 6 932616317
a range +1464 +1531 5 6 0.13
a contact +1464 +1531 6 5 932616317
a range +1464 +1531 6 5 0.13
a contact +1471 +1532.8 3 4 1166026946
a range +1471 +1532.8 3 4 1.07
a contact +1471 +1534 4 3 1166026946
a range +1471 +1534 4 3 1.02
a contact +1489 +1538 1 2 826538970
a range +1489 +1538 1 2 0.12
a contact +1489 +1538 2 1 826538970
a range +1489 +1538 2 1 0.12
a contact +1489 +1539 1 3 1172394839
a range +1489 +1539 1 3 0.12
a contact +1489 +1539 3 1 1172394839
a range +1489 +1539 3 1 0.12
a contact +1493 +1559 2 5 854154489
a range +1493 +1559 2 5 1.32
a contact +1493 +1559 5 2 854154489
a range +1493 +1559 5 2 1.19
a contact +1503 +1567 2 4 1069624990
a range +1503 +1567 2 4 1.34
a contact +1503 +1567 4 2 1069624990
a range +1503 +1567 4 2 1.37
a contact +1521 +1577 4 5 929021607
a range +1521 +1577 4 5 0.13
a contact +1521 +1577 5 4 929021607
a range +1521 +1577 5 4 0.13
a contact +1525 +1594.8 1 2 973563513
a range +1525 +1594.8 1 2 0.12
a contact +1525 +1596 2 1 973563513
a range +1525 +1596 2 1 0.12
a contact +1536 +1597 3 5 1058405208
a range +1536 +1597 3 5 1.27
a contact +1536 +1597 5 3 1058405208
a range +1536 +1597 5 3 1.36
a contact +1547 +1618 4 6 874013708
a range +1547 +1618 4 6 0.13
a contact +1547 +1618 6 4 874013708
a range +1547 +1618 6 4 0.13
a contact +1548 +1600 3 4 1071611266
a range +1548 +1600 3 4 1.26
a contact +1548 +1600 4 3 1071611266
a range +1548 +1600 4 3 1.23
a contact +1550 +1613 2 5 802922600
a range +1550 +1613 2 5 1.33
a contact +1550 +1613 5 2 802922600
a range +1550 +1613 5 2 1.2
a contact +1553 +1602 2 4 1199025720
a range +1553 +1602 2 4 1.26
a contact +1553 +1602 4 2 1199025720
a range +1553 +1602 4 2 1.03
a contact +1569 +1632 4 6 960646629
a range +1569 +1632 4 6 0.13
a contact +1569 +1632 6 4 960646629
a range +1569 +1632 6 4 0.13
a contact +1572 +1628 2 3 854342754
a range +1572 +1628 2 3 0.12
a contact +1572 +1628 3 2 854342754
a range +1572 +1628 3 2 0.12
a contact +1583 +1649 1 2 1087034355
a range +1583 +1649 1 2 0.12
a contact +1583 +1649 2 1 1087034355
a range +1583 +1649 2 1 0.12
a contact +1610 +1658 5 6 1171348763
a range +1610 +1658 5 6 0.13
a contact +1610 +1658 6 5 1171348763
a range +1610 +1658 6 5 0.13
a contact +1615 +1665 4 6 998368347
a range +1615 +1665 4 6 0.13
a contact +1615 +1665 6 4 998368347
a range +1615 +1665 6 4 0.13
a contact +1627 +1679 3 4 1073568305
a range +1627 +1679 3 4 1.08
a contact +1627 +1679 4 3 1073568305
a range +1627 +1679 4 3 1.38
a contact +1630 +1700 1 3 1019922859
a range +1630 +1700 1 3 0.12
a contact +1630 +1700 3 1 1019922859
a range +1630 +1700 3 1 0.12
a contact +1641 +1704 5 6 1114860301
a range +1641 +1704 5 6 0.13
a contact +1641 +1704 6 5 1114860301
a range +1641 +1704 6 5 0.13
a contact +1651 +1702 1 3 1119777870
a range +1651 +1702 1 3 0.12
a contact +1651 +1702 3 1 1119777870
a range +1651 +1702 3 1 0.12
a contact +1664 +1714 4 5 1001572181
a range +1664 +1714 4 5 0.13
a contact +1664 +1714 5 4 1001572181
a range +1664 +1714 5 4 0.13
a contact +1669 +1737 1 3 822628158
a range +1669 +1737 1 3 0.12
a contact +1669 +1737 3 1 822628158
a range +1669 +1737 3 1 0.12
a contact +1673 +1736 2 3 959841472
a range +1673 +1736 2 3 0.12
a contact +1673 +1734.8 3 2 959841472
a range +1673 +1734.8 3 2 0.12
a contact +1697 +1763 1 3 999620023
a range +1697 +1763 1 3 0.12
a contact +1697 +1763 3 1 999620023
a range +1697 +1763 3 1 0.12
a contact +1700 +1769 3 4 1138261556
a range +1700 +1769 3 4 1.07
a contact +1700 +1769 4 3 1138261556
a range +1700 +1769 4 3 1.08
a contact +1706 +1760 4 6 845957820
a range +1706 +1760 4 6 0.13
a contact +1706 +1760 6 4 845957820
a range +1706 +1760 6 4 0.13
a contact +1711 +1762 3 4 919550760
a range +1711 +1762 3 4 1.28
a contact +1711 +1762 4 3 919550760
a range +1711 +1762 4 3 1.23
a contact +1712 +1780 3 5 932270119
a range +1712 +1780 3 5 1.26
a contact +1712 +1780 5 3 932270119
a range +1712 +1780 5 3 1.12
a contact +1715 +1770 3 5 845683411
a range +1715 +1770 3 5 1.36
a contact +1715 +1770 5 3 845683411
a range +1715 +1770 5 3 1.18
a contact +1720 +1783 2 5 1146950670
a range +1720 +1783 2 5 1.18
a contact +1720 +1783 5 2 1146950670
a range +1720 +1783 5 2 1.31
a contact +1744 +1800 3 5 890157821
a range +1744 +1800 3 5 1.3
a contact +1744 +1800 5 3 890157821
a range +1744 +1800 5 3 1.3
a contact +1745 +1809 5 6 1075686166
a range +1745 +1809 5 6 0.13
a contact +1745 +1809 6 5 1075686166
a range +1745 +1809 6 5 0.13
a contact +1748 +1800 2 5 946451543
a range +1748 +1800 2 5 1.23
a contact +1748 +1800 5 2 946451543
a range +1748 +1800 5 2 1.15
a contact +1759 +1819 2 5 1079071356
a range +1759 +1819 2 5 1.26
a contact +1759 +1819 5 2 1079071356
a range +1759 +1819 5 2 1.15
a contact +1778 +1843 4 6 1098876069
a range +1778 +1843 4 6 0.13
a contact +1778 +1843 6 4 1098876069
a range +1778 +1843 6 4 0.13
a contact +1782 +1833.8 3 4 1193205190
a range +1782 +1833.8 3 4 1.08
a contact +1782 +1835 4 3 1193205190
a range +1782 +1835 4 3 1.3
a contact +1784 +1846 5 6 1108584373
a range +1784 +1846 5 6 0.13
a contact +1784 +1846 6 5 1108584373
a range +1784 +1846 6 5 0.13
a contact +1789 +1848 1 3 917321334
a range +1789 +1848 1 3 0.12
a contact +1789 +1848 3 1 917321334
a range +1789 +1848 3 1 0.12
a contact +1789 +1851 4 5 876926916
a range +1789 +1851 4 5 0.13
a contact +1789 +1851 5 4 876926916
a range +1789 +1851 5 4 0.13
a contact +1790 +1838 2 5 976024979
a range +1790 +1838 2 5 1.06
a contact +1790 +1838 5 2 976024979
a range +1790 +1838 5 2 1.35
a contact +1795 +1863 1 3 906388524
a range +1795 +1863 1 3 0.12
a contact +1795 +1863 3 1 906388524
a range +1795 +1863 3 1 0.12
a contact +1799 +1852 5 6 897126988
a range +1799 +1852 5 6 0.13
a contact +1799 +1852 6 5 897126988
a range +1799 +1852 6 5 0.13
a contact +1803 +1856 1 2 830125506
a range +1803 +1856 1 2 0.12
a contact +1803 +1856 2 1 830125506
a range +1803 +1856 2 1 0.12
a contact +1816 +1877 5 6 932781401
a range +1816 +1877 5 6 0.13
a contact +1816 +1877 6 5 932781401
a range +1816 +1877 6 5 0.13
a contact +1855 +1923 2 3 1071235470
a range +1855 +1923 2 3 0.12
a contact +1855 +1923 3 2 1071235470
a range +1855 +1923 3 2 0.12
a contact +1869 +1938 2 3 1007865158
a range +1869 +1938 2 3 0.12
a contact +1869 +1938 3 2 1007865158
a range +1869 +1938 3 2 0.12
a contact +1871 +1930 1 2 1068158387
a range +1871 +1930 1 2 0.12
a contact +1871 +1930 2 1 1068158387
a range +1871 +1930 2 1 0.12
a contact +1884 +1949 2 4 890867931
a range +1884 +1949 2 4 1.23
a contact +1884 +1949 4 2 890867931
a range +1884 +1949 4 2 1.08
a contact +1903 +1958 1 3 928530279
a range +1903 +1958 1 3 0.12
a contact +1903 +1958 3 1 928530279
a range +1903 +1958 3 1 0.12
a contact +1904 +1958 2 5 834022960
a range +1904 +1958 2 5 1.34
a contact +1904 +1958 5 2 834022960
a range +1904 +1958 5 2 1.12
a contact +1908 +1961 5 6 947119732
a range +1908 +1961 5 6 0.13
a contact +1908 +1961 6 5 947119732
a range +1908 +1961 6 5 0.13
a contact +1914 +1978 4 5 1087502587
a range +1914 +1978 4 5 0.13
a contact +1914 +1978 5 4 1087502587
a range +1914 +1978 5 4 0.13
a contact +1923 +1987 1 2 900221183
a range +1923 +1987 1 2 0.12
a contact +1923 +1987 2 1 900221183
a range +1923 +1987 2 1 0.12
a contact +1960 +2028 2 3 928911493
a range +1960 +2028 2 3 0.12
a contact +1960 +2026.8 3 2 928911493
a range +1960 +2026.8 3 2 0.12
a contact +1962 +2033 2 5 1129705790
a range +1962 +2033 2 5 1.3
a contact +1962 +2033 5 2 1129705790
a range +1962 +2033 5 2 1.21
a contact +1966 +2016 3 4 1152164228
a range +1966 +2016 3 4 1.27
a contact +1966 +2016 4 3 1152164228
a range +1966 +2016 4 3 1.37
a contact +1988 +2044 4 5 878958892
a range +1988 +2044 4 5 0.13
a contact +1988 +2044 5 4 878958892
a range +1988 +2044 5 4 0.13
a contact +2003 +2071 1 2 1091714021
a range +2003 +2071 1 2 0.12
a contact +2003 +2071 2 1 1091714021
a range +2003 +2071 2 1 0.12
a contact +2004 +2064.8 2 3 1154152508
a range +2004 +2064.8 2 3 0.12
a contact +2004 +2066 3 2 1154152508
a range +2004 +2066 3 2 0.12
a contact +2005 +2061 4 5 983408932
a range +2005 +2061 4 5 0.13
a contact +2005 +2061 5 4 983408932
a range +2005 +2061 5 4 0.13
a contact +2012 +2070 2 4 826349789
a range +2012 +2070 2 4 1.13
a contact +2012 +2070 4 2 826349789
a range +2012 +2070 4 2 1.08
a contact +2016 +2064.8 1 2 938907448
a range +2016 +2064.8 1 2 0.12
a contact +2016 +2066 2 1 938907448
a range +2016 +2066 2 1 0.12
a contact +2028 +2097.8 2 3 1039082017
a range +2028 +2097.8 2 3 0.12
a contact +2028 +2099 3 2 1039082017
a range +2028 +2099 3 2 0.12
a contact +2040 +2101 2 5 1158071149
a range +2040 +2101 2 5 1.22
a contact +2040 +2101 5 2 1158071149
a range +2040 +2101 5 2 1.13
a contact +2040 +2110 4 5 952642437
a range +2040 +2110 4 5 0.13
a contact +2040 +2110 5 4 952642437
a range +2040 +2110 5 4 0.13
a contact +2050 +2106 4 6 1027930940
a range +2050 +2106 4 6 0.13
a contact +2050 +2106 6 4 1027930940
a range +2050 +2106 6 4 0.13
a contact +2085 +2152.8 2 3 1137394624
a range +2085 +2152.8 2 3 0.12
a contact +2085 +2154 3 2 1137394624
a range +2085 +2154 3 2 0.12
a contact +2089 +2148 4 5 1162318545
a range +2089 +2148 4 5 0.13
a contact +2089 +2148 5 4 1162318545
a range +2089 +2148 5 4 0.13
a contact +2090 +2154 1 2 1014320407
a range +2090 +2154 1 2 0.12
a contact +2090 +2154 2 1 1014320407
a range +2090 +2154 2 1 0.12
a contact +2093 +2151 3 4 1162406579
a range +2093 +2151 3 4 1.37
a contact +2093 +2151 4 3 1162406579
a range +2093 +2151 4 3 1.06
a contact +2094 +2145 2 4 1043489154
a range +2094 +2145 2 4 1.28
a contact +2094 +2145 4 2 1043489154
a range +2094 +2145 4 2 1.3
a contact +2106 +2176 2 3 987190071
a range +2106 +2176 2 3 0.12
a contact +2106 +2176 3 2 987190071
a range +2106 +2176 3 2 0.12
a contact +2113 +2177 4 6 1195903480
a range +2113 +2177 4 6 0.13
a contact +2113 +2177 6 4 1195903480
a range +2113 +2177 6 4 0.13
a contact +2136 +2189 2 3 933637002
a range +2136 +2189 2 3 0.12
a contact +2136 +2189 3 2 933637002
a range +2136 +2189 3 2 0.12
a contact +2141 +2200 5 6 1032977741
a range +2141 +2200 5 6 0.13
a contact +2141 +2200 6 5 1032977741
a range +2141 +2200 6 5 0.13
a contact +2144 +2205 2 4 802142003
a range +2144 +2205 2 4 1.13
a contact +2144 +2205 4 2 802142003
a range +2144 +2205 4 2 1.21
a contact +2144 +2215 5 6 1148369496
a range +2144 +2215 5 6 0.13
a contact +2144 +2215 6 5 1148369496
a range +2144 +2215 6 5 0.13
a contact +2164 +2230 3 5 1013954414
a range +2164 +2230 3 5 1.07
a contact +2164 +2230 5 3 1013954414
a range +2164 +2230 5 3 1.15
a contact +2167 +2231 2 5 1077570332
a range +2167 +2231 2 5 1.36
a contact +2167 +2231 5 2 1077570332
a range +2167 +2231 5 2 1.21
a contact +2185 +2250.8 1 3 974826249
a range +2185 +2250.8 1 3 0.12
a contact +2185 +2252 3 1 974826249
a range +2185 +2252 3 1 0.12
a contact +2204 +2272 2 4 1121222674
a range +2204 +2272 2 4 1.15
a contact +2204 +2272 4 2 1121222674
a range +2204 +2272 4 2 1.14
a contact +2208 +2259 5 6 1088449088
a range +2208 +2259 5 6 0.13
a contact +2208 +2259 6 5 1088449088
a range +2208 +2259 6 5 0.13
a contact +2224 +2273 5 6 895168733
a range +2224 +2273 5 6 0.13
a contact +2224 +2273 6 5 895168733
a range +2224 +2273 6 5 0.13
a contact +2226 +2297 2 3 840688762
a range +2226 +2297 2 3 0.12
a contact +2226 +2297 3 2 840688762
a range +2226 +2297 3 2 0.12
a contact +2287 +2357 2 3 1107106929
a range +2287 +2357 2 3 0.12
a contact +2287 +2357 3 2 1107106929
a range +2287 +2357 3 2 0.12
a contact +2290 +2348 2 5 840616419
a range +2290 +2348 2 5 1.14
a contact +2290 +2348 5 2 840616419
a range +2290 +2348 5 2 1.17
a contact +2306 +2363 4 6 938363991
a range +2306 +2363 4 6 0.13
a contact +2306 +2363 6 4 938363991
a range +2306 +2363 6 4 0.13
a contact +2317 +2367 4 5 875433496
a range +2317 +2367 4 5 0.13
a contact +2317 +2367 5 4 875433496
a range +2317 +2367 5 4 0.13
a contact +2322 +2393 4 5 903681362
a range +2322 +2393 4 5 0.13
a contact +2322 +2393 5 4 903681362
a range +2322 +2393 5 4 0.13
a contact +2326 +2386 1 2 1181636823
a range +2326 +2386 1 2 0.12
a contact +2326 +2386 2 1 1181636823
a range +2326 +2386 2 1 0.12
a contact +2331 +2389.8 1 3 1184553754
a range +2331 +2389.8 1 3 0.12
a contact +2331 +2391 3 1 1184553754
a range +2331 +2391 3 1 0.12
a contact +2332 +2394 1 3 824508411
a range +2332 +2394 1 3 0.12
a contact +2332 +2394 3 1 824508411
a range +2332 +2394 3 1 0.12
a contact +2339 +2395 1 3 904739758
a range +2339 +2395 1 3 0.12
a contact +2339 +2393.8 3 1 904739758
a range +2339 +2393.8 3 1 0.12
a contact +2339 +2406 4 6 998487387
a range +2339 +2406 4 6 0.13
a contact +2339 +2406 6 4 998487387
a range +2339 +2406 6 4 0.13
a contact +2373 +2425 2 4 1091599184
a range +2373 +2425 2 4 1.35
a contact +2373 +2425 4 2 1091599184
a range +2373 +2425 4 2 1.13
a contact +2390 +2454 3 5 1032324609
a range +2390 +2454 3 5 1.27
a contact +2390 +2454 5 3 1032324609
a range +2390 +2454 5 3 1.15
a contact +2400 +2465 2 5 807104160
a range +2400 +2465 2 5 1.24
a contact +2400 +2465 5 2 807104160
a range +2400 +2465 5 2 1.36
a contact +2420 +2471.8 1 3 973994915
a range +2420 +2471.8 1 3 0.12
a contact +2420 +2473 3 1 973994915
a range +2420 +2473 3 1 0.12
a contact +2420 +2469 3 4 992952304
a range +2420 +2469 3 4 1.11
a contact +2420 +2469 4 3 992952304
a range +2420 +2469 4 3 1.14
a contact +2421 +2487 2 3 821596907
a range +2421 +2487 2 3 0.12
a contact +2421 +2485.8 3 2 821596907
a range +2421 +2485.8 3 2 0.12
a contact +2422 +2487 4 6 1113304532
a range +2422 +2487 4 6 0.13
a contact +2422 +2487 6 4 1113304532
a range +2422 +2487 6 4 0.13
a contact +2427 +2480 4 6 1109494375
a range +2427 +2480 4 6 0.13
a contact +2427 +2480 6 4 1109494375
a range +2427 +2480 6 4 0.13
a contact +2430 +2486 2 3 1112768497
a range +2430 +2486 2 3 0.12
a contact +2430 +2484.8 3 2 1112768497
a range +2430 +2484.8 3 2 0.12
a contact +2430 +2486 2 5 1172016675
a range +2430 +2486 2 5 1.18
a contact +2430 +2486 5 2 1172016675
a range +2430 +2486 5 2 1.35
a contact +2451 +2515 4 5 1160789116
a range +2451 +2515 4 5 0.13
a contact +2451 +2515 5 4 1160789116
a range +2451 +2515 5 4 0.13
a contact +2459 +2525 3 4 967305657
a range +2459 +2525 3 4 1.28
a contact +2459 +2525 4 3 967305657
a range +2459 +2525 4 3 1.28
a contact +2475 +2530 1 2 887438697
a range +2475 +2530 1 2 0.12
a contact +2475 +2530 2 1 887438697
a range +2475 +2530 2 1 0.12
a contact +2475 +2535 4 5 1199599305
a range +2475 +2535 4 5 0.13
a contact +2475 +2535 5 4 1199599305
a range +2475 +2535 5 4 0.13
a contact +2476 +2525.8 2 5 843790548
a range +2476 +2525.8 2 5 1.03
a contact +2476 +2527 5 2 843790548
a range +2476 +2527 5 2 1.16
a contact +2478 +2535 3 4 886931289
a range +2478 +2535 3 4 1.1
a contact +2478 +2535 4 3 886931289
a range +2478 +2535 4 3 1.26
a contact +2479 +2529 4 6 953456337
a range +2479 +2529 4 6 0.13
a contact +2479 +2529 6 4 953456337
a range +2479 +2529 6 4 0.13
a contact +2491 +2556 4 5 941514444
a range +2491 +2556 4 5 0.13
a contact +2491 +2556 5 4 941514444
a range +2491 +2556 5 4 0.13
a contact +2528 +2577 1 3 1103641486
a range +2528 +2577 1 3 0.12
a contact +2528 +2577 3 1 1103641486
a range +2528 +2577 3 1 0.12
a contact +2531 +2598 2 4 924014258
a range +2531 +2598 2 4 1.14
a contact +2531 +2598 4 2 924014258
a range +2531 +2598 4 2 1.15
a contact +2540 +2598 1 3 892138292
a range +2540 +2598 1 3 0.12
a contact +2540 +2598 3 1 892138292
a range +2540 +2598 3 1 0.12
a contact +2570 +2631 5 6 904767167
a range +2570 +2631 5 6 0.13
a contact +2570 +2631 6 5 904767167
a range +2570 +2631 6 5 0.13
a contact +2573 +2643 3 5 1124092622
a range +2573 +2643 3 5 1.19
a contact +2573 +2643 5 3 1124092622
a range +2573 +2643 5 3 1.2
a contact +2574 +2644 1 2 1116453480
a range +2574 +2644 1 2 0.12
a contact +2574 +2644 2 1 1116453480
a range +2574 +2644 2 1 0.12
a contact +2595 +2660 3 5 1161716200
a range +2595 +2660 3 5 1.17
a contact +2595 +2660 5 3 1161716200
a range +2595 +2660 5 3 1.34
a contact +2609 +2659.8 2 4 870265158
a range +2609 +2659.8 2 4 1.17
a contact +2609 +2661 4 2 870265158
a range +2609 +2661 4 2 1.37
a contact +2616 +2664 2 4 824897344
a range +2616 +2664 2 4 1.26
a contact +2616 +2664 4 2 824897344
a range +2616 +2664 4 2 1.04
a contact +2617 +2688 4 6 955940538
a range +2617 +2688 4 6 0.13
a contact +2617 +2688 6 4 955940538
a range +2617 +2688 6 4 0.13
a contact +2618 +2684 1 2 815587592
a range +2618 +2684 1 2 0.12
a contact +2618 +2684 2 1 815587592
a range +2618 +2684 2 1 0.12
a contact +2622 +2677 4 6 906011704
a range +2622 +2677 4 6 0.13
a contact +2622 +2677 6 4 906011704
a range +2622 +2677 6 4 0.13
a contact +2634 +2687 3 4 1092102252
a range +2634 +2687 3 4 1.05
a contact +2634 +2687 4 3 1092102252
a range +2634 +2687 4 3 1.14
a contact +2637 +2698 1 3 951337710
a range +2637 +2698 1 3 0.12
a contact +2637 +2698 3 1 951337710
a range +2637 +2698 3 1 0.12
a contact +2638 +2689.8 1 2 1031945465
a range +2638 +2689.8 1 2 0.12
a contact +2638 +2691 2 1 1031945465
a range +2638 +2691 2 1 0.12
a contact +2641 +2703.8 1 2 987840763
a range +2641 +2703.8 1 2 0.12
a contact +2641 +2705 2 1 987840763
a range +2641 +2705 2 1 0.12
a contact +2644 +2695 1 3 832003873
a range +2644 +2695 1 3 0.12
a contact +2644 +2695 3 1 832003873
a range +2644 +2695 3 1 0.12
a contact +2656 +2704.8 3 5 1103139488
a range +2656 +2704.8 3 5 1.28
a contact +2656 +2706 5 3 1103139488
a range +2656 +2706 5 3 1.15
a contact +2673 +2722 2 3 988198073
a range +2673 +2722 2 3 0.12
a contact +2673 +2722 3 2 988198073
a range +2673 +2722 3 2 0.12
a contact +2687 +2746 5 6 1142883663
a range +2687 +2746 5 6 0.13
a contact +2687 +2746 6 5 1142883663
a range +2687 +2746 6 5 0.13
a contact +2692 +2753 1 2 1052166600
a range +2692 +2753 1 2 0.12
a contact +2692 +2753 2 1 1052166600
a range +2692 +2753 2 1 0.12
a contact +2731 +2791.8 3 5 844921659
a range +2731 +2791.8 3 5 1.19
a contact +2731 +2793 5 3 844921659
a range +2731 +2793 5 3 1.25
a contact +2739 +2807 5 6 1127576243
a range +2739 +2807 5 6 0.13
a contact +2739 +2807 6 5 1127576243
a range +2739 +2807 6 5 0.13
a contact +2750 +2812 2 5 1091602696
a range +2750 +2812 2 5 1.19
a contact +2750 +2812 5 2 1091602696
a range +2750 +2812 5 2 1.32
a contact +2758 +2810 1 2 1115114974
a range +2758 +2810 1 2 0.12
a contact +2758 +2808.8 2 1 1115114974
a range +2758 +2808.8 2 1 0.12
a contact +2758 +2807.8 2 3 812983504
a range +2758 +2807.8 2 3 0.12
a contact +2758 +2809 3 2 812983504
a range +2758 +2809 3 2 0.12
a contact +2758 +2823 2 5 929344378
a range +2758 +2823 2 5 1.07
a contact +2758 +2823 5 2 929344378
a range +2758 +2823 5 2 1.27
a contact +2758 +2808 4 5 1013497131
a range +2758 +2808 4 5 0.13
a contact +2758 +2808 5 4 1013497131
a range +2758 +2808 5 4 0.13
a contact +2772 +2837 3 5 1105199066
a range +2772 +2837 3 5 1.33
a contact +2772 +2837 5 3 1105199066
a range +2772 +2837 5 3 1.32
a contact +2780 +2831 3 4 1013143788
a range +2780 +2831 3 4 1.22
a contact +2780 +2831 4 3 1013143788
a range +2780 +2831 4 3 1.33
a contact +2792 +2844.8 2 5 953495199
a range +2792 +2844.8 2 5 1.15
a contact +2792 +2846 5 2 953495199
a range +2792 +2846 5 2 1.25
a contact +2798 +2854 3 4 1043309760
a range +2798 +2854 3 4 1.04
a contact +2798 +2854 4 3 1043309760
a range +2798 +2854 4 3 1.3
a contact +2799 +2861.8 3 5 860958324
a range +2799 +2861.8 3 5 1.06
a contact +2799 +2863 5 3 860958324
a range +2799 +2863 5 3 1.34
a contact +2806 +2870 1 2 1133102495
a range +2806 +2870 1 2 0.12
a contact +2806 +2870 2 1 1133102495
a range +2806 +2870 2 1 0.12
a contact +2826 +2885 2 5 916416940
a range +2826 +2885 2 5 1.07
a contact +2826 +2885 5 2 916416940
a range +2826 +2885 5 2 1.16
a contact +2829 +2886 2 3 1070867881
a range +2829 +2886 2 3 0.12
a contact +2829 +2886 3 2 1070867881
a range +2829 +2886 3 2 0.12
a contact +2844 +2908 2 3 1143715345
a range +2844 +2908 2 3 0.12
a contact +2844 +2908 3 2 1143715345
a range +2844 +2908 3 2 0.12
a contact +2855 +2919 3 5 1127824554
a range +2855 +2919 3 5 1.34
a contact +2855 +2919 5 3 1127824554
a range +2855 +2919 5 3 1.23
a contact +2867 +2915 2 4 1037064133
a range +2867 +2915 2 4 1.06
a contact +2867 +2915 4 2 1037064133
a range +2867 +2915 4 2 1.12
a contact +2873 +2925 2 4 965179987
a range +2873 +2925 2 4 1.3
a contact +2873 +2925 4 2 965179987
a range +2873 +2925 4 2 1.12
a contact +2878 +2943.8 1 2 1189255908
a range +2878 +2943.8 1 2 0.12
a contact +2878 +2945 2 1 1189255908
a range +2878 +2945 2 1 0.12
a contact +2887 +2958 4 6 1189111363
a range +2887 +2958 4 6 0.13
a contact +2887 +2958 6 4 1189111363
a range +2887 +2958 6 4 0.13
a contact +2894 +2965 1 3 858514610
a range +2894 +2965 1 3 0.12
a contact +2894 +2965 3 1 858514610
a range +2894 +2965 3 1 0.12
a contact +2898 +2954 1 2 840963373
a range +2898 +2954 1 2 0.12
a contact +2898 +2954 2 1 840963373
a range +2898 +2954 2 1 0.12
a contact +2913 +2968.8 2 4 1061389825
a range +2913 +2968.8 2 4 1.18
a contact +2913 +2970 4 2 1061389825
a range +2913 +2970 4 2 1.06
a contact +2941 +2997 5 6 871561144
a range +2941 +2997 5 6 0.13
a contact +2941 +2997 6 5 871561144
a range +2941 +2997 6 5 0.13
a contact +2961 +3013 4 6 923545547
a range +2961 +3013 4 6 0.13
a contact +2961 +3013 6 4 923545547
a range +2961 +3013 6 4 0.13
a contact +2993 +3058 2 4 1086401235
a range +2993 +3058 2 4 1.06
a contact +2993 +3058 4 2 1086401235
a range +2993 +3058 4 2 1.05
a contact +3003 +3062 2 4 1082502158
a range +3003 +3062 2 4 1.05
a contact +3003 +3062 4 2 1082502158
a range +3003 +3062 4 2 1.15
a contact +3010 +3079 4 6 1099473504
a range +3010 +3079 4 6 0.13
a contact +3010 +3079 6 4 1099473504
a range +3010 +3079 6 4 0.13
a contact +3016 +3082 3 5 911704062
a range +3016 +3082 3 5 1.12
a contact +3016 +3082 5 3 911704062
a range +3016 +3082 5 3 1.07
a contact +3027 +3080 2 5 831306180
a range +3027 +3080 2 5 1.15
a contact +3027 +3080 5 2 831306180
a range +3027 +3080 5 2 1.13
a contact +3031 +3094 2 3 999242982
a range +3031 +3094 2 3 0.12
a contact +3031 +3094 3 2 999242982
a range +3031 +3094 3 2 0.12
a contact +3038 +3091 5 6 1146066793
a range +3038 +3091 5 6 0.13
a contact +3038 +3091 6 5 1146066793
a range +3038 +3091 6 5 0.13
a contact +3042 +3091 4 6 1029808581
a range +3042 +3091 4 6 0.13
a contact +3042 +3091 6 4 1029808581
a range +3042 +3091 6 4 0.13
a contact +3044 +3103 2 3 822329551
a range +3044 +3103 2 3 0.12
a contact +3044 +3103 3 2 822329551
a range +3044 +3103 3 2 0.12
a contact +3049 +3097 4 5 959564405
a range +3049 +3097 4 5 0.13
a contact +3049 +3097 5 4 959564405
a range +3049 +3097 5 4 0.13
a contact +3055 +3115 4 5 1019636787
a range +3055 +3115 4 5 0.13
a contact +3055 +3115 5 4 1019636787
a range +3055 +3115 5 4 0.13
a contact +3063 +3132 1 2 1160222178
a range +3063 +3132 1 2 0.12
a contact +3063 +3132 2 1 1160222178
a range +3063 +3132 2 1 0.12
a contact +3066 +3134 4 6 825835580
a range +3066 +3134 4 6 0.13
a contact +3066 +3134 6 4 825835580
a range +3066 +3134 6 4 0.13
a contact +3082 +3153 5 6 927633149
a range +3082 +3153 5 6 0.13
a contact +3082 +3153 6 5 927633149
a range +3082 +3153 6 5 0.13
a contact +3088 +3143 3 5 1135080774
a range +3088 +3143 3 5 1.08
a contact +3088 +3143 5 3 1135080774
a range +3088 +3143 5 3 1.29
a contact +3092 +3160 3 5 1132233746
a range +3092 +3160 3 5 1.09
a contact +3092 +3160 5 3 1132233746
a range +3092 +3160 5 3 1.08
a contact +3100 +3168 2 3 946114628
a range +3100 +3168 2 3 0.12
a contact +3100 +3166.8 3 2 946114628
a range +3100 +3166.8 3 2 0.12
a contact +3102 +3166 3 4 1175352910
a range +3102 +3166 3 4 1.3
a contact +3102 +3166 4 3 1175352910
a range +3102 +3166 4 3 1.37
a contact +3112 +3176 5 6 1144466421
a range +3112 +3176 5 6 0.13
a contact +3112 +3176 6 5 1144466421
a range +3112 +3176 6 5 0.13
a contact +3147 +3196 4 5 955191635
a range +3147 +3196 4 5 0.13
a contact +3147 +3196 5 4 955191635
a range +3147 +3196 5 4 0.13
a contact +3150 +3205 2 5 901714484
a range +3150 +3205 2 5 1.04
a contact +3150 +3205 5 2 901714484
a range +3150 +3205 5 2 1.24
a contact +3154 +3225 4 5 844921222
a range +3154 +3225 4 5 0.13
a contact +3154 +3225 5 4 844921222
a range +3154 +3225 5 4 0.13
a contact +3167 +3218 4 5 1100046422
a range +3167 +3218 4 5 0.13
a contact +3167 +3218 5 4 1100046422
a range +3167 +3218 5 4 0.13
a contact +3175 +3234 3 4 1008591212
a range +3175 +3234 3 4 1.14
a contact +3175 +3234 4 3 1008591212
a range +3175 +3234 4 3 1.16
a contact +3195 +3262 2 5 1127732354
a range +3195 +3262 2 5 1.08
a contact +3195 +3262 5 2 1127732354
a range +3195 +3262 5 2 1.31
a contact +3196 +3263 4 5 953888668
a range +3196 +3263 4 5 0.13
a contact +3196 +3263 5 4 953888668
a range +3196 +3263 5 4 0.13
a contact +3205 +3254 2 5 856393202
a range +3205 +3254 2 5 1.11
a contact +3205 +3254 5 2 856393202
a range +3205 +3254 5 2 1.2
a contact +3213 +3270 5 6 969874984
a range +3213 +3270 5 6 0.13
a contact +3213 +3270 6 5 969874984
a range +3213 +3270 6 5 0.13
a contact +3244 +3309 4 5 867020375
a range +3244 +3309 4 5 0.13
a contact +3244 +3309 5 4 867020375
a range +3244 +3309 5 4 0.13
a contact +3252 +3301 4 6 1068352140
a range +3252 +3301 4 6 0.13
a contact +3252 +3301 6 4 1068352140
a range +3252 +3301 6 4 0.13
a contact +3253 +3310.8 2 5 1155895916
a range +3253 +3310.8 2 5 1.18
a contact +3253 +3312 5 2 1155895916
a range +3253 +3312 5 2 1.2
a contact +3259 +3316 2 3 1153905725
a range +3259 +3316 2 3 0.12
a contact +3259 +3316 3 2 1153905725
a range +3259 +3316 3 2 0.12
a contact +3260 +3319 1 3 960431617
a range +3260 +3319 1 3 0.12
a contact +3260 +3319 3 1 960431617
a range +3260 +3319 3 1 0.12
a contact +3269 +3332 3 5 914098569
a range +3269 +3332 3 5 1.32
a contact +3269 +3332 5 3 914098569
a range +3269 +3332 5 3 1.09
a contact +3279 +3330 5 6 1004263132
a range +3279 +3330 5 6 0.13
a contact +3279 +3330 6 5 1004263132
a range +3279 +3330 6 5 0.13
a contact +3282 +3353 2 4 974222264
a range +3282 +3353 2 4 1.33
a contact +3282 +3353 4 2 974222264
a range +3282 +3353 4 2 1.19
a contact +3283 +3334 3 4 1172481668
a range +3283 +3334 3 4 1.2
a contact +3283 +3334 4 3 1172481668
a range +3283 +3334 4 3 1.12
a contact +3287 +3340 1 3 1080465651
a range +3287 +3340 1 3 0.12
a contact +3287 +3340 3 1 1080465651
a range +3287 +3340 3 1 0.12
a contact +3289 +3346 1 2 831373612
a range +3289 +3346 1 2 0.12
a contact +3289 +3344.8 2 1 831373612
a range +3289 +3344.8 2 1 0.12
a contact +3293 +3342 3 5 825842303
a range +3293 +3342 3 5 1.18
a contact +3293 +3342 5 3 825842303
a range +3293 +3342 5 3 1.33
a contact +3303 +3365 3 5 983683064
a range +3303 +3365 3 5 1.37
a contact +3303 +3365 5 3 983683064
a range +3303 +3365 5 3 1.16
a contact +3307 +3365 2 5 994625754
a range +3307 +3365 2 5 1.17
a contact +3307 +3365 5 2 994625754
a range +3307 +3365 5 2 1.15
a contact +3312 +3372.8 2 5 883869349
a range +3312 +3372.8 2 5 1.03
a contact +3312 +3374 5 2 883869349
a range +3312 +3374 5 2 1.31
a contact +3312 +3366 3 5 1171698334
a range +3312 +3366 3 5 1.33
a contact +3312 +3366 5 3 1171698334
a range +3312 +3366 5 3 1.12
a contact +3313 +3375 5 6 1016158994
a range +3313 +3375 5 6 0.13
a contact +3313 +3375 6 5 1016158994
a range +3313 +3375 6 5 0.13
a contact +3325 +3374 1 3 920876108
a range +3325 +3374 1 3 0.12
a contact +3325 +3374 3 1 920876108
a range +3325 +3374 3 1 0.12
a contact +3345 +3413 3 4 1015122136
a range +3345 +3413 3 4 1.37
a contact +3345 +3413 4 3 1015122136
a range +3345 +3413 4 3 1.32
a contact +3363 +3412 2 4 1047276151
a range +3363 +3412 2 4 1.37
a contact +3363 +3412 4 2 1047276151
a range +3363 +3412 4 2 1.2
a contact +3365 +3421 3 4 810354620
a range +3365 +3421 3 4 1.23
a contact +3365 +3421 4 3 810354620
a range +3365 +3421 4 3 1.06
a contact +3379 +3446 4 5 869150108
a range +3379 +3446 4 5 0.13
a contact +3379 +3446 5 4 869150108
a range +3379 +3446 5 4 0.13
a contact +3392 +3452 2 3 957267754
a range +3392 +3452 2 3 0.12
a contact +3392 +3452 3 2 957267754
a range +3392 +3452 3 2 0.12
a contact +3394 +3455 2 4 951653139
a range +3394 +3455 2 4 1.28
a contact +3394 +3455 4 2 951653139
a range +3394 +3455 4 2 1.25
a contact +3399 +3459 3 5 1136995113
a range +3399 +3459 3 5 1.12
a contact +3399 +3459 5 3 1136995113
a range +3399 +3459 5 3 1.09
a contact +3434 +3495 3 5 847816007
a range +3434 +3495 3 5 1.36
a contact +3434 +3495 5 3 847816007
a range +3434 +3495 5 3 1.07
a contact +3452 +3513 2 4 924428093
a range +3452 +3513 2 4 1.1
a contact +3452 +3513 4 2 924428093
a range +3452 +3513 4 2 1.19
a contact +3476 +3532.8 2 3 1106125193
a range +3476 +3532.8 2 3 0.12
a contact +3476 +3534 3 2 1106125193
a range +3476 +3534 3 2 0.12
a contact +3479 +3535.8 2 5 910220514
a range +3479 +3535.8 2 5 1.32
a contact +3479 +3537 5 2 910220514
a range +3479 +3537 5 2 1.29
a contact +3487 +3548 4 6 1075802493
a range +3487 +3548 4 6 0.13
a contact +3487 +3548 6 4 1075802493
a range +3487 +3548 6 4 0.13
a contact +3494 +3559.8 3 5 824649807
a range +3494 +3559.8 3 5 1.12
a contact +3494 +3561 5 3 824649807
a range +3494 +3561 5 3 1.33
a contact +3500 +3559 4 5 1006087926
a range +3500 +3559 4 5 0.13
a contact +3500 +3559 5 4 1006087926
a range +3500 +3559 5 4 0.13
a contact +3508 +3561 1 2 861032873
a range +3508 +3561 1 2 0.12
a contact +3508 +3561 2 1 861032873
a range +3508 +3561 2 1 0.12
a contact +3530 +3597 1 2 823904031
a range +3530 +3597 1 2 0.12
a contact +3530 +3597 2 1 823904031
a range +3530 +3597 2 1 0.12
a contact +3533 +3600 3 5 1041829386
a range +3533 +3600 3 5 1.35
a contact +3533 +3600 5 3 1041829386
a range +3533 +3600 5 3 1.3
a contact +3535 +3590 3 5 1091342788
a range +3535 +3590 3 5 1.23
a contact +3535 +3590 5 3 1091342788
a range +3535 +3590 5 3 1.06
a contact +3536 +3598 1 2 964612072
a range +3536 +3598 1 2 0.12
a contact +3536 +3598 2 1 964612072
a range +3536 +3598 2 1 0.12
a contact +3548 +3600 4 6 1051399659
a range +3548 +3600 4 6 0.13
a contact +3548 +3600 6 4 1051399659
a range +3548 +3600 6 4 0.13
a contact +3563 +3600 2 4 858094436
a range +3563 +3600 2 4 1.22
a contact +3563 +3600 4 2 858094436
a range +3563 +3600 4 2 1.29
a contact +3566 +3600 1 3 1185780333
a range +3566 +3600 1 3 0.12
a contact +3566 +3600 3 1 1185780333
a range +3566 +3600 3 1 0.12
a contact +3571 +3600 1 2 1038640983
a range +3571 +3600 1 2 0.12
a contact +3571 +3600 2 1 1038640983
a range +3571 +3600 2 1 0.12
a contact +3589 +3600 2 3 1134391468
a range +3589 +3600 2 3 0.12
a contact +3589 +3600 3 2 1134391468
a range +3589 +3600 3 2 0.12

