m horizon +0
a contact +7 +59 2 5 1076723473
a range +7 +59 2 5 1.08
a contact +14 +369 5 6 982977763
a range +14 +369 5 6 0.13
a contact +30 +93 5 3 1005689242
a range +30 +93 5 3 1.27
a contact +37 +82 2 5 1091640984
a range +37 +82 2 5 1.1
a contact +88 +138 3 1 921131911
a range +88 +138 3 1 0.12
a contact +124 +189 5 3 933431820
a range +124 +189 5 3 1.31
a contact +133 +191 1 2 1131437819
a range +133 +191 1 2 0.12
a contact +152 +212 3 1 998992334
a range +152 +212 3 1 0.12
a contact +187 +252 5 2 1023394179
a range +187 +252 5 2 1.06
a contact +200 +260 3 5 879070419
a range +200 +260 3 5 1.33
a contact +203 +252 2 3 901928309
a range +203 +252 2 3 0.12
a contact +208 +669 5 4 1038458153
a range +208 +669 5 4 0.13
a contact +253 +600 6 4 982349688
a range +253 +600 6 4 0.13
a contact +258 +741 4 5 900246331
a range +258 +741 4 5 0.13
a contact +259 +692 6 5 936941710
a range +259 +692 6 5 0.13
a contact +277 +341 1 2 1053990531
a range +277 +341 1 2 0.12
a contact +284 +350 2 3 1183866401
a range +284 +350 2 3 0.12
a contact +292 +345 2 1 1019172869
a range +292 +345 2 1 0.12
a contact +296 +346 1 2 924161183
a range +296 +346 1 2 0.12
a contact +308 +361 2 5 988860375
a range +308 +361 2 5 1.27
a contact +315 +744 4 6 1023116189
a range +315 +744 4 6 0.13
a contact +327 +389 2 4 1199608033
a range +327 +389 2 4 1.13
a contact +333 +734 5 6 1146471570
a range +333 +734 5 6 0.13
a contact +340 +393 3 1 903900851
a range +340 +393 3 1 0.12
a contact +379 +787 6 4 1014998380
a range +379 +787 6 4 0.13
a contact +383 +445 4 3 1040591828
a range +383 +445 4 3 1.03
a contact +393 +442 2 3 887753583
a range +393 +442 2 3 0.12
a contact +406 +469 2 4 1105531684
a range +406 +469 2 4 1.38
a contact +410 +904 6 4 803706250
a range +410 +904 6 4 0.13
a contact +436 +502 3 4 837666661
a range +436 +502 3 4 1.27
a contact +449 +505 3 1 955590309
a range +449 +505 3 1 0.12
a contact +465 +903 6 5 958159827
a range +465 +903 6 5 0.13
a contact +473 +531 3 2 1171016375
a range +473 +531 3 2 0.12
a contact +480 +940 4 5 1172725666
a range +480 +940 4 5 0.13
a contact +492 +538 2 5 1147268028
a range +492 +538 2 5 1.11
a contact +501 +982 5 4 990564746
a range +501 +982 5 4 0.13
a contact +552 +961 5 6 1035979579
a range +552 +961 5 6 0.13
a contact +560 +1001 4 5 1073025723
a range +560 +1001 4 5 0.13
a contact +575 +624 1 3 845840430
a range +575 +624 1 3 0.12
a contact +604 +966 4 5 937802811
a range +604 +966 4 5 0.13
a contact +619 +682 4 3 1106583636
a range +619 +682 4 3 1.15
a contact +643 +700 3 1 1038502088
a range +643 +700 3 1 0.12
a contact +645 +691 3 5 1032715262
a range +645 +691 3 5 1.02
a contact +651 +714 2 3 1066774596
a range +651 +714 2 3 0.12
a contact +656 +1157 6 5 1116008704
a range +656 +1157 6 5 0.13
a contact +669 +734 4 3 1049706349
a range +669 +734 4 3 1.24
a contact +679 +735 2 1 898953729
a range +679 +735 2 1 0.12
a contact +681 +732 3 5 1197278619
a range +681 +732 3 5 1.04
a contact +692 +742 5 2 1053826595
a range +692 +742 5 2 1.28
a contact +693 +750 3 5 916895355
a range +693 +750 3 5 1.06
a contact +765 +816 4 3 926867250
a range +765 +816 4 3 1.29
a contact +801 +852 4 2 1046765932
a range +801 +852 4 2 1.04
a contact +805 +864 5 3 1159179458
a range +805 +864 5 3 1.05
a contact +869 +922 4 3 1177430046
a range +869 +922 4 3 1.24
a contact +878 +934 3 2 1119106128
a range +878 +934 3 2 0.12
a contact +921 +979 2 4 1161506681
a range +921 +979 2 4 1.06
a contact +958 +1474 6 4 1092424770
a range +958 +1474 6 4 0.13
a contact +958 +1019 4 2 914351459
a range +958 +1019 4 2 1.33
a contact +971 +1397 4 6 1163499212
a range +971 +1397 4 6 0.13
a contact +985 +1374 5 4 1120402558
a range +985 +1374 5 4 0.13
a contact +1000 +1455 5 4 975307232
a range +1000 +1455 5 4 0.13
a contact +1010 +1472 5 4 905741599
a range +1010 +1472 5 4 0.13
a contact +1040 +1089 2 4 1094440199
a range +1040 +1089 2 4 1.18
a contact +1052 +1098 3 5 1145712155
a range +1052 +1098 3 5 1.13
a contact +1053 +1116 1 2 968358881
a range +1053 +1116 1 2 0.12
a contact +1088 +1142 2 5 1110123310
a range +1088 +1142 2 5 1.37
a contact +1099 +1158 4 2 1084842499
a range +1099 +1158 4 2 1.12
a contact +1111 +1167 3 5 1010888220
a range +1111 +1167 3 5 1.3
a contact +1126 +1556 4 6 849715287
a range +1126 +1556 4 6 0.13
a contact +1131 +1197 3 1 1020513948
a range +1131 +1197 3 1 0.12
a contact +1157 +1642 5 4 829748679
a range +1157 +1642 5 4 0.13
a contact +1174 +1233 3 1 1076470884
a range +1174 +1233 3 1 0.12
a contact +1220 +1581 5 6 816407734
a range +1220 +1581 5 6 0.13
a contact +1232 +1281 1 2 1022338447
a range +1232 +1281 1 2 0.12
a contact +1241 +1306 3 4 946732609
a range +1241 +1306 3 4 1.27
a contact +1259 +1322 2 3 845537075
a range +1259 +1322 2 3 0.12
a contact +1268 +1323 2 4 1047038885
a range +1268 +1323 2 4 1.09
a contact +1278 +1331 3 2 1142671535
a range +1278 +1331 3 2 0.12
a contact +1280 +1677 4 5 823281947
a range +1280 +1677 4 5 0.13
a contact +1307 +1363 2 3 1190232228
a range +1307 +1363 2 3 0.12
a contact +1326 +1376 3 4 1170117779
a range +1326 +1376 3 4 1.19
a contact +1331 +1785 5 4 1136688384
a range +1331 +1785 5 4 0.13
a contact +1338 +1731 6 5 1005138395
a range +1338 +1731 6 5 0.13
a contact +1358 +1747 4 6 857703860
a range +1358 +1747 4 6 0.13
a contact +1375 +1837 5 6 917936476
a range +1375 +1837 5 6 0.13
a contact +1384 +1437 2 3 884917322
a range +1384 +1437 2 3 0.12
a contact +1388 +1446 2 4 1129409220
a range +1388 +1446 2 4 1.21
a contact +1404 +1465 3 2 977025743
a range +1404 +1465 3 2 0.12
a contact +1457 +1893 4 6 1067023439
a range +1457 +1893 4 6 0.13
a contact +1495 +1559 1 2 1094440562
a range +1495 +1559 1 2 0.12
a contact +1523 +1577 1 3 833956140
a range +1523 +1577 1 3 0.12
a contact +1528 +1580 2 5 854235776
a range +1528 +1580 2 5 1.25
a contact +1539 +1586 3 2 952513695
a range +1539 +1586 3 2 0.12
a contact +1567 +1621 2 4 1181275930
a range +1567 +1621 2 4 1.15
a contact +1596 +1647 1 2 951153638
a range +1596 +1647 1 2 0.12
a contact +1617 +2040 5 4 1075328859
a range +1617 +2040 5 4 0.13
a contact +1677 +1721 3 1 953784092
a range +1677 +1721 3 1 0.12
a contact +1678 +1723 3 2 868125376
a range +1678 +1723 3 2 0.12
a contact +1688 +1743 3 4 1135541842
a range +1688 +1743 3 4 1.06
a contact +1695 +1745 5 3 818758337
a range +1695 +1745 5 3 1.34
a contact +1726 +1776 3 4 843506860
a range +1726 +1776 3 4 1.17
a contact +1740 +1786 3 4 1104594080
a range +1740 +1786 3 4 1.31
a contact +1782 +2151 6 5 1085758731
a range +1782 +2151 6 5 0.13
a contact +1784 +1833 1 3 1061315201
a range +1784 +1833 1 3 0.12
a contact +1788 +1839 1 3 812771553
a range +1788 +1839 1 3 0.12
a contact +1794 +1852 3 5 1053506523
a range +1794 +1852 3 5 1.08
a contact +1795 +2254 6 5 940304961
a range +1795 +2254 6 5 0.13
a contact +1808 +1862 3 2 920689840
a range +1808 +1862 3 2 0.12
a contact +1845 +2232 5 6 1110777869
a range +1845 +2232 5 6 0.13
a contact +1846 +1900 3 2 941689953
a range +1846 +1900 3 2 0.12
a contact +1851 +1899 4 3 1008073576
a range +1851 +1899 4 3 1.02
a contact +1900 +1955 5 2 971310826
a range +1900 +1955 5 2 1.14
a contact +1904 +2292 6 4 1131322405
a range +1904 +2292 6 4 0.13
a contact +1936 +2002 5 2 1047938246
a range +1936 +2002 5 2 1.34
a contact +1949 +2315 6 4 974069363
a range +1949 +2315 6 4 0.13
a contact +1980 +2027 2 4 886634812
a range +1980 +2027 2 4 1.06
a contact +2023 +2087 2 4 825377625
a range +2023 +2087 2 4 1.28
a contact +2068 +2464 4 6 898401054
a range +2068 +2464 4 6 0.13
a contact +2096 +2145 5 2 869058763
a range +2096 +2145 5 2 1.08
a contact +2115 +2174 5 2 1013997647
a range +2115 +2174 5 2 1.04
a contact +2137 +2193 1 3 963453854
a range +2137 +2193 1 3 0.12
a contact +2165 +2218 2 1 1013136753
a range +2165 +2218 2 1 0.12
a contact +2174 +2238 3 2 846389769
a range +2174 +2238 3 2 0.12
a contact +2192 +2549 4 5 977854117
a range +2192 +2549 4 5 0.13
a contact +2198 +2246 3 2 959810706
a range +2198 +2246 3 2 0.12
a contact +2222 +2269 2 3 804483256
a range +2222 +2269 2 3 0.12
a contact +2233 +2280 4 3 853641469
a range +2233 +2280 4 3 1.35
a contact +2252 +2318 2 4 988924437
a range +2252 +2318 2 4 1.3
a contact +2259 +2311 1 2 836406340
a range +2259 +2311 1 2 0.12
a contact +2260 +2319 3 5 893788441
a range +2260 +2319 3 5 1.18
a contact +2302 +2356 2 3 1180119596
a range +2302 +2356 2 3 0.12
a contact +2303 +2369 4 2 972813442
a range +2303 +2369 4 2 1.16
a contact +2304 +2712 5 4 1092399144
a range +2304 +2712 5 4 0.13
a contact +2322 +2769 5 4 1059746937
a range +2322 +2769 5 4 0.13
a contact +2349 +2404 3 1 1103368975
a range +2349 +2404 3 1 0.12
a contact +2362 +2407 2 4 991197789
a range +2362 +2407 2 4 1.03
a contact +2409 +2462 3 5 908682385
a range +2409 +2462 3 5 1.35
a contact +2410 +2469 4 3 1110091450
a range +2410 +2469 4 3 1.02
a contact +2427 +2898 6 4 817658134
a range +2427 +2898 6 4 0.13
a contact +2444 +2490 3 2 1164938522
a range +2444 +2490 3 2 0.12
a contact +2458 +2512 2 4 1005862488
a range +2458 +2512 2 4 1.25
a contact +2465 +2510 2 5 1009200135
a range +2465 +2510 2 5 1.34
a contact +2515 +2568 2 4 820696377
a range +2515 +2568 2 4 1.19
a contact +2592 +2651 5 3 947075533
a range +2592 +2651 5 3 1.28
a contact +2594 +2644 2 3 1159109073
a range +2594 +2644 2 3 0.12
a contact +2615 +2677 2 1 814308878
a range +2615 +2677 2 1 0.12
a contact +2617 +2674 3 1 981805056
a range +2617 +2674 3 1 0.12
a contact +2640 +2691 2 3 1186701857
a range +2640 +2691 2 3 0.12
a contact +2704 +3198 6 4 907696915
a range +2704 +3198 6 4 0.13
a contact +2716 +2780 4 3 1060233620
a range +2716 +2780 4 3 1.08
a contact +2719 +2771 2 5 943685971
a range +2719 +2771 2 5 1.23
a contact +2731 +2780 1 2 1053665286
a range +2731 +2780 1 2 0.12
a contact +2742 +2799 3 4 1088695621
a range +2742 +2799 3 4 1.06
a contact +2761 +2815 4 3 997413119
a range +2761 +2815 4 3 1.29
a contact +2765 +2818 3 1 978482176
a range +2765 +2818 3 1 0.12
a contact +2772 +3192 6 5 896389435
a range +2772 +3192 6 5 0.13
a contact +2775 +2836 5 2 886051465
a range +2775 +2836 5 2 1.29
a contact +2826 +2891 3 5 925109269
a range +2826 +2891 3 5 1.33
a contact +2828 +2875 4 2 1179172891
a range +2828 +2875 4 2 1.26
a contact +2846 +3192 6 5 1192777996
a range +2846 +3192 6 5 0.13
a contact +2889 +2948 3 1 988023961
a range +2889 +2948 3 1 0.12
a contact +2924 +3385 4 6 921265312
a range +2924 +3385 4 6 0.13
a contact +2942 +3000 3 1 811692043
a range +2942 +3000 3 1 0.12
a contact +2946 +3450 4 6 863489942
a range +2946 +3450 4 6 0.13
a contact +2948 +3450 6 5 951836959
a range +2948 +3450 6 5 0.13
a contact +2962 +3018 5 3 909198918
a range +2962 +3018 5 3 1.19
a contact +3052 +3438 4 6 1163706915
a range +3052 +3438 4 6 0.13
a contact +3079 +3137 5 3 1065797133
a range +3079 +3137 5 3 1.37
a contact +3093 +3154 5 3 1037612498
a range +3093 +3154 5 3 1.33
a contact +3234 +3288 3 4 975800211
a range +3234 +3288 3 4 1.22
a contact +3254 +3303 1 3 855334813
a range +3254 +3303 1 3 0.12
a contact +3257 +3305 3 1 1034526247
a range +3257 +3305 3 1 0.12
a contact +3386 +3451 2 4 1183733011
a range +3386 +3451 2 4 1.09
a contact +3392 +3456 5 3 1152441106
a range +3392 +3456 5 3 1.37
a contact +3405 +3792 6 4 986474918
a range +3405 +3792 6 4 0.13
a contact +3406 +3460 3 2 920950475
a range +3406 +3460 3 2 0.12
a contact +3409 +3782 6 4 885010370
a range +3409 +3782 6 4 0.13
a contact +3417 +3462 4 3 1125422079
a range +3417 +3462 4 3 1.24
a contact +3419 +3475 3 5 881456547
a range +3419 +3475 3 5 1.37
a contact +3429 +3492 3 2 1171931374
a range +3429 +3492 3 2 0.12
a contact +3444 +3497 1 3 928385385
a range +3444 +3497 1 3 0.12
a contact +3488 +3543 2 5 975375054
a range +3488 +3543 2 5 1.29
a contact +3491 +3542 4 2 1195407249
a range +3491 +3542 4 2 1.29
a contact +3496 +3553 3 4 1138086637
a range +3496 +3553 3 4 1.22
a contact +3564 +3623 2 5 912472047
a range +3564 +3623 2 5 1.27
a contact +3575 +3625 4 3 1066859619
a range +3575 +3625 4 3 1.24
a contact +3714 +3778 4 3 1013305593
a range +3714 +3778 4 3 1.1
a contact +3720 +3765 4 2 927331181
a range +3720 +3765 4 2 1.33
a contact +3722 +4156 5 6 947324074
a range +3722 +4156 5 6 0.13
a contact +3735 +3784 2 1 836407332
a range +3735 +3784 2 1 0.12
a contact +3738 +4138 6 4 1197506128
a range +3738 +4138 6 4 0.13
a contact +3753 +3810 5 3 1141539543
a range +3753 +3810 5 3 1.34
a contact +3802 +3850 5 2 935504619
a range +3802 +3850 5 2 1.19
a contact +3804 +3866 4 3 879555617
a range +3804 +3866 4 3 1.11
a contact +3862 +3917 5 2 809568438
a range +3862 +3917 5 2 1.03
a contact +3891 +3946 3 1 980945281
a range +3891 +3946 3 1 0.12
a contact +3911 +3973 2 4 1187030107
a range +3911 +3973 2 4 1.06
a contact +3920 +3970 4 3 1148539556
a range +3920 +3970 4 3 1.18
a contact +3926 +3991 3 1 1026007258
a range +3926 +3991 3 1 0.12
a contact +3932 +3991 1 3 1132734732
a range +3932 +3991 1 3 0.12
a contact +3933 +3991 3 2 909291737
a range +3933 +3991 3 2 0.12
a contact +3937 +3985 3 1 904879883
a range +3937 +3985 3 1 0.12
a contact +3954 +4001 3 1 888748084
a range +3954 +4001 3 1 0.12
a contact +4005 +4053 5 2 1097456276
a range +4005 +4053 5 2 1.03
a contact +4007 +4060 1 3 1181991810
a range +4007 +4060 1 3 0.12
a contact +4015 +4066 2 4 913842044
a range +4015 +4066 2 4 1.37
a contact +4020 +4477 6 5 1009711301
a range +4020 +4477 6 5 0.13
a contact +4039 +4477 6 5 805292227
a range +4039 +4477 6 5 0.13
a contact +4041 +4436 4 5 1186844941
a range +4041 +4436 4 5 0.13
a contact +4157 +4662 4 5 1097403560
a range +4157 +4662 4 5 0.13
a contact +4170 +4235 2 5 1080162884
a range +4170 +4235 2 5 1.35
a contact +4172 +4220 5 2 825808897
a range +4172 +4220 5 2 1.31
a contact +4228 +4668 5 4 892075526
a range +4228 +4668 5 4 0.13
a contact +4229 +4279 3 1 994085863
a range +4229 +4279 3 1 0.12
a contact +4252 +4319 4 2 905982243
a range +4252 +4319 4 2 1.32
a contact +4260 +4315 1 3 1038519742
a range +4260 +4315 1 3 0.12
a contact +4265 +4319 3 1 1040126064
a range +4265 +4319 3 1 0.12
a contact +4270 +4683 4 6 1163191387
a range +4270 +4683 4 6 0.13
a contact +4273 +4330 4 3 1028028082
a range +4273 +4330 4 3 1.07
a contact +4276 +4325 3 2 1101966021
a range +4276 +4325 3 2 0.12
a contact +4276 +4693 6 5 1016015457
a range +4276 +4693 6 5 0.13
a contact +4284 +4333 2 1 932569345
a range +4284 +4333 2 1 0.12
a contact +4322 +4369 4 3 914813118
a range +4322 +4369 4 3 1.09
a contact +4348 +4394 5 2 1107030615
a range +4348 +4394 5 2 1.28
a contact +4359 +4876 4 6 1103724902
a range +4359 +4876 4 6 0.13
a contact +4362 +4422 5 3 1001089320
a range +4362 +4422 5 3 1.29
a contact +4371 +4851 6 4 866956181
a range +4371 +4851 6 4 0.13
a contact +4382 +4442 2 1 896986115
a range +4382 +4442 2 1 0.12
a contact +4399 +4456 2 4 967358025
a range +4399 +4456 2 4 1.14
a contact +4408 +4463 3 4 1091216973
a range +4408 +4463 3 4 1.16
a contact +4438 +4924 4 5 1081510053
a range +4438 +4924 4 5 0.13
a contact +4444 +4501 3 1 878475321
a range +4444 +4501 3 1 0.12
a contact +4463 +4522 1 3 1116925413
a range +4463 +4522 1 3 0.12
a contact +4492 +4918 4 5 911917979
a range +4492 +4918 4 5 0.13
a contact +4520 +4586 4 3 845551790
a range +4520 +4586 4 3 1.18
a contact +4555 +4611 4 3 925323990
a range +4555 +4611 4 3 1.36
a contact +4557 +4622 1 3 892152957
a range +4557 +4622 1 3 0.12
a contact +4559 +4932 5 6 850321285
a range +4559 +4932 5 6 0.13
a contact +4589 +4635 2 4 969483244
a range +4589 +4635 2 4 1.16
a contact +4592 +5102 6 5 1112332587
a range +4592 +5102 6 5 0.13
a contact +4621 +5094 6 4 1103884786
a range +4621 +5094 6 4 0.13
a contact +4641 +5130 5 4 1177865911
a range +4641 +5130 5 4 0.13
a contact +4683 +4738 1 2 960522302
a range +4683 +4738 1 2 0.12
a contact +4726 +4782 4 3 1186239727
a range +4726 +4782 4 3 1.36
a contact +4730 +4794 3 4 837415209
a range +4730 +4794 3 4 1.16
a contact +4757 +5138 5 4 1112868204
a range +4757 +5138 5 4 0.13
a contact +4781 +5268 6 5 893546008
a range +4781 +5268 6 5 0.13
a contact +4798 +4843 5 3 911235962
a range +4798 +4843 5 3 1.18
a contact +4800 +4860 2 1 865948999
a range +4800 +4860 2 1 0.12
a contact +4818 +4881 2 3 1097728182
a range +4818 +4881 2 3 0.12
a contact +4821 +4887 3 1 1073113847
a range +4821 +4887 3 1 0.12
a contact +4848 +5220 5 4 926833648
a range +4848 +5220 5 4 0.13
a contact +4908 +5377 4 6 1057978033
a range +4908 +5377 4 6 0.13
a contact +4931 +4993 1 3 854321290
a range +4931 +4993 1 3 0.12
a contact +4966 +5029 3 4 870093683
a range +4966 +5029 3 4 1.14
a contact +5000 +5468 6 5 1076483267
a range +5000 +5468 6 5 0.13
a contact +5004 +5457 6 4 1165198714
a range +5004 +5457 6 4 0.13
a contact +5024 +5421 5 4 1149353986
a range +5024 +5421 5 4 0.13
a contact +5052 +5115 1 2 980309599
a range +5052 +5115 1 2 0.12
a contact +5063 +5125 3 4 880031164
a range +5063 +5125 3 4 1.3
a contact +5065 +5117 4 2 844474991
a range +5065 +5117 4 2 1.03
a contact +5071 +5135 4 2 959582604
a range +5071 +5135 4 2 1.17
a contact +5085 +5548 6 4 1054495510
a range +5085 +5548 6 4 0.13
a contact +5110 +5462 5 6 998514653
a range +5110 +5462 5 6 0.13
a contact +5113 +5158 3 5 1086555377
a range +5113 +5158 3 5 1.13
a contact +5138 +5192 5 2 1153381546
a range +5138 +5192 5 2 1.35
a contact +5150 +5530 4 6 1164544409
a range +5150 +5530 4 6 0.13
a contact +5154 +5209 2 3 1197682406
a range +5154 +5209 2 3 0.12
a contact +5165 +5212 3 1 1052491268
a range +5165 +5212 3 1 0.12
a contact +5177 +5231 5 3 1161923695
a range +5177 +5231 5 3 1.18
a contact +5260 +5307 4 2 1007230932
a range +5260 +5307 4 2 1.29
a contact +5273 +5763 4 5 1141821190
a range +5273 +5763 4 5 0.13
a contact +5309 +5361 2 1 1118904939
a range +5309 +5361 2 1 0.12
a contact +5319 +5367 2 4 815974248
a range +5319 +5367 2 4 1.07
a contact +5328 +5682 5 4 944225167
a range +5328 +5682 5 4 0.13
a contact +5344 +5693 5 4 847633518
a range +5344 +5693 5 4 0.13
a contact +5350 +5399 2 3 928235395
a range +5350 +5399 2 3 0.12
a contact +5371 +5421 5 3 1032805866
a range +5371 +5421 5 3 1.04
a contact +5371 +5427 2 3 891196416
a range +5371 +5427 2 3 0.12
a contact +5390 +5450 2 3 1100558885
a range +5390 +5450 2 3 0.12
a contact +5412 +5471 1 2 881859490
a range +5412 +5471 1 2 0.12
a contact +5421 +5897 5 4 842581634
a range +5421 +5897 5 4 0.13
a contact +5434 +5496 3 4 873386308
a range +5434 +5496 3 4 1.37
a contact +5446 +5492 4 2 1180347659
a range +5446 +5492 4 2 1.13
a contact +5470 +5523 1 3 1066346503
a range +5470 +5523 1 3 0.12
a contact +5472 +5520 4 2 899355237
a range +5472 +5520 4 2 1.17
a contact +5502 +5557 3 2 801884537
a range +5502 +5557 3 2 0.12
a contact +5527 +5906 5 4 1158030607
a range +5527 +5906 5 4 0.13
a contact +5608 +5660 2 1 1112505372
a range +5608 +5660 2 1 0.12
a contact +5610 +6101 5 4 1051382018
a range +5610 +6101 5 4 0.13
a contact +5643 +5702 2 5 910298792
a range +5643 +5702 2 5 1.1
a contact +5645 +5707 2 1 817002542
a range +5645 +5707 2 1 0.12
a contact +5715 +6139 5 4 910474648
a range +5715 +6139 5 4 0.13
a contact +5728 +5784 3 4 1102956004
a range +5728 +5784 3 4 1.21
a contact +5737 +5789 2 3 1123661486
a range +5737 +5789 2 3 0.12
a contact +5738 +5800 2 5 1089239398
a range +5738 +5800 2 5 1.17
a contact +5759 +5804 2 5 929253465
a range +5759 +5804 2 5 1.1
a contact +5779 +5843 4 3 933626889
a range +5779 +5843 4 3 1.25
a contact +5828 +6260 4 5 1175241019
a range +5828 +6260 4 5 0.13
a contact +5835 +5894 5 2 1137030796
a range +5835 +5894 5 2 1.29
a contact +5841 +5894 2 4 820967897
a range +5841 +5894 2 4 1.27
a contact +5843 +5901 1 2 1134801122
a range +5843 +5901 1 2 0.12
a contact +5846 +6301 6 4 1007372063
a range +5846 +6301 6 4 0.13
a contact +5848 +5913 3 2 833517750
a range +5848 +5913 3 2 0.12
a contact +5870 +5916 3 4 882345080
a range +5870 +5916 3 4 1.32
a contact +5880 +5937 5 2 877487502
a range +5880 +5937 5 2 1.03
a contact +5914 +6271 5 6 1047421691
a range +5914 +6271 5 6 0.13
a contact +5936 +6002 1 2 822480599
a range +5936 +6002 1 2 0.12
a contact +5957 +6012 2 3 1155428455
a range +5957 +6012 2 3 0.12
a contact +5962 +6026 4 3 1145664205
a range +5962 +6026 4 3 1.29
a contact +5970 +6332 4 5 1133200117
a range +5970 +6332 4 5 0.13
a contact +5977 +6035 3 5 837322882
a range +5977 +6035 3 5 1.28
a contact +6017 +6067 3 4 944720803
a range +6017 +6067 3 4 1.28
a contact +6062 +6128 5 2 815579952
a range +6062 +6128 5 2 1.29
a contact +6070 +6124 1 2 810483698
a range +6070 +6124 1 2 0.12
a contact +6109 +6157 4 3 1026618570
a range +6109 +6157 4 3 1.18
a contact +6119 +6175 2 3 993203695
a range +6119 +6175 2 3 0.12
a contact +6124 +6181 3 1 1102942937
a range +6124 +6181 3 1 0.12
a contact +6174 +6553 6 4 882334188
a range +6174 +6553 6 4 0.13
a contact +6176 +6630 4 5 1039354940
a range +6176 +6630 4 5 0.13
a contact +6194 +6655 6 5 1159568657
a range +6194 +6655 6 5 0.13
a contact +6205 +6260 1 3 850435208
a range +6205 +6260 1 3 0.12
a contact +6211 +6649 4 5 1165111463
a range +6211 +6649 4 5 0.13
a contact +6256 +6322 1 2 1066474485
a range +6256 +6322 1 2 0.12
a contact +6278 +6341 3 5 1079498442
a range +6278 +6341 3 5 1.24
a contact +6286 +6340 2 5 920651938
a range +6286 +6340 2 5 1.07
a contact +6286 +6339 2 1 1074084090
a range +6286 +6339 2 1 0.12
a contact +6300 +6349 1 2 847580296
a range +6300 +6349 1 2 0.12
a contact +6330 +6387 4 3 954619266
a range +6330 +6387 4 3 1.14
a contact +6346 +6401 5 3 899633778
a range +6346 +6401 5 3 1.14
a contact +6358 +6420 1 2 808872382
a range +6358 +6420 1 2 0.12
a contact +6359 +6412 2 3 1064845564
a range +6359 +6412 2 3 0.12
a contact +6390 +6743 5 4 1100510987
a range +6390 +6743 5 4 0.13
a contact +6408 +6788 6 4 1137260659
a range +6408 +6788 6 4 0.13
a contact +6423 +6477 1 3 976417374
a range +6423 +6477 1 3 0.12
a contact +6426 +6475 5 3 861870023
a range +6426 +6475 5 3 1.24
a contact +6427 +6490 3 2 832024783
a range +6427 +6490 3 2 0.12
a contact +6436 +6491 4 3 1093677744
a range +6436 +6491 4 3 1.09
a contact +6475 +6858 6 5 1094653003
a range +6475 +6858 6 5 0.13
a contact +6478 +6847 4 5 1114769660
a range +6478 +6847 4 5 0.13
a contact +6488 +6549 3 2 806439474
a range +6488 +6549 3 2 0.12
a contact +6528 +6578 2 4 962299440
a range +6528 +6578 2 4 1.37
a contact +6547 +6920 5 4 1153007985
a range +6547 +6920 5 4 0.13
a contact +6570 +6625 1 2 1065592946
a range +6570 +6625 1 2 0.12
a contact +6591 +6653 3 2 1187062037
a range +6591 +6653 3 2 0.12
a contact +6623 +6687 2 5 934538728
a range +6623 +6687 2 5 1.37
a contact +6636 +6694 4 2 1143263028
a range +6636 +6694 4 2 1.26
a contact +6636 +6690 3 4 998658462
a range +6636 +6690 3 4 1.35
a contact +6647 +7145 4 6 1122909929
a range +6647 +7145 4 6 0.13
a contact +6663 +6724 3 5 989782244
a range +6663 +6724 3 5 1.13
a contact +6681 +6744 4 3 1119539584
a range +6681 +6744 4 3 1.04
a contact +6747 +6795 2 1 1125582984
a range +6747 +6795 2 1 0.12
a contact +6754 +6807 3 5 829157129
a range +6754 +6807 3 5 1.09
a contact +6798 +6864 5 3 1197133609
a range +6798 +6864 5 3 1.36
a contact +6863 +6923 5 2 1101850693
a range +6863 +6923 5 2 1.34
a contact +6864 +6911 1 2 820816565
a range +6864 +6911 1 2 0.12
a contact +6886 +7242 5 4 1139241959
a range +6886 +7242 5 4 0.13
a contact +6927 +6972 2 4 843559359
a range +6927 +6972 2 4 1.34
a contact +6935 +6983 3 4 920947242
a range +6935 +6983 3 4 1.27
a contact +6983 +7045 2 4 1054572512
a range +6983 +7045 2 4 1.03
a contact +7004 +7059 3 2 886709823
a range +7004 +7059 3 2 0.12
a contact +7010 +7066 1 2 1186498356
a range +7010 +7066 1 2 0.12
a contact +7013 +7507 5 6 1120113781
a range +7013 +7507 5 6 0.13
a contact +7042 +7098 3 5 1012541740
a range +7042 +7098 3 5 1.19
a contact +7042 +7507 4 6 969230207
a range +7042 +7507 4 6 0.13
a contact +7048 +7095 5 2 924932312
a range +7048 +7095 5 2 1.34
a contact +7067 +7125 2 5 981019780
a range +7067 +7125 2 5 1.18
a contact +7069 +7501 6 5 1125812191
a range +7069 +7501 6 5 0.13
a contact +7072 +7131 4 2 1153366084
a range +7072 +7131 4 2 1.14
a contact +7080 +7553 6 4 983253214
a range +7080 +7553 6 4 0.13
a contact +7095 +7150 5 3 915749238
a range +7095 +7150 5 3 1.14
a contact +7096 +7522 6 4 931840594
a range +7096 +7522 6 4 0.13
a contact +7103 +7161 5 3 878234277
a range +7103 +7161 5 3 1.32
a contact +7104 +7162 1 3 1143858552
a range +7104 +7162 1 3 0.12
a contact +7108 +7493 5 4 1073403258
a range +7108 +7493 5 4 0.13
a contact +7113 +7177 2 3 1081026876
a range +7113 +7177 2 3 0.12
a contact +7120 +7179 3 1 1109218213
a range +7120 +7179 3 1 0.12
a contact +7128 +7190 2 1 1171957840
a range +7128 +7190 2 1 0.12
a contact +7137 +7200 3 2 1016590981
a range +7137 +7200 3 2 0.12
a contact +7207 +7252 1 2 1085087383
a range +7207 +7252 1 2 0.12
a contact +7231 +7290 5 2 829204817
a range +7231 +7290 5 2 1.38
a contact +7247 +7305 2 3 885973321
a range +7247 +7305 2 3 0.12
a contact +7357 +7833 4 6 869020146
a range +7357 +7833 4 6 0.13
a contact +7371 +7437 2 3 1171516284
a range +7371 +7437 2 3 0.12
a contact +7391 +7442 3 1 1187373922
a range +7391 +7442 3 1 0.12
a contact +7438 +7484 2 3 1004687456
a range +7438 +7484 2 3 0.12
a contact +7441 +7502 1 2 933033713
a range +7441 +7502 1 2 0.12
a contact +7483 +7527 3 2 1008875547
a range +7483 +7527 3 2 0.12
a contact +7500 +7546 2 3 1106856270
a range +7500 +7546 2 3 0.12
a contact +7552 +7618 1 2 953052046
a range +7552 +7618 1 2 0.12
a contact +7600 +7649 2 4 998472176
a range +7600 +7649 2 4 1.3
a contact +7617 +8048 6 5 1178700880
a range +7617 +8048 6 5 0.13
a contact +7627 +7687 3 2 921459095
a range +7627 +7687 3 2 0.12
a contact +7681 +7734 3 1 927215623
a range +7681 +7734 3 1 0.12
a contact +7693 +7750 5 2 836888321
a range +7693 +7750 5 2 1.29
a contact +7698 +7759 3 5 1088281688
a range +7698 +7759 3 5 1.11
a contact +7707 +7759 1 3 926550385
a range +7707 +7759 1 3 0.12
a contact +7732 +8215 5 4 1178294241
a range +7732 +8215 5 4 0.13
a contact +7832 +7893 2 1 1196911642
a range +7832 +7893 2 1 0.12
a contact +7836 +8269 4 5 1131946400
a range +7836 +8269 4 5 0.13
a contact +7852 +8299 6 5 1136607264
a range +7852 +8299 6 5 0.13
a contact +7878 +7928 1 3 939492079
a range +7878 +7928 1 3 0.12
a contact +7899 +7958 5 3 1044970454
a range +7899 +7958 5 3 1.2
a contact +7962 +8334 4 5 897747532
a range +7962 +8334 4 5 0.13
a contact +8060 +8124 2 3 902025062
a range +8060 +8124 2 3 0.12
a contact +8064 +8119 2 5 916382095
a range +8064 +8119 2 5 1.07
a contact +8068 +8586 4 5 1168940850
a range +8068 +8586 4 5 0.13
a contact +8083 +8138 1 2 893473128
a range +8083 +8138 1 2 0.12
a contact +8095 +8147 5 2 951660819
a range +8095 +8147 5 2 1.32
a contact +8131 +8197 5 2 1079506153
a range +8131 +8197 5 2 1.06
a contact +8134 +8192 1 3 1031399823
a range +8134 +8192 1 3 0.12
a contact +8135 +8191 4 3 1095607300
a range +8135 +8191 4 3 1.15
a contact +8142 +8618 4 5 929356678
a range +8142 +8618 4 5 0.13
a contact +8143 +8200 5 3 1028005543
a range +8143 +8200 5 3 1.35
a contact +8153 +8208 5 3 998110798
a range +8153 +8208 5 3 1.18
a contact +8174 +8232 3 1 1151847478
a range +8174 +8232 3 1 0.12
a contact +8210 +8267 5 2 976154212
a range +8210 +8267 5 2 1.32
a contact +8235 +8300 4 2 1076493561
a range +8235 +8300 4 2 1.02
a contact +8286 +8341 3 4 879088983
a range +8286 +8341 3 4 1.25
a contact +8292 +8354 3 4 1128468578
a range +8292 +8354 3 4 1.27
a contact +8332 +8771 5 4 1168315497
a range +8332 +8771 5 4 0.13
a contact +8332 +8731 6 5 1003959132
a range +8332 +8731 6 5 0.13
a contact +8336 +8398 1 2 1033445182
a range +8336 +8398 1 2 0.12
a contact +8342 +8389 2 1 1006497888
a range +8342 +8389 2 1 0.12
a contact +8357 +8738 6 5 811111004
a range +8357 +8738 6 5 0.13
a contact +8364 +8716 5 4 955530811
a range +8364 +8716 5 4 0.13
a contact +8381 +8827 6 4 823987762
a range +8381 +8827 6 4 0.13
a contact +8421 +8820 4 6 906453217
a range +8421 +8820 4 6 0.13
a contact +8435 +8489 1 3 1040686361
a range +8435 +8489 1 3 0.12
a contact +8441 +8489 1 2 1161732525
a range +8441 +8489 1 2 0.12
a contact +8443 +8499 4 2 1043526574
a range +8443 +8499 4 2 1.13
a contact +8472 +8838 4 6 1040419954
a range +8472 +8838 4 6 0.13
a contact +8476 +8975 5 6 922352932
a range +8476 +8975 5 6 0.13
a contact +8504 +8564 3 4 911042453
a range +8504 +8564 3 4 1.28
a contact +8515 +8565 4 2 813787830
a range +8515 +8565 4 2 1.05
a contact +8532 +8932 5 4 1195593415
a range +8532 +8932 5 4 0.13
a contact +8534 +8596 2 3 1189421873
a range +8534 +8596 2 3 0.12
a contact +8581 +8643 3 2 878042332
a range +8581 +8643 3 2 0.12
a contact +8633 +8993 5 6 1183798604
a range +8633 +8993 5 6 0.13
a contact +8680 +8727 3 5 1195232657
a range +8680 +8727 3 5 1.12
a contact +8685 +8744 5 3 1089899031
a range +8685 +8744 5 3 1.32
a contact +8699 +8759 2 5 1049325526
a range +8699 +8759 2 5 1.09
a contact +8716 +8779 5 3 1199716124
a range +8716 +8779 5 3 1.19
a contact +8721 +9126 6 5 817523390
a range +8721 +9126 6 5 0.13
a contact +8763 +9245 5 6 993539862
a range +8763 +9245 5 6 0.13
a contact +8775 +8820 1 3 1041432744
a range +8775 +8820 1 3 0.12
a contact +8815 +8868 1 2 847665122
a range +8815 +8868 1 2 0.12
a contact +8830 +8896 2 4 872178550
a range +8830 +8896 2 4 1.28
a contact +8900 +8956 4 2 1001745072
a range +8900 +8956 4 2 1.04
a contact +8918 +8975 4 3 962742816
a range +8918 +8975 4 3 1.26
a contact +8934 +8981 2 1 1193283040
a range +8934 +8981 2 1 0.12
a contact +8941 +8995 2 4 1181008512
a range +8941 +8995 2 4 1.04
a contact +8952 +9466 5 4 930493653
a range +8952 +9466 5 4 0.13
a contact +8955 +9015 4 2 931635885
a range +8955 +9015 4 2 1.23
a contact +9017 +9072 2 1 875521648
a range +9017 +9072 2 1 0.12
a contact +9021 +9077 3 2 899082342
a range +9021 +9077 3 2 0.12
a contact +9085 +9519 5 6 843541633
a range +9085 +9519 5 6 0.13
a contact +9091 +9149 3 2 913087032
a range +9091 +9149 3 2 0.12
a contact +9156 +9219 1 2 1129847067
a range +9156 +9219 1 2 0.12
a contact +9158 +9203 1 2 906442642
a range +9158 +9203 1 2 0.12
a contact +9180 +9651 6 4 1153170784
a range +9180 +9651 6 4 0.13
a contact +9228 +9294 4 3 1172292379
a range +9228 +9294 4 3 1.15
a contact +9243 +9302 3 4 1139464855
a range +9243 +9302 3 4 1.22
a contact +9247 +9295 2 4 835451684
a range +9247 +9295 2 4 1.18
a contact +9272 +9323 4 2 1085197715
a range +9272 +9323 4 2 1.26
a contact +9279 +9344 3 1 844538422
a range +9279 +9344 3 1 0.12
a contact +9303 +9352 2 1 908552903
a range +9303 +9352 2 1 0.12
a contact +9330 +9752 6 5 1136082716
a range +9330 +9752 6 5 0.13
a contact +9343 +9802 6 4 1189726140
a range +9343 +9802 6 4 0.13
a contact +9346 +9781 6 5 1191084963
a range +9346 +9781 6 5 0.13
a contact +9366 +9867 5 6 1039954885
a range +9366 +9867 5 6 0.13
a contact +9405 +9808 4 6 827904686
a range +9405 +9808 4 6 0.13
a contact +9453 +9499 2 5 881750385
a range +9453 +9499 2 5 1.17
a contact +9532 +9595 3 5 896134836
a range +9532 +9595 3 5 1.24
a contact +9545 +9599 2 3 874733420
a range +9545 +9599 2 3 0.12
a contact +9551 +9612 2 3 866907418
a range +9551 +9612 2 3 0.12
a contact +9552 +9898 6 4 1173816343
a range +9552 +9898 6 4 0.13
a contact +9580 +9998 6 5 944416738
a range +9580 +9998 6 5 0.13
a contact +9601 +9976 6 4 936719670
a range +9601 +9976 6 4 0.13
a contact +9619 +9685 5 2 1030069551
a range +9619 +9685 5 2 1.3
a contact +9648 +9711 2 1 1000513173
a range +9648 +9711 2 1 0.12
a contact +9676 +9726 3 1 1198089365
a range +9676 +9726 3 1 0.12
a contact +9683 +9735 4 2 1145252791
a range +9683 +9735 4 2 1.18
a contact +9684 +9749 5 3 924193374
a range +9684 +9749 5 3 1.11
a contact +9703 +9752 3 2 1012518867
a range +9703 +9752 3 2 0.12
a contact +9707 +10000 5 6 865081975
a range +9707 +10000 5 6 0.13
a contact +9717 +9772 1 3 1025883965
a range +9717 +9772 1 3 0.12
a contact +9734 +9780 3 1 848378612
a range +9734 +9780 3 1 0.12
a contact +9744 +9796 2 4 817083017
a range +9744 +9796 2 4 1.22
a contact +9776 +9836 3 4 979730087
a range +9776 +9836 3 4 1.2
a contact +9828 +10000 6 5 1106086214
a range +9828 +10000 6 5 0.13
a contact +9876 +9938 3 1 932893915
a range +9876 +9938 3 1 0.12
a contact +9878 +10000 5 4 909690898
a range +9878 +10000 5 4 0.13
a contact +9883 +9949 2 4 961222990
a range +9883 +9949 2 4 1.28
a contact +9917 +10000 5 6 1112871969
a range +9917 +10000 5 6 0.13
a contact +9949 +10000 4 5 1151209521
a range +9949 +10000 4 5 0.13
a contact +9966 +10000 3 2 852241468
a range +9966 +10000 3 2 0.12
a contact +9985 +10000 5 6 1071506023
a range +9985 +10000 5 6 0.13
a contact +9994 +10000 1 3 858245635
a range +9994 +10000 1 3 0.12
a contact +9999 +10000 4 3 918290316
a range +9999 +10000 4 3 1.16

