m horizon +0
a contact +55 +3866 3 2 994494359
a range +55 +3866 3 2 0.37
a contact +120 +3420 4 6 986162834
a range +120 +3420 4 6 0.03
a contact +131 +3471 6 5 826144145
a range +131 +3471 6 5 0.08
a contact +142 +3966 2 1 800662101
a range +142 +3966 2 1 0.12
a contact +152 +3253 3 4 994433384
a range +152 +3253 3 4 1300.0
a contact +157 +3140 5 3 1199545361
a range +157 +3140 5 3 1300.04
a contact +158 +4003 1 3 812278744
a range +158 +4003 1 3 0.12
a contact +180 +4171 4 2 994667982
a range +180 +4171 4 2 1300.08
a contact +183 +3622 6 4 1095174263
a range +183 +3622 6 4 0.03
a contact +204 +3802 2 5 830429493
a range +204 +3802 2 5 1299.96
a contact +214 +3666 5 4 1098857987
a range +214 +3666 5 4 0.05
a contact +321 +3349 5 2 961158680
a range +321 +3349 5 2 1300.02
a contact +414 +1714 3 5 920657532
a range +414 +1714 3 5 1299.97
a contact +443 +4117 4 3 832786154
a range +443 +4117 4 3 1300.06
a contact +465 +1765 3 1 1020708557
a range +465 +1765 3 1 0.12
a contact +481 +4118 1 2 922153992
a range +481 +4118 1 2 0.12
a contact +486 +1786 2 3 967833791
a range +486 +1786 2 3 0.37
a contact +518 +4220 5 6 1094620810
a range +518 +4220 5 6 0.08
a contact +531 +4643 2 4 1022423514
a range +531 +4643 2 4 1299.96
a contact +566 +3614 4 5 979022106
a range +566 +3614 4 5 0.05
a contact +3453 +7514 5 2 1127874195
a range +3453 +7514 5 2 1300.02
a contact +3594 +7214 5 3 1054532984
a range +3594 +7214 5 3 1300.02
a contact +3644 +4944 3 4 875809551
a range +3644 +4944 3 4 1299.96
a contact +3655 +6936 4 5 929055810
a range +3655 +6936 4 5 0.1
a contact +3726 +7729 4 6 1059018086
a range +3726 +7729 4 6 0.03
a contact +3767 +7614 6 5 811608265
a range +3767 +7614 6 5 0.08
a contact +3906 +8211 5 4 987609427
a range +3906 +8211 5 4 0.09
a contact +3910 +6928 3 2 1036333586
a range +3910 +6928 3 2 0.37
a contact +4060 +5360 2 1 919290023
a range +4060 +5360 2 1 0.12
a contact +4085 +8217 3 1 984303603
a range +4085 +8217 3 1 0.12
a contact +4108 +8049 6 4 947070897
a range +4108 +8049 6 4 0.03
a contact +4219 +7460 2 5 809734126
a range +4219 +7460 2 5 1299.97
a contact +4228 +8179 4 2 801392543
a range +4228 +8179 4 2 1299.94
a contact +4315 +8011 1 2 807569926
a range +4315 +8011 1 2 0.12
a contact +4411 +8050 1 3 866805337
a range +4411 +8050 1 3 0.12
a contact +4514 +8119 3 5 862580891
a range +4514 +8119 3 5 1299.96
a contact +4551 +8123 4 3 1091183038
a range +4551 +8123 4 3 1300.09
a contact +4703 +8915 2 3 845038322
a range +4703 +8915 2 3 0.37
a contact +4757 +8219 5 6 945210516
a range +4757 +8219 5 6 0.08
a contact +4811 +9037 2 4 1111730835
a range +4811 +9037 2 4 1300.07
a contact +7153 +10611 3 2 1180253009
a range +7153 +10611 3 2 0.37
a contact +7426 +11669 4 5 1175153235
a range +7426 +11669 4 5 0.06
a contact +7428 +10835 5 3 803913484
a range +7428 +10835 5 3 1300.0
a contact +7546 +11155 2 5 1143022862
a range +7546 +11155 2 5 1300.02
a contact +7799 +11980 5 2 804584578
a range +7799 +11980 5 2 1299.99
a contact +7847 +11575 6 5 1116141281
a range +7847 +11575 6 5 0.08
a contact +7876 +12112 2 1 1175412496
a range +7876 +12112 2 1 0.12
a contact +7981 +11372 3 4 1127389085
a range +7981 +11372 3 4 1300.09
a contact +8095 +11147 1 3 1150665178
a range +8095 +11147 1 3 0.12
a contact +8192 +11359 3 5 974509604
a range +8192 +11359 3 5 1299.96
a contact +8203 +12374 1 2 928026111
a range +8203 +12374 1 2 0.12
a contact +8241 +12374 5 4 1004569999
a range +8241 +12374 5 4 0.06
a contact +8269 +12558 4 3 810467945
a range +8269 +12558 4 3 1300.02
a contact +8283 +11814 4 6 903572371
a range +8283 +11814 4 6 0.03
a contact +8401 +12481 3 1 952956934
a range +8401 +12481 3 1 0.12
a contact +8401 +12588 6 4 1173449509
a range +8401 +12588 6 4 0.03
a contact +8527 +12414 4 2 864850685
a range +8527 +12414 4 2 1300.09
a contact +8697 +11714 5 6 872302067
a range +8697 +11714 5 6 0.08
a contact +8942 +12737 2 3 853959529
a range +8942 +12737 2 3 0.37
a contact +9312 +13584 2 4 1199782641
a range +9312 +13584 2 4 1299.96
a contact +10977 +14821 5 3 1175649751
a range +10977 +14821 5 3 1300.0
a contact +11052 +14848 3 2 1027839226
a range +11052 +14848 3 2 0.37
a contact +11189 +14786 2 5 1075762717
a range +11189 +14786 2 5 1300.04
a contact +11445 +12745 1 3 934088564
a range +11445 +12745 1 3 0.12
a contact +11781 +15010 6 5 1036315456
a range +11781 +15010 6 5 0.08
a contact +11810 +14981 5 6 928462617
a range +11810 +14981 5 6 0.08
a contact +11929 +13229 3 5 1170233757
a range +11929 +13229 3 5 1300.0
a contact +11939 +14863 3 4 1010518987
a range +11939 +14863 3 4 1300.03
a contact +12014 +16011 4 5 984722957
a range +12014 +16011 4 5 0.05
a contact +12097 +16371 5 2 919894092
a range +12097 +16371 5 2 1300.04
a contact +12307 +15448 4 6 958671906
a range +12307 +15448 4 6 0.03
a contact +12382 +16225 2 1 823190060
a range +12382 +16225 2 1 0.12
a contact +12505 +16767 3 1 996475453
a range +12505 +16767 3 1 0.12
a contact +12711 +16735 5 4 1050759276
a range +12711 +16735 5 4 0.08
a contact +12741 +16055 4 3 1109640377
a range +12741 +16055 4 3 1300.02
a contact +12784 +16683 4 2 1155192710
a range +12784 +16683 4 2 1300.03
a contact +12843 +14143 2 3 828015638
a range +12843 +14143 2 3 0.37
a contact +12882 +16843 1 2 800550969
a range +12882 +16843 1 2 0.12
a contact +12908 +15817 6 4 898498324
a range +12908 +15817 6 4 0.03
a contact +13977 +17552 2 4 810057291
a range +13977 +17552 2 4 1299.94
a contact +14888 +18569 3 2 1036543839
a range +14888 +18569 3 2 0.37
a contact +15029 +18596 2 5 924012300
a range +15029 +18596 2 5 1300.04
a contact +15222 +18288 3 4 946458394
a range +15222 +18288 3 4 1299.91
a contact +15296 +18327 5 3 883508116
a range +15296 +18327 5 3 1300.0
a contact +15310 +16610 3 5 836307308
a range +15310 +16610 3 5 1299.96
a contact +15348 +19472 5 6 1189600274
a range +15348 +19472 5 6 0.08
a contact +15486 +19387 6 5 967635954
a range +15486 +19387 6 5 0.08
a contact +15629 +19614 4 6 1112495446
a range +15629 +19614 4 6 0.03
a contact +15953 +19811 1 3 1113488853
a range +15953 +19811 1 3 0.12
a contact +16088 +19022 4 5 955111801
a range +16088 +19022 4 5 0.11
a contact +16307 +19343 4 3 1175014377
a range +16307 +19343 4 3 1299.99
a contact +16324 +20280 6 4 1147335356
a range +16324 +20280 6 4 0.03
a contact +16564 +20142 5 2 1145931747
a range +16564 +20142 5 2 1299.95
a contact +16673 +20727 2 1 1025438779
a range +16673 +20727 2 1 0.12
a contact +16740 +18040 2 3 1037624745
a range +16740 +18040 2 3 0.37
a contact +16751 +19642 5 4 1142901142
a range +16751 +19642 5 4 0.06
a contact +16788 +18088 3 1 1152977758
a range +16788 +18088 3 1 0.12
a contact +17010 +20295 4 2 904122595
a range +17010 +20295 4 2 1300.07
a contact +17188 +20917 1 2 1156938910
a range +17188 +20917 1 2 0.12
a contact +17628 +18928 2 4 949019452
a range +17628 +18928 2 4 1300.02
a contact +18649 +22105 3 4 1080485669
a range +18649 +22105 3 4 1300.02
a contact +18748 +22337 2 5 982386529
a range +18748 +22337 2 5 1300.02
a contact +18900 +22056 5 3 810534774
a range +18900 +22056 5 3 1299.99
a contact +19131 +23023 3 2 1176513193
a range +19131 +23023 3 2 0.37
a contact +19174 +20474 3 5 830522988
a range +19174 +20474 3 5 1300.01
a contact +19176 +23457 4 5 1057290153
a range +19176 +23457 4 5 0.09
a contact +19653 +23436 4 3 991215279
a range +19653 +23436 4 3 1299.95
a contact +19883 +24168 4 6 1035432781
a range +19883 +24168 4 6 0.03
a contact +19928 +24092 5 6 812329149
a range +19928 +24092 5 6 0.08
a contact +19929 +23411 6 5 877902230
a range +19929 +23411 6 5 0.08
a contact +20046 +23481 1 3 871629583
a range +20046 +23481 1 3 0.12
a contact +20080 +23535 5 4 1194485316
a range +20080 +23535 5 4 0.09
a contact +20392 +23930 5 2 1039807616
a range +20392 +23930 5 2 1299.97
a contact +20637 +24178 6 4 836481413
a range +20637 +24178 6 4 0.03
a contact +20801 +25033 4 2 822288504
a range +20801 +25033 4 2 1299.93
a contact +20869 +23810 2 4 972967906
a range +20869 +23810 2 4 1300.08
a contact +20980 +22280 2 1 897548764
a range +20980 +22280 2 1 0.12
a contact +21031 +24241 2 3 1066610316
a range +21031 +24241 2 3 0.37
a contact +21344 +25226 1 2 1185292545
a range +21344 +25226 1 2 0.12
a contact +21376 +24498 3 1 1159650192
a range +21376 +24498 3 1 0.12
a contact +22231 +25931 5 3 1137875259
a range +22231 +25931 5 3 1300.0
a contact +22380 +26571 3 5 843438142
a range +22380 +26571 3 5 1300.04
a contact +22596 +26727 3 4 856209192
a range +22596 +26727 3 4 1300.08
a contact +22714 +26344 2 5 1134082190
a range +22714 +26344 2 5 1300.01
a contact +23156 +27262 3 2 945553477
a range +23156 +27262 3 2 0.37
a contact +23644 +27085 5 4 966139850
a range +23644 +27085 5 4 0.09
a contact +23718 +27613 6 5 818521214
a range +23718 +27613 6 5 0.08
a contact +23792 +25092 1 3 1132453834
a range +23792 +25092 1 3 0.12
a contact +23822 +26837 4 3 1076038427
a range +23822 +26837 4 3 1300.09
a contact +23913 +27779 4 5 1084798174
a range +23913 +27779 4 5 0.11
a contact +24005 +27639 5 2 876794017
a range +24005 +27639 5 2 1300.01
a contact +24276 +28448 4 6 921348006
a range +24276 +28448 4 6 0.03
a contact +24284 +27317 2 4 1170323509
a range +24284 +27317 2 4 1300.02
a contact +24419 +27970 6 4 893491441
a range +24419 +27970 6 4 0.03
a contact +24503 +27925 2 1 1139211274
a range +24503 +27925 2 1 0.12
a contact +24630 +28429 5 6 851666777
a range +24630 +28429 5 6 0.08
a contact +24709 +26009 2 3 1164114021
a range +24709 +26009 2 3 0.37
a contact +25013 +27914 3 1 1163399677
a range +25013 +27914 3 1 0.12
a contact +25046 +29179 4 2 1075246247
a range +25046 +29179 4 2 1299.92
a contact +25516 +29071 1 2 1045362610
a range +25516 +29071 1 2 0.12
a contact +25981 +29447 5 3 1118111064
a range +25981 +29447 5 3 1299.99
a contact +26641 +30837 3 5 805088162
a range +26641 +30837 3 5 1299.96
a contact +26667 +30056 2 5 1116963159
a range +26667 +30056 2 5 1300.02
a contact +27024 +30608 4 3 1147215045
a range +27024 +30608 4 3 1300.04
a contact +27101 +30074 5 4 952758182
a range +27101 +30074 5 4 0.11
a contact +27296 +30832 3 4 1148503130
a range +27296 +30832 3 4 1299.92
a contact +27380 +30594 1 3 880796796
a range +27380 +30594 1 3 0.12
a contact +27456 +28756 3 2 1041194928
a range +27456 +28756 3 2 0.37
a contact +27497 +28797 2 4 937323639
a range +27497 +28797 2 4 1300.0
a contact +27731 +31481 5 2 1001884824
a range +27731 +31481 5 2 1300.03
a contact +27800 +30844 6 5 949927643
a range +27800 +30844 6 5 0.08
a contact +28009 +31404 6 4 987633494
a range +28009 +31404 6 4 0.03
a contact +28183 +32012 4 5 979771495
a range +28183 +32012 4 5 0.09
a contact +28315 +29615 2 1 1009240460
a range +28315 +29615 2 1 0.12
a contact +28473 +32465 3 1 800915147
a range +28473 +32465 3 1 0.12
a contact +28599 +31609 2 3 1139860791
a range +28599 +31609 2 3 0.37
a contact +28606 +32265 4 6 886277479
a range +28606 +32265 4 6 0.03
a contact +28659 +31814 5 6 1057806411
a range +28659 +31814 5 6 0.08
a contact +29193 +33068 1 2 976861615
a range +29193 +33068 1 2 0.12
a contact +29560 +32538 4 2 1185411762
a range +29560 +32538 4 2 1299.92
a contact +29607 +33529 5 3 913422574
a range +29607 +33529 5 3 1300.01
a contact +30283 +33408 5 4 843688585
a range +30283 +33408 5 4 0.09
a contact +30575 +34865 2 5 1144318838
a range +30575 +34865 2 5 1300.01
a contact +30803 +35101 4 3 971734536
a range +30803 +35101 4 3 1300.04
a contact +31036 +34078 3 5 1038313048
a range +31036 +34078 3 5 1300.01
a contact +31041 +34933 1 3 951395696
a range +31041 +34933 1 3 0.12
a contact +31252 +34173 6 5 1177782578
a range +31252 +34173 6 5 0.08
a contact +31278 +35044 3 4 942931627
a range +31278 +35044 3 4 1300.06
a contact +31679 +35905 3 2 947500935
a range +31679 +35905 3 2 0.37
a contact +31783 +34818 6 4 1185404945
a range +31783 +34818 6 4 0.03
a contact +31821 +35042 2 4 995411224
a range +31821 +35042 2 4 1300.01
a contact +31823 +35089 2 3 1073486515
a range +31823 +35089 2 3 0.37
a contact +31832 +34874 5 2 1111498974
a range +31832 +34874 5 2 1299.97
a contact +32015 +35291 5 6 918577966
a range +32015 +35291 5 6 0.08
a contact +32482 +36545 2 1 902939587
a range +32482 +36545 2 1 0.12
a contact +32564 +35494 4 5 1174197209
a range +32564 +35494 4 5 0.07
a contact +32581 +36614 4 2 944049228
a range +32581 +36614 4 2 1299.93
a contact +32640 +35588 4 6 1194192784
a range +32640 +35588 4 6 0.03
a contact +32990 +35947 3 1 1019028294
a range +32990 +35947 3 1 0.12
a contact +33529 +36451 1 2 1016076368
a range +33529 +36451 1 2 0.12
a contact +33597 +37718 5 3 1119882152
a range +33597 +37718 5 3 1300.02
a contact +33852 +37953 5 4 927706710
a range +33852 +37953 5 4 0.09
a contact +34511 +38543 3 5 801502929
a range +34511 +38543 3 5 1299.97
a contact +34734 +38266 6 5 870954282
a range +34734 +38266 6 5 0.08
a contact +34843 +39117 6 4 810209310
a range +34843 +39117 6 4 0.03
a contact +34990 +39072 2 5 1168837759
a range +34990 +39072 2 5 1299.95
a contact +35228 +38946 5 2 916415757
a range +35228 +38946 5 2 1299.96
a contact +35332 +38871 4 3 1001455723
a range +35332 +38871 4 3 1299.93
a contact +35381 +38636 2 3 1125524826
a range +35381 +38636 2 3 0.37
a contact +35469 +38394 1 3 841432157
a range +35469 +38394 1 3 0.12
a contact +35536 +36836 3 4 1160687649
a range +35536 +36836 3 4 1300.0
a contact +35575 +38976 2 4 899387671
a range +35575 +38976 2 4 1300.05
a contact +35627 +39278 4 6 1135320998
a range +35627 +39278 4 6 0.03
a contact +35714 +39411 5 6 1030670294
a range +35714 +39411 5 6 0.08
a contact +35968 +39986 4 5 1134933742
a range +35968 +39986 4 5 0.11
a contact +36236 +39823 3 2 815159685
a range +36236 +39823 3 2 0.37
a contact +36478 +40457 3 1 908729385
a range +36478 +40457 3 1 0.12
a contact +36743 +39739 2 1 997850532
a range +36743 +39739 2 1 0.12
a contact +36792 +39704 1 2 870249953
a range +36792 +39704 1 2 0.12
a contact +37172 +41095 4 2 949672054
a range +37172 +41095 4 2 1299.91
a contact +38090 +41573 5 3 924523846
a range +38090 +41573 5 3 1299.98
a contact +38255 +41674 5 4 1172250724
a range +38255 +41674 5 4 0.08
a contact +38382 +41949 6 5 1104556321
a range +38382 +41949 6 5 0.08
a contact +38618 +42718 1 3 969732213
a range +38618 +42718 1 3 0.12
a contact +38891 +42850 4 3 1153708951
a range +38891 +42850 4 3 1300.04
a contact +38914 +40214 3 5 1026319895
a range +38914 +40214 3 5 1299.96
a contact +38942 +42175 2 3 996283417
a range +38942 +42175 2 3 0.37
a contact +39039 +42779 3 4 874701348
a range +39039 +42779 3 4 1300.04
a contact +39048 +43084 2 4 1100331484
a range +39048 +43084 2 4 1299.91
a contact +39079 +43020 5 2 1021901689
a range +39079 +43020 5 2 1299.96
a contact +39243 +42561 2 5 858541370
a range +39243 +42561 2 5 1300.0
a contact +39418 +43184 5 6 851330576
a range +39418 +43184 5 6 0.08
a contact +39452 +43413 6 4 1033984779
a range +39452 +43413 6 4 0.03
a contact +39624 +43735 4 6 1142288175
a range +39624 +43735 4 6 0.03
a contact +40013 +43589 2 1 847560214
a range +40013 +43589 2 1 0.12
a contact +40173 +44450 1 2 873042112
a range +40173 +44450 1 2 0.12
a contact +40261 +44181 3 2 1095866891
a range +40261 +44181 3 2 0.37
a contact +40470 +43372 4 5 916499038
a range +40470 +43372 4 5 0.06
a contact +41002 +45134 3 1 916173885
a range +41002 +45134 3 1 0.12
a contact +41618 +44748 4 2 1111972702
a range +41618 +44748 4 2 1299.93
a contact +41718 +45084 5 3 1008803504
a range +41718 +45084 5 3 1299.97
a contact +41745 +44698 5 4 838253634
a range +41745 +44698 5 4 0.07
a contact +42069 +45905 6 5 988823770
a range +42069 +45905 6 5 0.08
a contact +42521 +45698 2 3 947219402
a range +42521 +45698 2 3 0.37
a contact +42893 +47026 2 5 1068161631
a range +42893 +47026 2 5 1300.03
a contact +42907 +46190 1 3 962200499
a range +42907 +46190 1 3 0.12
a contact +42917 +46070 3 4 921341552
a range +42917 +46070 3 4 1300.03
a contact +42951 +45844 4 3 947184828
a range +42951 +45844 4 3 1300.06
a contact +43358 +46492 5 2 1059430030
a range +43358 +46492 5 2 1300.04
a contact +43383 +44683 2 4 820084280
a range +43383 +44683 2 4 1299.94
a contact +43500 +47148 5 6 1059380670
a range +43500 +47148 5 6 0.08
a contact +43520 +46572 4 5 1039806071
a range +43520 +46572 4 5 0.05
a contact +43565 +46781 3 5 848650048
a range +43565 +46781 3 5 1299.99
a contact +43619 +47087 6 4 930817346
a range +43619 +47087 6 4 0.03
a contact +43655 +44955 2 1 1063121736
a range +43655 +44955 2 1 0.12
a contact +43756 +46795 4 6 1139907853
a range +43756 +46795 4 6 0.03
a contact +44478 +47375 3 2 883560423
a range +44478 +47375 3 2 0.37
a contact +44602 +45902 1 2 1106074065
a range +44602 +45902 1 2 0.12
a contact +44839 +48501 5 4 807352724
a range +44839 +48501 5 4 0.06
a contact +45144 +48369 4 2 1136145867
a range +45144 +48369 4 2 1299.99
a contact +45212 +49114 3 1 1066578447
a range +45212 +49114 3 1 0.12
a contact +45218 +48623 5 3 848045427
a range +45218 +48623 5 3 1299.97
a contact +45886 +49210 4 3 1122788029
a range +45886 +49210 4 3 1299.96
a contact +46035 +47335 2 3 1085656474
a range +46035 +47335 2 3 0.37
a contact +46208 +49381 6 5 1096872785
a range +46208 +49381 6 5 0.08
a contact +46345 +49558 3 4 832477771
a range +46345 +49558 3 4 1299.97
a contact +46561 +49992 1 3 871357743
a range +46561 +49992 1 3 0.12
a contact +46747 +49876 4 5 997308827
a range +46747 +49876 4 5 0.05
a contact +46892 +50016 2 4 1195165839
a range +46892 +50016 2 4 1300.08
a contact +46997 +50196 4 6 1034790823
a range +46997 +50196 4 6 0.03
a contact +46998 +50111 5 2 883334663
a range +46998 +50111 5 2 1300.0
a contact +47026 +50422 3 5 947735933
a range +47026 +50422 3 5 1299.98
a contact +47068 +50371 2 5 1134220040
a range +47068 +50371 2 5 1299.97
a contact +47277 +50472 6 4 844406663
a range +47277 +50472 6 4 0.03
a contact +47517 +48817 2 1 1173616528
a range +47517 +48817 2 1 0.12
a contact +47579 +51288 5 6 1027313543
a range +47579 +51288 5 6 0.08
a contact +47897 +49197 3 2 835288044
a range +47897 +49197 3 2 0.37
a contact +48169 +49469 1 2 1153032223
a range +48169 +49469 1 2 0.12
a contact +48542 +52545 4 2 842670053
a range +48542 +52545 4 2 1300.05
a contact +48828 +52832 5 3 808210045
a range +48828 +52832 5 3 1300.01
a contact +48949 +52429 5 4 1076053364
a range +48949 +52429 5 4 0.06
a contact +49333 +53102 4 3 897464200
a range +49333 +53102 4 3 1300.06
a contact +49553 +53866 3 1 920475984
a range +49553 +53866 3 1 0.12
a contact +49679 +53430 2 3 974084105
a range +49679 +53430 2 3 0.37
a contact +49794 +51094 3 4 871354600
a range +49794 +51094 3 4 1300.02
a contact +49956 +53035 6 5 915507572
a range +49956 +53035 6 5 0.08
a contact +50296 +53208 5 2 1186495153
a range +50296 +53208 5 2 1300.0
a contact +50300 +53794 4 5 1066139802
a range +50300 +53794 4 5 0.06
a contact +50319 +51619 2 4 1034929963
a range +50319 +51619 2 4 1300.05
a contact +50429 +54208 1 3 843337780
a range +50429 +54208 1 3 0.12
a contact +50567 +54296 4 6 843730552
a range +50567 +54296 4 6 0.03
a contact +50755 +54673 3 5 944308633
a range +50755 +54673 3 5 1299.98
a contact +50936 +52236 2 5 842460712
a range +50936 +52236 2 5 1300.04
a contact +51021 +54650 6 4 1004822789
a range +51021 +54650 6 4 0.03
a contact +51682 +55034 5 6 962985369
a range +51682 +55034 5 6 0.08
a contact +51756 +53056 2 1 1040265129
a range +51756 +53056 2 1 0.12
a contact +52038 +53338 1 2 1194978818
a range +52038 +53338 1 2 0.12
a contact +52293 +55565 3 2 876728518
a range +52293 +55565 3 2 0.37
a contact +52654 +55998 4 2 860993461
a range +52654 +55998 4 2 1300.02
a contact +52863 +57076 5 4 1091431121
a range +52863 +57076 5 4 0.09
a contact +53273 +56867 5 3 1077064189
a range +53273 +56867 5 3 1299.99
a contact +53387 +56777 5 2 803387062
a range +53387 +56777 5 2 1299.99
a contact +53420 +54720 2 4 1011686493
a range +53420 +54720 2 4 1299.95
a contact +53436 +56536 6 5 1020149458
a range +53436 +56536 6 5 0.08
a contact +53472 +57730 3 4 1035629494
a range +53472 +57730 3 4 1299.96
a contact +53478 +56675 2 3 1006825194
a range +53478 +56675 2 3 0.37
a contact +53561 +57397 4 3 956032926
a range +53561 +57397 4 3 1299.98
a contact +54152 +57846 4 5 1034051555
a range +54152 +57846 4 5 0.1
a contact +54314 +58630 4 6 1196285404
a range +54314 +58630 4 6 0.03
a contact +54423 +57785 3 1 1132069656
a range +54423 +57785 3 1 0.12
a contact +54540 +57616 1 3 842983081
a range +54540 +57616 1 3 0.12
a contact +54888 +58607 3 5 1163745883
a range +54888 +58607 3 5 1300.0
a contact +54890 +59099 6 4 1088737645
a range +54890 +59099 6 4 0.03
a contact +55222 +56522 2 5 902844383
a range +55222 +56522 2 5 1300.02
a contact +55404 +58930 5 6 1060342502
a range +55404 +58930 5 6 0.08
a contact +55481 +59342 2 1 900195326
a range +55481 +59342 2 1 0.12
a contact +55831 +57131 3 2 1109285757
a range +55831 +57131 3 2 0.37
a contact +55926 +59382 1 2 1020466926
a range +55926 +59382 1 2 0.12
a contact +56254 +59307 4 2 968105821
a range +56254 +59307 4 2 1300.03
a contact +56369 +60344 2 4 806914606
a range +56369 +60344 2 4 1299.92
a contact +56692 +60149 6 5 1103791649
a range +56692 +60149 6 5 0.08
a contact +56842 +60877 5 2 942599705
a range +56842 +60877 5 2 1300.0
a contact +56938 +60671 2 3 1046728664
a range +56938 +60671 2 3 0.37
a contact +57045 +60762 5 3 803863271
a range +57045 +60762 5 3 1299.98
a contact +57090 +60572 5 4 1064611379
a range +57090 +60572 5 4 0.06
a contact +57442 +60405 4 3 976746800
a range +57442 +60405 4 3 1299.91
a contact +57635 +61024 1 3 1111542080
a range +57635 +61024 1 3 0.12
a contact +57896 +59196 3 4 878825408
a range +57896 +59196 3 4 1300.01
a contact +57971 +62136 3 1 1189205763
a range +57971 +62136 3 1 0.12
a contact +58245 +62146 4 5 925058629
a range +58245 +62146 4 5 0.07
a contact +58700 +62980 3 5 1036899990
a range +58700 +62980 3 5 1299.96
a contact +58975 +62426 5 6 1018809991
a range +58975 +62426 5 6 0.08
a contact +59052 +62454 4 6 1011922221
a range +59052 +62454 4 6 0.03
a contact +59069 +61996 2 5 1139834693
a range +59069 +61996 2 5 1300.01
a contact +59516 +63215 6 4 1164759894
a range +59516 +63215 6 4 0.03
a contact +59594 +60894 2 1 1128349999
a range +59594 +60894 2 1 0.12
a contact +59673 +62936 4 2 1108780549
a range +59673 +62936 4 2 1300.07
a contact +59795 +61095 1 2 1058052452
a range +59795 +61095 1 2 0.12
a contact +60026 +64274 3 2 949245718
a range +60026 +64274 3 2 0.37
a contact +60256 +63713 6 5 813213986
a range +60256 +63713 6 5 0.08
a contact +60683 +63979 4 3 1005800602
a range +60683 +63979 4 3 1299.98
a contact +60765 +64254 2 4 1125626206
a range +60765 +64254 2 4 1299.97
a contact +60926 +63861 5 4 821596424
a range +60926 +63861 5 4 0.09
a contact +61003 +65306 2 3 1066207605
a range +61003 +65306 2 3 0.37
a contact +61208 +64648 5 3 1192678306
a range +61208 +64648 5 3 1300.02
a contact +61266 +65069 3 4 929616555
a range +61266 +65069 3 4 1300.01
a contact +61343 +64840 5 2 918473452
a range +61343 +64840 5 2 1300.04
a contact +61408 +65629 1 3 1033807355
a range +61408 +65629 1 3 0.12
a contact +62250 +65564 4 5 890070582
a range +62250 +65564 4 5 0.11
a contact +62313 +66435 2 5 1197335673
a range +62313 +66435 2 5 1300.0
a contact +62315 +65406 3 1 879410913
a range +62315 +65406 3 1 0.12
a contact +62579 +66536 5 6 1040447323
a range +62579 +66536 5 6 0.08
a contact +62757 +66961 4 6 958379487
a range +62757 +66961 4 6 0.03
a contact +63102 +67167 3 5 846522009
a range +63102 +67167 3 5 1299.97
a contact +63106 +67084 4 2 1107700336
a range +63106 +67084 4 2 1300.01
a contact +63747 +67961 6 4 924324550
a range +63747 +67961 6 4 0.03
a contact +63849 +67343 2 1 1091413272
a range +63849 +67343 2 1 0.12
a contact +63974 +68273 5 4 911922117
a range +63974 +68273 5 4 0.1
a contact +64047 +65347 1 2 1000277528
a range +64047 +65347 1 2 0.12
a contact +64278 +68478 6 5 1196161456
a range +64278 +68478 6 5 0.08
a contact +64294 +68017 2 4 977586201
a range +64294 +68017 2 4 1299.93
a contact +64411 +68692 4 3 857328839
a range +64411 +68692 4 3 1299.95
a contact +64842 +67753 3 2 1166248609
a range +64842 +67753 3 2 0.37
a contact +65115 +68344 5 3 1097411242
a range +65115 +68344 5 3 1300.0
a contact +65223 +68430 5 2 878200938
a range +65223 +68430 5 2 1300.03
a contact +65396 +69382 2 3 999356296
a range +65396 +69382 2 3 0.37
a contact +65569 +66869 3 4 1192919526
a range +65569 +66869 3 4 1300.07
a contact +65632 +69498 4 5 962740246
a range +65632 +69498 4 5 0.09
a contact +65720 +67020 3 1 1108736921
a range +65720 +67020 3 1 0.12
a contact +65798 +69937 1 3 966087444
a range +65798 +69937 1 3 0.12
a contact +66817 +70183 5 6 815179243
a range +66817 +70183 5 6 0.08
a contact +66833 +69759 2 5 1166794896
a range +66833 +69759 2 5 1300.05
a contact +67170 +71174 4 2 1043098464
a range +67170 +71174 4 2 1300.08
a contact +67400 +71680 4 6 815073849
a range +67400 +71680 4 6 0.03
a contact +67722 +71733 3 5 999522601
a range +67722 +71733 3 5 1300.01
a contact +67899 +69199 2 1 1151396927
a range +67899 +69199 2 1 0.12
a contact +67995 +71526 3 2 1181349498
a range +67995 +71526 3 2 0.37
a contact +68118 +72209 6 4 873102221
a range +68118 +72209 6 4 0.03
a contact +68193 +69493 1 2 884276448
a range +68193 +69493 1 2 0.12
a contact +68282 +72206 5 4 920148210
a range +68282 +72206 5 4 0.06
a contact +68362 +71425 2 4 903888579
a range +68362 +71425 2 4 1299.99
a contact +68713 +72609 5 3 829118075
a range +68713 +72609 5 3 1300.0
a contact +68772 +71700 6 5 992085791
a range +68772 +71700 6 5 0.08
a contact +68824 +72739 5 2 1147458879
a range +68824 +72739 5 2 1300.0
a contact +69091 +72194 4 3 809540317
a range +69091 +72194 4 3 1300.08
a contact +69494 +73713 3 1 910595528
a range +69494 +73713 3 1 0.12
a contact +69549 +72653 2 3 976396944
a range +69549 +72653 2 3 0.37
a contact +69855 +73647 4 5 1140035263
a range +69855 +73647 4 5 0.1
a contact +69941 +73624 1 3 1141584656
a range +69941 +73624 1 3 0.12
a contact +70295 +73341 2 5 1186088806
a range +70295 +73341 2 5 1299.97
a contact +70306 +73997 3 4 828222991
a range +70306 +73997 3 4 1299.97
a contact +70662 +74940 5 6 808526839
a range +70662 +74940 5 6 0.08
a contact +71453 +74992 2 1 949037143
a range +71453 +74992 2 1 0.12
a contact +71502 +75527 4 2 1002492127
a range +71502 +75527 4 2 1299.93
a contact +71723 +74913 4 6 852366483
a range +71723 +74913 4 6 0.03
a contact +71747 +75102 2 4 1194006308
a range +71747 +75102 2 4 1300.07
a contact +71754 +75796 3 5 861797256
a range +71754 +75796 3 5 1299.95
a contact +71794 +75715 3 2 1094973817
a range +71794 +75715 3 2 0.37
a contact +71996 +75450 6 5 860600686
a range +71996 +75450 6 5 0.08
a contact +72024 +73324 1 2 925763602
a range +72024 +73324 1 2 0.12
a contact +72248 +75250 6 4 1116185457
a range +72248 +75250 6 4 0.03
a contact +72290 +76543 4 3 906287600
a range +72290 +76543 4 3 1299.97
a contact +72596 +76131 5 4 1012060167
a range +72596 +76131 5 4 0.07
a contact +72744 +75916 5 3 958482330
a range +72744 +75916 5 3 1300.0
a contact +73029 +76845 2 3 945340887
a range +73029 +76845 2 3 0.37
a contact +73225 +76107 5 2 1154534261
a range +73225 +76107 5 2 1299.96
a contact +73564 +76525 2 5 874045552
a range +73564 +76525 2 5 1299.95
a contact +73948 +77712 1 3 884064753
a range +73948 +77712 1 3 0.12
a contact +74115 +77357 4 5 1007942649
a range +74115 +77357 4 5 0.07
a contact +74210 +78082 3 1 807831776
a range +74210 +78082 3 1 0.12
a contact +74301 +75601 3 4 852690386
a range +74301 +75601 3 4 1299.92
a contact +75044 +78574 5 6 924515029
a range +75044 +78574 5 6 0.08
a contact +75066 +76366 2 1 905507928
a range +75066 +76366 2 1 0.12
a contact +75206 +78088 1 2 916833367
a range +75206 +78088 1 2 0.12
a contact +75292 +78202 4 6 1165576033
a range +75292 +78202 4 6 0.03
a contact +75527 +79749 4 2 924669938
a range +75527 +79749 4 2 1299.94
a contact +75533 +79344 6 4 934498260
a range +75533 +79344 6 4 0.03
a contact +75789 +78910 3 2 1123433759
a range +75789 +78910 3 2 0.37
a contact +76222 +79467 3 5 1081939568
a range +76222 +79467 3 5 1299.97
a contact +78192 +81446 3 1 1087396209
a range +78192 +81446 3 1 0.12
