m horizon +0
a contact +32 +4256 6 5 1081068458
a range +32 +4256 6 5 0.13
a contact +635 +3726 4 5 1057300741
a range +635 +3726 4 5 0.13
a contact +781 +4097 5 6 940178463
a range +781 +4097 5 6 0.13
a contact +796 +3760 6 5 1088078986
a range +796 +3760 6 5 0.13
a contact +1009 +5224 4 3 971665162
a range +1009 +5224 4 3 904.01
a contact +1554 +4696 3 1 849189508
a range +1554 +4696 3 1 0.12
a contact +1650 +5303 2 5 1133764706
a range +1650 +5303 2 5 985.61
a contact +1898 +4917 5 2 924536841
a range +1898 +4917 5 2 802.36
a contact +1954 +5053 2 5 1139786135
a range +1954 +5053 2 5 653.89
a contact +2038 +5780 5 4 965684119
a range +2038 +5780 5 4 0.13
a contact +2147 +5094 3 5 1165157918
a range +2147 +5094 3 5 889.69
a contact +2325 +5955 3 2 1003348759
a range +2325 +5955 3 2 0.12
a contact +2329 +5931 6 5 960442103
a range +2329 +5931 6 5 0.13
a contact +2636 +5745 2 5 1027652006
a range +2636 +5745 2 5 1153.15
a contact +2844 +6556 3 1 1056456231
a range +2844 +6556 3 1 0.12
a contact +2969 +7187 6 4 1129538400
a range +2969 +7187 6 4 0.13
a contact +2986 +6051 1 3 864270132
a range +2986 +6051 1 3 0.12
a contact +3064 +6832 3 5 1006425832
a range +3064 +6832 3 5 1046.89
a contact +3107 +5597 2 4 1130454461
a range +3107 +5597 2 4 649.22
a contact +3141 +6197 2 1 1115503094
a range +3141 +6197 2 1 0.12
a contact +3280 +6829 4 6 1160373506
a range +3280 +6829 4 6 0.13
a contact +3383 +6645 3 4 1124345820
a range +3383 +6645 3 4 804.98
a contact +3481 +7206 6 4 1116232993
a range +3481 +7206 6 4 0.13
a contact +4282 +7641 3 1 1194522519
a range +4282 +7641 3 1 0.12
a contact +4942 +8340 4 6 962085772
a range +4942 +8340 4 6 0.13
a contact +5123 +8946 2 5 932662768
a range +5123 +8946 2 5 874.92
a contact +5676 +8657 1 3 1063618267
a range +5676 +8657 1 3 0.12
a contact +5749 +8635 5 2 960214447
a range +5749 +8635 5 2 1139.17
a contact +5906 +9903 3 1 1137601353
a range +5906 +9903 3 1 0.12
a contact +6124 +9475 4 5 935105270
a range +6124 +9475 4 5 0.13
a contact +6296 +9359 4 3 842336282
a range +6296 +9359 4 3 931.87
a contact +6471 +10364 3 5 1070126763
a range +6471 +10364 3 5 984.65
a contact +6557 +9780 6 4 930353625
a range +6557 +9780 6 4 0.13
a contact +6628 +10508 2 4 1118685582
a range +6628 +10508 2 4 657.57
a contact +6887 +10346 5 4 992984733
a range +6887 +10346 5 4 0.13
a contact +6987 +9542 3 1 1038476675
a range +6987 +9542 3 1 0.12
a contact +7191 +10104 2 4 942303913
a range +7191 +10104 2 4 655.85
a contact +7651 +11544 2 3 1131682628
a range +7651 +11544 2 3 0.12
a contact +7683 +11045 4 6 949811892
a range +7683 +11045 4 6 0.13
a contact +7952 +10845 1 3 923479388
a range +7952 +10845 1 3 0.12
a contact +8330 +11935 5 6 898082775
a range +8330 +11935 5 6 0.13
a contact +8392 +12634 4 3 1005334609
a range +8392 +12634 4 3 663.32
a contact +8735 +12064 5 4 1132484505
a range +8735 +12064 5 4 0.13
a contact +8810 +12649 4 6 1178518870
a range +8810 +12649 4 6 0.13
a contact +9117 +13190 3 2 1168732543
a range +9117 +13190 3 2 0.12
a contact +9235 +13387 3 1 1023450428
a range +9235 +13387 3 1 0.12
a contact +9633 +13923 2 5 1167775512
a range +9633 +13923 2 5 659.49
a contact +9937 +13825 4 3 1044219667
a range +9937 +13825 4 3 939.14
a contact +10175 +13245 4 3 1186665405
a range +10175 +13245 4 3 1093.8
a contact +10392 +14273 5 2 1175649246
a range +10392 +14273 5 2 555.67
a contact +10547 +13803 2 3 885718771
a range +10547 +13803 2 3 0.12
a contact +10783 +14435 5 6 942087699
a range +10783 +14435 5 6 0.13
a contact +10804 +14183 4 5 924357671
a range +10804 +14183 4 5 0.13
a contact +11059 +14640 4 5 1175579549
a range +11059 +14640 4 5 0.13
a contact +11161 +15247 3 4 906210997
a range +11161 +15247 3 4 1124.49
a contact +11370 +14427 4 2 1187864762
a range +11370 +14427 4 2 647.48
a contact +11961 +15270 3 2 847469004
a range +11961 +15270 3 2 0.12
a contact +12287 +15988 2 4 907887896
a range +12287 +15988 2 4 546.45
a contact +12566 +15753 2 3 1095127086
a range +12566 +15753 2 3 0.12
a contact +12637 +16801 3 5 897733470
a range +12637 +16801 3 5 681.22
a contact +12756 +15454 2 4 1112084657
a range +12756 +15454 2 4 758.7
a contact +12845 +16451 2 5 822024154
a range +12845 +16451 2 5 854.78
a contact +12935 +17004 3 4 1170875271
a range +12935 +17004 3 4 1056.34
a contact +13091 +16525 4 2 879515860
a range +13091 +16525 4 2 628.43
a contact +13202 +17348 5 3 948292921
a range +13202 +17348 5 3 1161.75
a contact +13383 +17230 2 3 1180178229
a range +13383 +17230 2 3 0.12
a contact +13778 +16674 2 4 897642539
a range +13778 +16674 2 4 624.65
a contact +13923 +17282 3 1 1071122240
a range +13923 +17282 3 1 0.12
a contact +14252 +17834 1 3 1037903810
a range +14252 +17834 1 3 0.12
a contact +14414 +18073 4 2 816505183
a range +14414 +18073 4 2 887.46
a contact +14882 +18053 1 3 889907588
a range +14882 +18053 1 3 0.12
a contact +15196 +19032 4 3 1195004774
a range +15196 +19032 4 3 841.42
a contact +15354 +18963 2 5 977225885
a range +15354 +18963 2 5 1097.22
a contact +15556 +19157 3 1 872863552
a range +15556 +19157 3 1 0.12
a contact +15711 +19403 2 1 895549873
a range +15711 +19403 2 1 0.12
a contact +16088 +19936 2 3 1096294736
a range +16088 +19936 2 3 0.12
a contact +16356 +19808 6 5 986143074
a range +16356 +19808 6 5 0.13
a contact +16597 +20602 5 3 1019892374
a range +16597 +20602 5 3 788.36
a contact +16598 +20823 2 1 1195423958
a range +16598 +20823 2 1 0.12
a contact +16709 +19888 4 2 1035789060
a range +16709 +19888 4 2 1083.39
a contact +16728 +20704 2 3 999994508
a range +16728 +20704 2 3 0.12
a contact +16838 +20793 3 2 882308181
a range +16838 +20793 3 2 0.12
a contact +16876 +19422 3 4 871656705
a range +16876 +19422 3 4 818.24
a contact +17565 +21427 1 2 925431308
a range +17565 +21427 1 2 0.12
a contact +17573 +20936 1 3 822199782
a range +17573 +20936 1 3 0.12
a contact +17624 +21549 5 3 1042746138
a range +17624 +21549 5 3 570.24
a contact +17665 +20616 1 2 894857878
a range +17665 +20616 1 2 0.12
a contact +17676 +21632 4 3 1025066318
a range +17676 +21632 4 3 1090.23
a contact +17951 +21801 3 1 1177979529
a range +17951 +21801 3 1 0.12
a contact +18027 +20961 2 4 830657540
a range +18027 +20961 2 4 1120.23
a contact +18132 +21651 2 3 967260422
a range +18132 +21651 2 3 0.12
a contact +18389 +22585 6 4 800818300
a range +18389 +22585 6 4 0.13
a contact +19124 +23174 4 2 1186962903
a range +19124 +23174 4 2 791.33
a contact +19221 +22781 1 3 1010817122
a range +19221 +22781 1 3 0.12
a contact +19438 +22868 5 3 987161916
a range +19438 +22868 5 3 777.58
a contact +19488 +22853 1 3 1054553659
a range +19488 +22853 1 3 0.12
a contact +19568 +23706 4 5 851436796
a range +19568 +23706 4 5 0.13
a contact +19743 +22686 3 4 1106388441
a range +19743 +22686 3 4 745.47
a contact +19909 +24101 4 2 1107657878
a range +19909 +24101 4 2 981.1
a contact +19973 +23295 2 5 936368067
a range +19973 +23295 2 5 1027.95
a contact +19977 +22925 5 2 997785531
a range +19977 +22925 5 2 977.93
a contact +20016 +23840 5 2 1156189084
a range +20016 +23840 5 2 750.31
a contact +20155 +22964 3 1 846992691
a range +20155 +22964 3 1 0.12
a contact +20175 +23484 6 4 989995366
a range +20175 +23484 6 4 0.13
a contact +20390 +23645 2 1 886434869
a range +20390 +23645 2 1 0.12
a contact +20735 +24756 5 6 1080489424
a range +20735 +24756 5 6 0.13
a contact +20750 +23984 4 6 1145673306
a range +20750 +23984 4 6 0.13
a contact +21353 +24471 4 5 1165445615
a range +21353 +24471 4 5 0.13
a contact +21395 +25371 3 2 853050412
a range +21395 +25371 3 2 0.12
a contact +21425 +25493 1 2 1194692282
a range +21425 +25493 1 2 0.12
a contact +21628 +25211 4 5 1143202924
a range +21628 +25211 4 5 0.13
a contact +21686 +24994 5 3 960905065
a range +21686 +24994 5 3 566.94
a contact +21763 +26039 3 2 804524096
a range +21763 +26039 3 2 0.12
a contact +21797 +25118 1 2 979446676
a range +21797 +25118 1 2 0.12
a contact +21872 +24784 1 3 802435407
a range +21872 +24784 1 3 0.12
a contact +22569 +25801 3 1 1074318410
a range +22569 +25801 3 1 0.12
a contact +22795 +26673 3 5 977465522
a range +22795 +26673 3 5 507.06
a contact +23233 +27193 5 2 1169065422
a range +23233 +27193 5 2 828.07
a contact +23465 +27085 4 5 1060675431
a range +23465 +27085 4 5 0.13
a contact +23470 +27128 2 5 914524630
a range +23470 +27128 2 5 1123.76
a contact +23512 +26762 3 1 945258932
a range +23512 +26762 3 1 0.12
a contact +24095 +27195 3 1 1177723411
a range +24095 +27195 3 1 0.12
a contact +24249 +27779 1 3 982620431
a range +24249 +27779 1 3 0.12
a contact +24362 +27652 4 2 992180908
a range +24362 +27652 4 2 1067.11
a contact +24532 +28198 2 4 811455348
a range +24532 +28198 2 4 810.18
a contact +24575 +27561 5 4 840953329
a range +24575 +27561 5 4 0.13
a contact +24680 +28934 5 4 916648443
a range +24680 +28934 5 4 0.13
a contact +24820 +28493 4 3 1083014887
a range +24820 +28493 4 3 631.69
a contact +24958 +29049 3 2 840904634
a range +24958 +29049 3 2 0.12
a contact +25056 +28616 5 6 917128560
a range +25056 +28616 5 6 0.13
a contact +25138 +29327 6 5 959578293
a range +25138 +29327 6 5 0.13
a contact +25144 +28485 5 3 1097109048
a range +25144 +28485 5 3 520.51
a contact +25356 +29669 1 2 876235254
a range +25356 +29669 1 2 0.12
a contact +25460 +28388 3 5 860510082
a range +25460 +28388 3 5 974.38
a contact +25707 +29779 4 6 1125941128
a range +25707 +29779 4 6 0.13
a contact +25944 +29906 5 2 812051122
a range +25944 +29906 5 2 653.44
a contact +25994 +29015 2 5 851117262
a range +25994 +29015 2 5 1088.49
a contact +26011 +29205 6 5 914702851
a range +26011 +29205 6 5 0.13
a contact +26378 +30018 6 4 1009293533
a range +26378 +30018 6 4 0.13
a contact +26406 +29335 1 3 851738078
a range +26406 +29335 1 3 0.12
a contact +26492 +30038 3 2 969297082
a range +26492 +30038 3 2 0.12
a contact +27632 +31485 3 2 1052577599
a range +27632 +31485 3 2 0.12
a contact +27699 +30684 2 5 981018551
a range +27699 +30684 2 5 539.78
a contact +27801 +31962 4 2 1091788208
a range +27801 +31962 4 2 585.83
a contact +27814 +31005 5 6 1167485016
a range +27814 +31005 5 6 0.13
a contact +28272 +32086 3 2 1048513915
a range +28272 +32086 3 2 0.12
a contact +28442 +32529 6 5 935287633
a range +28442 +32529 6 5 0.13
a contact +28848 +32886 5 3 938216511
a range +28848 +32886 5 3 705.94
a contact +28897 +32211 2 1 871253458
a range +28897 +32211 2 1 0.12
a contact +28972 +32446 1 2 1010880199
a range +28972 +32446 1 2 0.12
a contact +29277 +33270 2 5 1175248573
a range +29277 +33270 2 5 691.13
a contact +29606 +32623 2 3 1088436107
a range +29606 +32623 2 3 0.12
a contact +29642 +32528 3 4 1084380320
a range +29642 +32528 3 4 1102.94
a contact +29901 +33180 4 2 1129690056
a range +29901 +33180 4 2 519.01
a contact +29916 +32838 6 5 1180844579
a range +29916 +32838 6 5 0.13
a contact +29920 +33340 2 1 1118321086
a range +29920 +33340 2 1 0.12
a contact +30108 +33077 6 4 928429071
a range +30108 +33077 6 4 0.13
a contact +30498 +34751 1 2 886038261
a range +30498 +34751 1 2 0.12
a contact +30860 +34359 3 4 934427841
a range +30860 +34359 3 4 923.91
a contact +30894 +35144 2 1 948541868
a range +30894 +35144 2 1 0.12
a contact +31008 +34281 3 2 1104835109
a range +31008 +34281 3 2 0.12
a contact +31055 +34946 3 2 946385802
a range +31055 +34946 3 2 0.12
a contact +31121 +35082 1 2 1027036265
a range +31121 +35082 1 2 0.12
a contact +31481 +34792 4 3 1054500290
a range +31481 +34792 4 3 1150.29
a contact +32044 +35347 4 3 863917308
a range +32044 +35347 4 3 1058.08
a contact +32484 +35521 3 5 997567819
a range +32484 +35521 3 5 505.1
a contact +32487 +36401 4 2 946404195
a range +32487 +36401 4 2 860.63
a contact +32552 +36125 2 1 1007724390
a range +32552 +36125 2 1 0.12
a contact +32584 +36186 3 1 983383809
a range +32584 +36186 3 1 0.12
a contact +32850 +36368 2 1 993319412
a range +32850 +36368 2 1 0.12
a contact +32913 +36515 5 4 948248007
a range +32913 +36515 5 4 0.13
a contact +33172 +36926 1 2 1150967736
a range +33172 +36926 1 2 0.12
a contact +33461 +37163 1 2 1099074080
a range +33461 +37163 1 2 0.12
a contact +33985 +36734 1 2 991566787
a range +33985 +36734 1 2 0.12
a contact +34137 +38054 4 2 1062084227
a range +34137 +38054 4 2 1130.85
a contact +34686 +38300 5 4 1120450553
a range +34686 +38300 5 4 0.13
a contact +34757 +37756 4 6 1002206069
a range +34757 +37756 4 6 0.13
a contact +34830 +39128 3 2 1004316691
a range +34830 +39128 3 2 0.12
a contact +34860 +38795 4 6 995418980
a range +34860 +38795 4 6 0.13
a contact +34911 +39174 2 1 816427477
a range +34911 +39174 2 1 0.12
a contact +35107 +38307 3 4 1191888436
a range +35107 +38307 3 4 801.84
a contact +35490 +39803 4 3 810152751
a range +35490 +39803 4 3 721.05
a contact +35736 +39679 3 2 963143718
a range +35736 +39679 3 2 0.12
a contact +36046 +39325 2 5 852855805
a range +36046 +39325 2 5 954.02
a contact +36223 +40398 5 4 1149705232
a range +36223 +40398 5 4 0.13
a contact +36439 +40731 4 2 831389456
a range +36439 +40731 4 2 814.74
a contact +36815 +40541 2 4 933954006
a range +36815 +40541 2 4 856.96
a contact +36931 +40340 5 3 895753440
a range +36931 +40340 5 3 873.58
a contact +37200 +40995 6 5 1160616065
a range +37200 +40995 6 5 0.13
a contact +37434 +40460 2 4 902584282
a range +37434 +40460 2 4 858.74
a contact +37588 +40536 1 3 1083462084
a range +37588 +40536 1 3 0.12
a contact +37862 +42177 3 4 1047102844
a range +37862 +42177 3 4 920.8
a contact +38430 +41737 6 4 891204492
a range +38430 +41737 6 4 0.13
a contact +38443 +41707 4 5 1114783411
a range +38443 +41707 4 5 0.13
a contact +38608 +41705 1 3 963551195
a range +38608 +41705 1 3 0.12
a contact +38832 +42759 1 2 1156203255
a range +38832 +42759 1 2 0.12
a contact +39492 +43582 6 4 879914665
a range +39492 +43582 6 4 0.13
a contact +39587 +43793 2 3 840671982
a range +39587 +43793 2 3 0.12
a contact +39620 +43358 4 6 920095634
a range +39620 +43358 4 6 0.13
a contact +39625 +42750 1 3 838401267
a range +39625 +42750 1 3 0.12
a contact +40060 +43686 1 3 1175456868
a range +40060 +43686 1 3 0.12
a contact +40190 +43566 6 4 872668153
a range +40190 +43566 6 4 0.13
a contact +40577 +44561 2 3 1081975298
a range +40577 +44561 2 3 0.12
a contact +40697 +44237 5 2 1110982545
a range +40697 +44237 5 2 727.59
a contact +40745 +43731 1 3 1084297646
a range +40745 +43731 1 3 0.12
a contact +40792 +44746 3 5 877386340
a range +40792 +44746 3 5 986.7
a contact +40869 +44171 4 6 991289969
a range +40869 +44171 4 6 0.13
a contact +41089 +44002 1 2 1011946141
a range +41089 +44002 1 2 0.12
a contact +41556 +45380 1 3 1142466268
a range +41556 +45380 1 3 0.12
a contact +41703 +45360 2 1 933172903
a range +41703 +45360 2 1 0.12
a contact +41751 +45187 4 2 867307527
a range +41751 +45187 4 2 749.86
a contact +42080 +46219 3 2 1054963531
a range +42080 +46219 3 2 0.12
a contact +42081 +45850 1 2 955948595
a range +42081 +45850 1 2 0.12
a contact +42100 +45681 3 4 1043383598
a range +42100 +45681 3 4 1137.41
a contact +42128 +45213 3 4 1074163903
a range +42128 +45213 3 4 1014.96
a contact +42460 +46527 4 6 894797376
a range +42460 +46527 4 6 0.13
a contact +42605 +46706 3 5 908908917
a range +42605 +46706 3 5 593.44
a contact +42661 +46667 4 3 1185379851
a range +42661 +46667 4 3 792.12
a contact +42668 +45573 1 3 900106892
a range +42668 +45573 1 3 0.12
a contact +43039 +46685 2 1 906706549
a range +43039 +46685 2 1 0.12
a contact +43080 +46442 3 5 1052708757
a range +43080 +46442 3 5 675.08
a contact +43119 +46475 6 5 1028716152
a range +43119 +46475 6 5 0.13
a contact +43516 +46832 4 2 1090848483
a range +43516 +46832 4 2 809.03
a contact +43655 +47585 5 4 968759781
a range +43655 +47585 5 4 0.13
a contact +43713 +47057 5 4 1075140681
a range +43713 +47057 5 4 0.13
a contact +43883 +48158 4 6 1028411912
a range +43883 +48158 4 6 0.13
a contact +44174 +47241 3 4 1198364179
a range +44174 +47241 3 4 822.86
a contact +44573 +48531 6 5 944807494
a range +44573 +48531 6 5 0.13
a contact +45009 +48999 5 6 1077990682
a range +45009 +48999 5 6 0.13
a contact +45383 +47960 3 4 800084804
a range +45383 +47960 3 4 941.66
a contact +45561 +49709 3 5 930905404
a range +45561 +49709 3 5 1171.65
a contact +45656 +48717 6 5 1177989301
a range +45656 +48717 6 5 0.13
a contact +45879 +48811 5 3 947420961
a range +45879 +48811 5 3 616.7
a contact +45924 +49761 5 6 1002791678
a range +45924 +49761 5 6 0.13
a contact +45927 +49911 2 1 1151366250
a range +45927 +49911 2 1 0.12
a contact +45968 +49638 5 2 1058356005
a range +45968 +49638 5 2 1037.49
a contact +46372 +50473 6 5 991836681
a range +46372 +50473 6 5 0.13
a contact +46432 +49462 6 4 870488177
a range +46432 +49462 6 4 0.13
a contact +46481 +50322 4 3 971878557
a range +46481 +50322 4 3 707.96
a contact +46857 +50356 6 4 914906343
a range +46857 +50356 6 4 0.13
a contact +46929 +51018 5 6 1023540460
a range +46929 +51018 5 6 0.13
a contact +47080 +51004 5 6 1132475899
a range +47080 +51004 5 6 0.13
a contact +47083 +50358 5 4 968346375
a range +47083 +50358 5 4 0.13
a contact +47097 +50395 3 4 1099262836
a range +47097 +50395 3 4 505.72
a contact +47289 +51314 3 5 1050313078
a range +47289 +51314 3 5 819.14
a contact +47447 +51112 5 6 1159179358
a range +47447 +51112 5 6 0.13
a contact +47492 +51244 3 2 1016767703
a range +47492 +51244 3 2 0.12
a contact +47500 +51621 5 3 911849030
a range +47500 +51621 5 3 1135.33
a contact +47754 +51297 6 4 1131190020
a range +47754 +51297 6 4 0.13
a contact +47800 +51944 4 6 1191503162
a range +47800 +51944 4 6 0.13
a contact +47919 +51052 5 2 956501939
a range +47919 +51052 5 2 981.73
a contact +47962 +52047 6 5 884138859
a range +47962 +52047 6 5 0.13
a contact +48020 +52212 5 3 958259787
a range +48020 +52212 5 3 932.85
a contact +48052 +51958 2 4 1054247775
a range +48052 +51958 2 4 1076.02
a contact +48162 +52267 4 3 969238792
a range +48162 +52267 4 3 710.93
a contact +48174 +51063 3 5 910747866
a range +48174 +51063 3 5 583.6
a contact +48190 +51578 3 4 1182839533
a range +48190 +51578 3 4 887.76
a contact +48202 +52332 1 2 850020774
a range +48202 +52332 1 2 0.12
a contact +48280 +51559 6 5 834647827
a range +48280 +51559 6 5 0.13
a contact +48695 +52568 2 4 925704941
a range +48695 +52568 2 4 1070.66
a contact +48891 +53069 6 4 1142073820
a range +48891 +53069 6 4 0.13
a contact +48947 +51982 2 3 1001303039
a range +48947 +51982 2 3 0.12
a contact +49103 +52491 4 5 883065272
a range +49103 +52491 4 5 0.13
a contact +49142 +53307 5 6 1196575480
a range +49142 +53307 5 6 0.13
a contact +49502 +52466 6 5 1006735392
a range +49502 +52466 6 5 0.13
a contact +49660 +53360 6 4 1185383822
a range +49660 +53360 6 4 0.13
a contact +49719 +52683 2 3 972985213
a range +49719 +52683 2 3 0.12
a contact +49790 +53321 1 2 1119052398
a range +49790 +53321 1 2 0.12
a contact +49965 +52970 4 3 837695639
a range +49965 +52970 4 3 1123.59
a contact +49982 +53834 3 4 1111151293
a range +49982 +53834 3 4 793.07
a contact +50207 +53843 2 5 1195283482
a range +50207 +53843 2 5 517.02
a contact +50949 +54768 4 5 881534505
a range +50949 +54768 4 5 0.13
a contact +51099 +54739 3 1 1034990003
a range +51099 +54739 3 1 0.12
a contact +51116 +54917 2 1 810668466
a range +51116 +54917 2 1 0.12
a contact +51279 +55142 2 3 1021187040
a range +51279 +55142 2 3 0.12
a contact +51702 +55507 2 3 1104965607
a range +51702 +55507 2 3 0.12
a contact +51826 +55943 5 6 1067278723
a range +51826 +55943 5 6 0.13
a contact +51864 +55597 2 4 847646171
a range +51864 +55597 2 4 532.83
a contact +52125 +55815 4 5 806914621
a range +52125 +55815 4 5 0.13
a contact +52484 +55952 3 1 1172100214
a range +52484 +55952 3 1 0.12
a contact +52540 +55440 3 1 1048170529
a range +52540 +55440 3 1 0.12
a contact +52659 +56116 3 5 927656630
a range +52659 +56116 3 5 754.43
a contact +52902 +56033 2 4 897213248
a range +52902 +56033 2 4 721.64
a contact +53307 +57576 4 5 1060542275
a range +53307 +57576 4 5 0.13
a contact +53586 +56679 5 4 1192229692
a range +53586 +56679 5 4 0.13
a contact +54119 +57526 5 4 968600511
a range +54119 +57526 5 4 0.13
a contact +54228 +57851 4 2 1182750708
a range +54228 +57851 4 2 1035.96
a contact +54515 +57359 1 2 1050656081
a range +54515 +57359 1 2 0.12
a contact +55088 +59069 6 5 932272557
a range +55088 +59069 6 5 0.13
a contact +55729 +59765 2 4 1001903589
a range +55729 +59765 2 4 547.63
a contact +55889 +59228 4 2 1016285457
a range +55889 +59228 4 2 990.6
a contact +55975 +59033 3 4 860453633
a range +55975 +59033 3 4 696.89
a contact +56119 +59932 5 2 848974317
a range +56119 +59932 5 2 605.4
a contact +56129 +59908 4 5 973292757
a range +56129 +59908 4 5 0.13
a contact +56244 +59300 5 2 946600672
a range +56244 +59300 5 2 1173.36
a contact +56334 +60285 4 5 946460948
a range +56334 +60285 4 5 0.13
a contact +56346 +60256 6 4 1117679760
a range +56346 +60256 6 4 0.13
a contact +56373 +59447 6 4 849995135
a range +56373 +59447 6 4 0.13
a contact +56422 +59914 6 4 1106856814
a range +56422 +59914 6 4 0.13
a contact +56650 +60276 3 5 1144606425
a range +56650 +60276 3 5 1122.61
a contact +56807 +60704 6 5 1184128101
a range +56807 +60704 6 5 0.13
a contact +56809 +60238 4 3 1099274710
a range +56809 +60238 4 3 892.56
a contact +57000 +59880 5 2 985092740
a range +57000 +59880 5 2 1141.28
a contact +57064 +61151 5 4 863756061
a range +57064 +61151 5 4 0.13
a contact +57157 +60800 5 4 1069223863
a range +57157 +60800 5 4 0.13
a contact +57966 +62112 1 3 1079960782
a range +57966 +62112 1 3 0.12
a contact +58712 +61764 5 6 1107291979
a range +58712 +61764 5 6 0.13
a contact +58961 +61837 2 5 942452559
a range +58961 +61837 2 5 1113.37
a contact +59544 +63778 3 5 952080057
a range +59544 +63778 3 5 1041.41
a contact +59711 +62736 5 2 1038192318
a range +59711 +62736 5 2 698.8
a contact +59741 +63987 3 2 961035073
a range +59741 +63987 3 2 0.12
a contact +59830 +63424 3 2 1075053329
a range +59830 +63424 3 2 0.12
a contact +59910 +63290 3 5 907426724
a range +59910 +63290 3 5 649.94
a contact +60081 +63061 2 4 1101548922
a range +60081 +63061 2 4 1162.64
a contact +60084 +63671 5 2 1111809685
a range +60084 +63671 5 2 613.88
a contact +60336 +64277 2 4 966913930
a range +60336 +64277 2 4 815.75
a contact +60801 +64524 3 2 1139687251
a range +60801 +64524 3 2 0.12
a contact +60935 +63823 3 4 825004875
a range +60935 +63823 3 4 640.36
a contact +61007 +64734 2 1 1141997034
a range +61007 +64734 2 1 0.12
a contact +61129 +64885 2 1 983003798
a range +61129 +64885 2 1 0.12
a contact +61181 +64280 5 6 918810658
a range +61181 +64280 5 6 0.13
a contact +61364 +65038 2 3 954865183
a range +61364 +65038 2 3 0.12
a contact +61864 +65143 3 5 1040836191
a range +61864 +65143 3 5 1173.94
a contact +61892 +64932 2 3 1184806255
a range +61892 +64932 2 3 0.12
a contact +61956 +65383 3 1 1077483588
a range +61956 +65383 3 1 0.12
a contact +61957 +66163 3 1 975502200
a range +61957 +66163 3 1 0.12
a contact +61977 +65271 5 3 893915120
a range +61977 +65271 5 3 627.84
a contact +62148 +65184 2 4 926033849
a range +62148 +65184 2 4 819.49
a contact +62204 +66144 5 3 818550160
a range +62204 +66144 5 3 631.52
a contact +62558 +65552 5 6 1052504407
a range +62558 +65552 5 6 0.13
a contact +62669 +66703 5 2 1067857081
a range +62669 +66703 5 2 1092.15
a contact +62992 +67290 1 3 1071712122
a range +62992 +67290 1 3 0.12
a contact +63242 +66256 4 6 1188651241
a range +63242 +66256 4 6 0.13
a contact +63354 +66834 5 6 1154764155
a range +63354 +66834 5 6 0.13
a contact +63698 +67004 5 3 827714246
a range +63698 +67004 5 3 743.36
a contact +63702 +67061 4 5 936026236
a range +63702 +67061 4 5 0.13
a contact +63915 +67756 2 1 954962184
a range +63915 +67756 2 1 0.12
a contact +63976 +67154 1 2 881696998
a range +63976 +67154 1 2 0.12
a contact +64227 +68001 2 1 1155261679
a range +64227 +68001 2 1 0.12
a contact +64371 +68169 6 4 851491937
a range +64371 +68169 6 4 0.13
a contact +64596 +68883 6 4 1189343109
a range +64596 +68883 6 4 0.13
a contact +64736 +69026 5 2 1193785056
a range +64736 +69026 5 2 814.12
a contact +64743 +68411 4 6 905333249
a range +64743 +68411 4 6 0.13
a contact +64828 +68690 2 5 1131114711
a range +64828 +68690 2 5 930.23
a contact +64921 +68486 4 2 1007302268
a range +64921 +68486 4 2 869.4
a contact +65693 +68304 3 2 899304100
a range +65693 +68304 3 2 0.12
a contact +66135 +69848 4 5 1079246016
a range +66135 +69848 4 5 0.13
a contact +66467 +69919 2 5 960465143
a range +66467 +69919 2 5 1001.59
a contact +66768 +70610 4 3 1067571074
a range +66768 +70610 4 3 1082.89
a contact +66775 +70186 3 5 918444036
a range +66775 +70186 3 5 590.56
a contact +66785 +70049 4 2 927738126
a range +66785 +70049 4 2 1132.74
a contact +67155 +70483 2 4 1003094068
a range +67155 +70483 2 4 704.18
a contact +67195 +70308 2 1 845617256
a range +67195 +70308 2 1 0.12
a contact +67606 +70920 5 2 1062984122
a range +67606 +70920 5 2 943.37
a contact +67702 +71220 5 4 1090908338
a range +67702 +71220 5 4 0.13
a contact +67708 +71424 3 5 837071102
a range +67708 +71424 3 5 891.87
a contact +67739 +70973 5 4 1182518642
a range +67739 +70973 5 4 0.13
a contact +67772 +70654 3 5 1028025025
a range +67772 +70654 3 5 814.96
a contact +67861 +70808 4 5 956864288
a range +67861 +70808 4 5 0.13
a contact +67864 +71562 2 4 824098221
a range +67864 +71562 2 4 1131.71
a contact +68137 +72188 5 2 988479085
a range +68137 +72188 5 2 783.86
a contact +68347 +71964 4 2 1072302177
a range +68347 +71964 4 2 631.08
a contact +68581 +71503 5 2 828177148
a range +68581 +71503 5 2 1012.85
a contact +68748 +72243 1 3 1185920016
a range +68748 +72243 1 3 0.12
a contact +68862 +72442 2 5 956581023
a range +68862 +72442 2 5 1031.33
a contact +68906 +72411 4 5 873984568
a range +68906 +72411 4 5 0.13
a contact +68981 +71951 5 6 1012282465
a range +68981 +71951 5 6 0.13
a contact +69177 +72172 5 3 802696225
a range +69177 +72172 5 3 686.17
a contact +69199 +72578 2 1 932785209
a range +69199 +72578 2 1 0.12
a contact +69242 +72445 4 5 1033095166
a range +69242 +72445 4 5 0.13
a contact +69611 +72670 4 6 1008676820
a range +69611 +72670 4 6 0.13
a contact +69844 +72773 4 3 826709152
a range +69844 +72773 4 3 977.77
a contact +70273 +73567 4 2 872064247
a range +70273 +73567 4 2 635.45
a contact +70575 +74619 6 5 1078354078
a range +70575 +74619 6 5 0.13
a contact +71161 +75445 4 2 1168347411
a range +71161 +75445 4 2 931.97
a contact +71207 +74282 4 5 1078343385
a range +71207 +74282 4 5 0.13
a contact +71397 +75611 4 5 991249274
a range +71397 +75611 4 5 0.13
a contact +71413 +74763 5 3 1091128570
a range +71413 +74763 5 3 818.79
a contact +71705 +75685 5 2 804113362
a range +71705 +75685 5 2 1034.05
a contact +71721 +75122 3 4 957219137
a range +71721 +75122 3 4 1005.13
a contact +71730 +76019 5 4 822943323
a range +71730 +76019 5 4 0.13
a contact +71787 +74907 5 4 1067615817
a range +71787 +74907 5 4 0.13
a contact +71874 +75780 4 5 994046203
a range +71874 +75780 4 5 0.13
a contact +71990 +75251 5 3 1181628981
a range +71990 +75251 5 3 1106.56
a contact +72440 +76593 2 3 927012614
a range +72440 +76593 2 3 0.12
a contact +72715 +76498 2 4 951251786
a range +72715 +76498 2 4 992.04
a contact +73349 +76350 5 3 887281004
a range +73349 +76350 5 3 673.29
a contact +73403 +76715 2 4 1111030783
a range +73403 +76715 2 4 600.48
a contact +73503 +77178 4 3 900205229
a range +73503 +77178 4 3 1172.83
a contact +73901 +76772 2 3 1064740824
a range +73901 +76772 2 3 0.12
a contact +74292 +77575 2 3 1097709325
a range +74292 +77575 2 3 0.12
a contact +74296 +77982 2 5 899066115
a range +74296 +77982 2 5 1094.5
a contact +74350 +78604 1 2 1053033133
a range +74350 +78604 1 2 0.12
a contact +74875 +79165 5 4 823856966
a range +74875 +79165 5 4 0.13
a contact +75041 +78020 6 5 892586712
a range +75041 +78020 6 5 0.13
a contact +75332 +79127 4 6 1188752262
a range +75332 +79127 4 6 0.13
a contact +75432 +79389 3 5 800328410
a range +75432 +79389 3 5 772.71
a contact +75449 +79671 2 3 1024022554
a range +75449 +79671 2 3 0.12
a contact +75492 +79572 5 6 1177313236
a range +75492 +79572 5 6 0.13
a contact +75520 +78634 2 1 1042588396
a range +75520 +78634 2 1 0.12
a contact +75862 +79617 5 3 863550413
a range +75862 +79617 5 3 664.09
a contact +75939 +79965 5 2 1008487255
a range +75939 +79965 5 2 571.99
a contact +76149 +79695 1 3 1003526269
a range +76149 +79695 1 3 0.12
a contact +76245 +79074 2 1 997285118
a range +76245 +79074 2 1 0.12
a contact +76675 +79630 3 4 948664057
a range +76675 +79630 3 4 713.04
a contact +76896 +80305 4 6 861026083
a range +76896 +80305 4 6 0.13
a contact +77021 +80444 5 3 896577387
a range +77021 +80444 5 3 1117.82
a contact +77318 +80882 4 2 1186893343
a range +77318 +80882 4 2 1017.13
a contact +77345 +81172 3 1 1042084275
a range +77345 +81172 3 1 0.12
a contact +77385 +80408 4 6 810676839
a range +77385 +80408 4 6 0.13
a contact +77462 +80660 3 1 845316083
a range +77462 +80660 3 1 0.12
a contact +77509 +81490 5 4 849841743
a range +77509 +81490 5 4 0.13
a contact +77675 +81953 5 4 984550701
a range +77675 +81953 5 4 0.13
a contact +77843 +81395 5 3 1016168320
a range +77843 +81395 5 3 1054.77
a contact +78167 +81412 1 2 865566857
a range +78167 +81412 1 2 0.12
a contact +78361 +81417 4 6 821639348
a range +78361 +81417 4 6 0.13
a contact +78490 +82317 6 4 1025245548
a range +78490 +82317 6 4 0.13
a contact +78777 +82116 6 5 1198407465
a range +78777 +82116 6 5 0.13
a contact +78871 +82157 5 3 868928886
a range +78871 +82157 5 3 543.48
a contact +79085 +82342 5 6 878488937
a range +79085 +82342 5 6 0.13
a contact +79286 +82630 5 6 1124600154
a range +79286 +82630 5 6 0.13
a contact +79465 +82564 2 3 1178842277
a range +79465 +82564 2 3 0.12
a contact +79543 +83262 6 5 1176693403
a range +79543 +83262 6 5 0.13
a contact +79626 +83672 4 6 1097546443
a range +79626 +83672 4 6 0.13
a contact +79662 +83391 3 1 1023863418
a range +79662 +83391 3 1 0.12
a contact +79840 +82931 1 2 1093208300
a range +79840 +82931 1 2 0.12
a contact +79887 +83104 3 4 898833373
a range +79887 +83104 3 4 1158.32
a contact +79927 +83109 4 3 956791993
a range +79927 +83109 4 3 696.22
a contact +80038 +84154 1 2 1191967973
a range +80038 +84154 1 2 0.12
a contact +80047 +84071 1 2 1137615521
a range +80047 +84071 1 2 0.12
a contact +80115 +84313 6 5 954436790
a range +80115 +84313 6 5 0.13
a contact +80246 +83840 1 3 1046976242
a range +80246 +83840 1 3 0.12
a contact +80263 +84329 5 6 1011488572
a range +80263 +84329 5 6 0.13
a contact +80511 +84574 5 6 829126047
a range +80511 +84574 5 6 0.13
a contact +80801 +84227 2 5 1190606388
a range +80801 +84227 2 5 993.4
a contact +81057 +84879 3 2 961772380
a range +81057 +84879 3 2 0.12
a contact +81076 +85204 3 1 1183784347
a range +81076 +85204 3 1 0.12
a contact +81502 +83962 3 2 951043583
a range +81502 +83962 3 2 0.12
a contact +81780 +85065 4 6 893059539
a range +81780 +85065 4 6 0.13
a contact +81990 +85551 2 5 874547834
a range +81990 +85551 2 5 1046.0
a contact +82597 +86400 2 3 989484212
a range +82597 +86400 2 3 0.12
a contact +82629 +86400 5 2 1006550022
a range +82629 +86400 5 2 826.47
a contact +82985 +86400 2 3 1107911862
a range +82985 +86400 2 3 0.12
a contact +83067 +86400 4 3 1181271295
a range +83067 +86400 4 3 866.02
a contact +83537 +86400 4 2 850903900
a range +83537 +86400 4 2 882.71
a contact +83832 +85980 2 5 876357621
a range +83832 +85980 2 5 808.51
a contact +83843 +86400 2 5 999780225
a range +83843 +86400 2 5 950.24
a contact +84225 +86400 3 5 994961941
a range +84225 +86400 3 5 1055.79
a contact +84312 +86400 6 4 1043943872
a range +84312 +86400 6 4 0.13
a contact +84364 +86400 4 3 832108604
a range +84364 +86400 4 3 1055.52
a contact +84686 +86400 6 4 807971143
a range +84686 +86400 6 4 0.13
a contact +84687 +86400 5 3 877788566
a range +84687 +86400 5 3 979.38
a contact +84776 +86400 2 1 907902204
a range +84776 +86400 2 1 0.12
a contact +85271 +86400 3 4 957073425
a range +85271 +86400 3 4 573.05
a contact +85449 +86400 3 2 974936323
a range +85449 +86400 3 2 0.12
a contact +85572 +86400 5 4 1198247417
a range +85572 +86400 5 4 0.13
a contact +85698 +86400 4 6 938142627
a range +85698 +86400 4 6 0.13
a contact +85766 +86400 4 3 864296345
a range +85766 +86400 4 3 1076.62
a contact +85893 +86400 2 4 816440032
a range +85893 +86400 2 4 626.95
a contact +85952 +86400 3 4 1011607771
a range +85952 +86400 3 4 723.37

