m horizon +0
a contact +48 +4064 5 4 1094602995
a range +48 +4064 5 4 0.13
a contact +279 +3625 4 3 1170512835
a range +279 +3625 4 3 688.69
a contact +358 +4448 2 4 904923390
a range +358 +4448 2 4 1044.92
a contact +372 +3742 2 5 885632821
a range +372 +3742 2 5 569.73
a contact +487 +3939 2 3 878286036
a range +487 +3939 2 3 0.12
a contact +965 +5239 5 3 843970547
a range +965 +5239 5 3 985.46
a contact +1079 +5302 3 4 888868438
a range +1079 +5302 3 4 600.38
a contact +1285 +5047 3 1 1075438326
a range +1285 +5047 3 1 0.12
a contact +1334 +4956 1 3 1084544963
a range +1334 +4956 1 3 0.12
a contact +1335 +4372 2 4 879886068
a range +1335 +4372 2 4 1137.02
a contact +1734 +5793 2 5 920945479
a range +1734 +5793 2 5 625.42
a contact +2217 +6347 4 5 1046455843
a range +2217 +6347 4 5 0.13
a contact +2270 +5763 2 5 1176750232
a range +2270 +5763 2 5 973.5
a contact +2498 +6702 5 3 850352214
a range +2498 +6702 5 3 823.29
a contact +2811 +6852 6 5 1170548814
a range +2811 +6852 6 5 0.13
a contact +3244 +6951 6 5 1137941953
a range +3244 +6951 6 5 0.13
a contact +3343 +6358 4 6 1144532280
a range +3343 +6358 4 6 0.13
a contact +3406 +7312 4 2 1025283449
a range +3406 +7312 4 2 925.21
a contact +3580 +7324 2 4 1038107086
a range +3580 +7324 2 4 1050.42
a contact +3809 +7777 1 2 1178683674
a range +3809 +7777 1 2 0.12
a contact +4236 +7123 5 2 947471449
a range +4236 +7123 5 2 1101.11
a contact +4409 +7395 2 5 1132691985
a range +4409 +7395 2 5 1080.16
a contact +4667 +8428 2 1 978786678
a range +4667 +8428 2 1 0.12
a contact +4879 +8785 4 5 1026618780
a range +4879 +8785 4 5 0.13
a contact +4883 +7772 2 1 899641187
a range +4883 +7772 2 1 0.12
a contact +4941 +8902 1 3 1179871575
a range +4941 +8902 1 3 0.12
a contact +5039 +9164 2 3 974341757
a range +5039 +9164 2 3 0.12
a contact +5082 +8419 2 4 811819101
a range +5082 +8419 2 4 876.36
a contact +5098 +8403 3 5 980258483
a range +5098 +8403 3 5 1166.11
a contact +5223 +9529 1 2 828950167
a range +5223 +9529 1 2 0.12
a contact +5282 +8718 3 2 982188129
a range +5282 +8718 3 2 0.12
a contact +5603 +8920 4 6 937770957
a range +5603 +8920 4 6 0.13
a contact +5667 +9493 3 4 1185059762
a range +5667 +9493 3 4 651.18
a contact +6331 +9876 4 5 1142627675
a range +6331 +9876 4 5 0.13
a contact +7075 +10086 3 5 1085330784
a range +7075 +10086 3 5 967.95
a contact +7150 +11115 4 2 1178044516
a range +7150 +11115 4 2 611.8
a contact +7183 +11336 1 3 1106136872
a range +7183 +11336 1 3 0.12
a contact +7212 +10542 2 5 938239141
a range +7212 +10542 2 5 996.16
a contact +7737 +10751 1 2 1063979897
a range +7737 +10751 1 2 0.12
a contact +7845 +11448 4 2 1075022346
a range +7845 +11448 4 2 892.1
a contact +8057 +11375 2 5 845771744
a range +8057 +11375 2 5 895.49
a contact +8260 +12071 4 6 1138068778
a range +8260 +12071 4 6 0.13
a contact +8419 +11748 3 2 1057728637
a range +8419 +11748 3 2 0.12
a contact +8439 +11522 2 4 1171805377
a range +8439 +11522 2 4 543.88
a contact +8475 +11522 2 3 1154578715
a range +8475 +11522 2 3 0.12
a contact +9500 +12790 6 5 859151837
a range +9500 +12790 6 5 0.13
a contact +9607 +13276 1 3 924599264
a range +9607 +13276 1 3 0.12
a contact +9708 +13658 3 4 844110487
a range +9708 +13658 3 4 1105.47
a contact +10047 +12938 6 5 1019163747
a range +10047 +12938 6 5 0.13
a contact +10512 +14464 5 3 879850965
a range +10512 +14464 5 3 763.69
a contact +10636 +13571 5 6 985710514
a range +10636 +13571 5 6 0.13
a contact +10732 +13995 5 3 876995172
a range +10732 +13995 5 3 653.25
a contact +10820 +14663 5 4 1080437539
a range +10820 +14663 5 4 0.13
a contact +10903 +14964 3 1 983565777
a range +10903 +14964 3 1 0.12
a contact +10974 +14591 3 4 987804787
a range +10974 +14591 3 4 704.18
a contact +11203 +14651 3 5 931638958
a range +11203 +14651 3 5 756.51
a contact +11934 +15492 4 6 1106115297
a range +11934 +15492 4 6 0.13
a contact +12012 +15950 1 3 923938053
a range +12012 +15950 1 3 0.12
a contact +12094 +15122 5 4 833745457
a range +12094 +15122 5 4 0.13
a contact +12248 +16104 4 6 970735165
a range +12248 +16104 4 6 0.13
a contact +12305 +16434 4 2 1028872721
a range +12305 +16434 4 2 550.32
a contact +12536 +15627 4 3 859232111
a range +12536 +15627 4 3 984.49
a contact +12787 +16216 4 2 917836377
a range +12787 +16216 4 2 968.82
a contact +13039 +16771 5 2 925311303
a range +13039 +16771 5 2 949.09
a contact +13309 +16493 3 1 1187495935
a range +13309 +16493 3 1 0.12
a contact +13790 +17711 4 6 1051136484
a range +13790 +17711 4 6 0.13
a contact +13843 +17989 3 5 1034260656
a range +13843 +17989 3 5 632.91
a contact +13852 +17900 3 2 1162710057
a range +13852 +17900 3 2 0.12
a contact +14116 +18032 2 3 902786328
a range +14116 +18032 2 3 0.12
a contact +14161 +17491 6 5 843919316
a range +14161 +17491 6 5 0.13
a contact +14196 +17834 5 4 832909815
a range +14196 +17834 5 4 0.13
a contact +14204 +17638 5 2 1155302424
a range +14204 +17638 5 2 773.51
a contact +14244 +17453 2 4 875589225
a range +14244 +17453 2 4 829.84
a contact +14357 +17404 5 4 1174073824
a range +14357 +17404 5 4 0.13
a contact +14394 +17969 6 5 871027810
a range +14394 +17969 6 5 0.13
a contact +14501 +17725 3 5 1092212954
a range +14501 +17725 3 5 766.52
a contact +14578 +18387 3 2 1049829205
a range +14578 +18387 3 2 0.12
a contact +15343 +18712 2 1 1189367569
a range +15343 +18712 2 1 0.12
a contact +15449 +19320 2 1 1069660520
a range +15449 +19320 2 1 0.12
a contact +15567 +19335 2 1 1121184860
a range +15567 +19335 2 1 0.12
a contact +16051 +20094 6 4 815949755
a range +16051 +20094 6 4 0.13
a contact +16197 +19339 3 2 1002124326
a range +16197 +19339 3 2 0.12
a contact +16338 +19999 3 2 1075516107
a range +16338 +19999 3 2 0.12
a contact +16604 +19906 2 5 966834750
a range +16604 +19906 2 5 675.88
a contact +16883 +21149 5 4 966160062
a range +16883 +21149 5 4 0.13
a contact +17131 +20388 5 4 1020913792
a range +17131 +20388 5 4 0.13
a contact +17184 +20649 3 4 1094999963
a range +17184 +20649 3 4 1119.61
a contact +17212 +20532 4 6 974663913
a range +17212 +20532 4 6 0.13
a contact +17240 +20267 6 5 1082953448
a range +17240 +20267 6 5 0.13
a contact +17446 +21224 4 6 963504465
a range +17446 +21224 4 6 0.13
a contact +17891 +21411 5 6 970748881
a range +17891 +21411 5 6 0.13
a contact +18609 +21535 3 4 1027646955
a range +18609 +21535 3 4 688.45
a contact +18774 +21936 2 3 908958014
a range +18774 +21936 2 3 0.12
a contact +19338 +22449 4 2 861629655
a range +19338 +22449 4 2 1092.77
a contact +19372 +22322 3 1 1067550600
a range +19372 +22322 3 1 0.12
a contact +19622 +22645 1 3 989970421
a range +19622 +22645 1 3 0.12
a contact +19937 +22912 4 3 800845841
a range +19937 +22912 4 3 559.66
a contact +20195 +24166 4 3 1173994103
a range +20195 +24166 4 3 1136.1
a contact +20200 +23630 5 6 928817471
a range +20200 +23630 5 6 0.13
a contact +20760 +24347 5 6 1034677221
a range +20760 +24347 5 6 0.13
a contact +21528 +24516 3 4 909705100
a range +21528 +24516 3 4 1150.67
a contact +21668 +24711 1 2 842694191
a range +21668 +24711 1 2 0.12
a contact +21750 +24960 3 5 1081500615
a range +21750 +24960 3 5 1027.02
a contact +21773 +25188 1 3 1080315878
a range +21773 +25188 1 3 0.12
a contact +21950 +26044 4 2 833150602
a range +21950 +26044 4 2 1138.49
a contact +22043 +25867 4 6 1132795652
a range +22043 +25867 4 6 0.13
a contact +22184 +25084 5 3 812630460
a range +22184 +25084 5 3 998.58
a contact +22438 +25731 4 5 1142674608
a range +22438 +25731 4 5 0.13
a contact +22615 +25506 5 4 898979140
a range +22615 +25506 5 4 0.13
a contact +22657 +26868 2 1 1170476179
a range +22657 +26868 2 1 0.12
a contact +22771 +26293 2 3 1040487203
a range +22771 +26293 2 3 0.12
a contact +22879 +25813 3 4 1160033043
a range +22879 +25813 3 4 1062.51
a contact +23059 +27182 3 5 1071148077
a range +23059 +27182 3 5 1012.46
a contact +23222 +26128 3 4 1009083138
a range +23222 +26128 3 4 799.75
a contact +23232 +26660 1 2 831871149
a range +23232 +26660 1 2 0.12
a contact +23344 +27135 1 3 1062948113
a range +23344 +27135 1 3 0.12
a contact +23443 +27205 2 3 1026618478
a range +23443 +27205 2 3 0.12
a contact +23520 +27017 5 2 817200222
a range +23520 +27017 5 2 915.6
a contact +23844 +28107 3 5 885404441
a range +23844 +28107 3 5 738.7
a contact +23845 +27030 5 4 978937826
a range +23845 +27030 5 4 0.13
a contact +24098 +27779 2 4 1109818683
a range +24098 +27779 2 4 886.07
a contact +24508 +28765 6 4 1100211976
a range +24508 +28765 6 4 0.13
a contact +24573 +27522 3 1 823068093
a range +24573 +27522 3 1 0.12
a contact +25090 +29278 2 4 950218430
a range +25090 +29278 2 4 1065.37
a contact +25163 +28723 4 6 986784231
a range +25163 +28723 4 6 0.13
a contact +25191 +28541 3 4 975239824
a range +25191 +28541 3 4 1042.05
a contact +25369 +29014 4 2 1106206116
a range +25369 +29014 4 2 654.29
a contact +25552 +29633 1 3 1180412924
a range +25552 +29633 1 3 0.12
a contact +25684 +28639 6 5 836701118
a range +25684 +28639 6 5 0.13
a contact +25793 +30024 2 5 1142361494
a range +25793 +30024 2 5 1107.21
a contact +25907 +29342 3 4 1095085294
a range +25907 +29342 3 4 1117.19
a contact +25942 +30207 1 3 833894362
a range +25942 +30207 1 3 0.12
a contact +26018 +29429 2 3 981723805
a range +26018 +29429 2 3 0.12
a contact +26112 +29805 4 3 1171508078
a range +26112 +29805 4 3 789.21
a contact +26130 +30323 4 5 1009489060
a range +26130 +30323 4 5 0.13
a contact +26318 +29978 5 3 899839367
a range +26318 +29978 5 3 1169.87
a contact +26557 +30327 5 2 908767825
a range +26557 +30327 5 2 1090.44
a contact +26870 +30495 2 4 805048016
a range +26870 +30495 2 4 659.34
a contact +26875 +31003 4 6 1054784110
a range +26875 +31003 4 6 0.13
a contact +26970 +30101 4 6 1090299811
a range +26970 +30101 4 6 0.13
a contact +27139 +30478 6 4 851995528
a range +27139 +30478 6 4 0.13
a contact +27288 +30372 1 2 841161951
a range +27288 +30372 1 2 0.12
a contact +27532 +30414 6 5 943185730
a range +27532 +30414 6 5 0.13
a contact +27609 +31865 1 2 1117834492
a range +27609 +31865 1 2 0.12
a contact +27681 +30985 3 1 827068787
a range +27681 +30985 3 1 0.12
a contact +27812 +31434 6 4 1188075332
a range +27812 +31434 6 4 0.13
a contact +28563 +32731 1 3 1101263685
a range +28563 +32731 1 3 0.12
a contact +28614 +32488 4 3 830156464
a range +28614 +32488 4 3 545.12
a contact +28629 +31879 3 1 999931485
a range +28629 +31879 3 1 0.12
a contact +28878 +32403 2 5 1023876495
a range +28878 +32403 2 5 1158.41
a contact +28893 +32854 1 2 943053200
a range +28893 +32854 1 2 0.12
a contact +29429 +33672 2 1 995712781
a range +29429 +33672 2 1 0.12
a contact +29450 +32970 1 2 884355377
a range +29450 +32970 1 2 0.12
a contact +29784 +33815 3 2 1157222703
a range +29784 +33815 3 2 0.12
a contact +29837 +34074 2 4 809601265
a range +29837 +34074 2 4 579.61
a contact +29846 +32958 5 6 971002879
a range +29846 +32958 5 6 0.13
a contact +29880 +32772 6 4 1151881384
a range +29880 +32772 6 4 0.13
a contact +29887 +33853 5 4 902742032
a range +29887 +33853 5 4 0.13
a contact +30146 +33451 3 2 876594970
a range +30146 +33451 3 2 0.12
a contact +30219 +33985 5 6 1016820353
a range +30219 +33985 5 6 0.13
a contact +30386 +34298 5 4 871645529
a range +30386 +34298 5 4 0.13
a contact +30397 +33477 2 5 980477817
a range +30397 +33477 2 5 1102.87
a contact +31172 +34618 4 2 906805560
a range +31172 +34618 4 2 1155.12
a contact +31183 +34566 1 3 1004288275
a range +31183 +34566 1 3 0.12
a contact +31193 +35266 4 6 1195895272
a range +31193 +35266 4 6 0.13
a contact +31376 +35034 4 3 1187510336
a range +31376 +35034 4 3 938.71
a contact +31490 +35372 3 4 933448750
a range +31490 +35372 3 4 858.87
a contact +31508 +34567 4 5 1135753905
a range +31508 +34567 4 5 0.13
a contact +31668 +35912 3 1 881458593
a range +31668 +35912 3 1 0.12
a contact +31788 +35908 4 2 977176970
a range +31788 +35908 4 2 975.5
a contact +31980 +35320 5 2 943359103
a range +31980 +35320 5 2 1050.8
a contact +32195 +35527 5 3 1150640607
a range +32195 +35527 5 3 1148.14
a contact +32227 +36133 4 5 1115427643
a range +32227 +36133 4 5 0.13
a contact +32562 +36696 5 3 845404013
a range +32562 +36696 5 3 731.05
a contact +32672 +36167 6 5 839261295
a range +32672 +36167 6 5 0.13
a contact +32834 +35881 4 3 1036831264
a range +32834 +35881 4 3 913.6
a contact +32874 +36632 5 6 1125710620
a range +32874 +36632 5 6 0.13
a contact +32974 +37105 6 4 977334103
a range +32974 +37105 6 4 0.13
a contact +33030 +36979 2 4 995869972
a range +33030 +36979 2 4 795.69
a contact +33421 +36536 5 4 1170967470
a range +33421 +36536 5 4 0.13
a contact +33514 +37665 4 5 1046973119
a range +33514 +37665 4 5 0.13
a contact +33602 +37023 3 5 929835663
a range +33602 +37023 3 5 802.05
a contact +33609 +36716 6 4 1093264819
a range +33609 +36716 6 4 0.13
a contact +33638 +37380 2 5 1038771846
a range +33638 +37380 2 5 895.7
a contact +33782 +37907 4 3 1048344661
a range +33782 +37907 4 3 508.57
a contact +33918 +37782 3 5 964259531
a range +33918 +37782 3 5 897.1
a contact +33946 +37864 3 5 996233957
a range +33946 +37864 3 5 888.78
a contact +34222 +37958 4 2 949365027
a range +34222 +37958 4 2 811.13
a contact +34819 +38901 4 5 825542277
a range +34819 +38901 4 5 0.13
a contact +35295 +38914 3 2 855593592
a range +35295 +38914 3 2 0.12
a contact +35459 +38507 3 1 1147933031
a range +35459 +38507 3 1 0.12
a contact +35463 +38697 5 4 900881802
a range +35463 +38697 5 4 0.13
a contact +35477 +39516 4 5 826766231
a range +35477 +39516 4 5 0.13
a contact +35626 +38578 5 3 1090640648
a range +35626 +38578 5 3 1124.96
a contact +35663 +39069 4 6 984191754
a range +35663 +39069 4 6 0.13
a contact +35780 +39964 2 1 897651622
a range +35780 +39964 2 1 0.12
a contact +35986 +39191 6 5 867233696
a range +35986 +39191 6 5 0.13
a contact +36424 +40157 2 3 1198523050
a range +36424 +40157 2 3 0.12
a contact +36563 +40720 4 5 1135044155
a range +36563 +40720 4 5 0.13
a contact +36672 +40659 2 5 959159098
a range +36672 +40659 2 5 808.86
a contact +37002 +40259 5 3 809801219
a range +37002 +40259 5 3 832.23
a contact +37050 +41172 2 3 1195261874
a range +37050 +41172 2 3 0.12
a contact +37206 +41356 3 1 806819578
a range +37206 +41356 3 1 0.12
a contact +37849 +40912 2 4 896376557
a range +37849 +40912 2 4 1052.94
a contact +37920 +42204 1 2 855490879
a range +37920 +42204 1 2 0.12
a contact +38197 +42381 2 5 1074807232
a range +38197 +42381 2 5 1069.65
a contact +38326 +42581 3 2 1130942883
a range +38326 +42581 3 2 0.12
a contact +38460 +42495 1 3 1014902385
a range +38460 +42495 1 3 0.12
a contact +38694 +42126 6 5 1054521428
a range +38694 +42126 6 5 0.13
a contact +38747 +41747 6 4 1017712015
a range +38747 +41747 6 4 0.13
a contact +38831 +41769 2 4 992552599
a range +38831 +41769 2 4 1074.07
a contact +39141 +42772 3 4 1114860768
a range +39141 +42772 3 4 786.77
a contact +39401 +43577 6 4 879853463
a range +39401 +43577 6 4 0.13
a contact +39948 +42906 4 6 910038415
a range +39948 +42906 4 6 0.13
a contact +40379 +44428 4 5 1096301407
a range +40379 +44428 4 5 0.13
a contact +40392 +44662 2 1 983889178
a range +40392 +44662 2 1 0.12
a contact +40495 +43659 2 5 948131117
a range +40495 +43659 2 5 702.39
a contact +40800 +45039 4 6 1015389433
a range +40800 +45039 4 6 0.13
a contact +40919 +44572 5 3 1144049284
a range +40919 +44572 5 3 1026.58
a contact +41039 +44735 5 6 1010376841
a range +41039 +44735 5 6 0.13
a contact +41946 +45104 6 4 884180765
a range +41946 +45104 6 4 0.13
a contact +42701 +45883 5 2 1154310366
a range +42701 +45883 5 2 528.45
a contact +42723 +46438 6 5 994542178
a range +42723 +46438 6 5 0.13
a contact +42727 +45806 3 1 934064552
a range +42727 +45806 3 1 0.12
a contact +42838 +45788 2 5 1034277144
a range +42838 +45788 2 5 605.16
a contact +43107 +46557 4 5 1169038687
a range +43107 +46557 4 5 0.13
a contact +43194 +46390 1 2 935783814
a range +43194 +46390 1 2 0.12
a contact +43243 +47439 5 6 1181353336
a range +43243 +47439 5 6 0.13
a contact +43528 +47073 1 2 961203439
a range +43528 +47073 1 2 0.12
a contact +43533 +47605 4 5 1070379937
a range +43533 +47605 4 5 0.13
a contact +43709 +47889 6 4 876264412
a range +43709 +47889 6 4 0.13
a contact +43783 +47551 5 2 817893319
a range +43783 +47551 5 2 596.05
a contact +43912 +48174 5 3 824489920
a range +43912 +48174 5 3 850.84
a contact +44292 +47996 1 2 906780937
a range +44292 +47996 1 2 0.12
a contact +44565 +48141 2 5 896979768
a range +44565 +48141 2 5 586.26
a contact +44674 +48303 1 2 1056556980
a range +44674 +48303 1 2 0.12
a contact +44842 +48297 4 3 1160737038
a range +44842 +48297 4 3 634.66
a contact +44887 +47953 2 4 1156784192
a range +44887 +47953 2 4 848.51
a contact +45673 +49205 1 3 1100099757
a range +45673 +49205 1 3 0.12
a contact +46273 +49456 5 3 1053807602
a range +46273 +49456 5 3 666.68
a contact +46459 +50027 4 2 971750962
a range +46459 +50027 4 2 608.46
a contact +46565 +50784 5 3 1053217481
a range +46565 +50784 5 3 1146.08
a contact +46640 +50789 6 4 1180590820
a range +46640 +50789 6 4 0.13
a contact +46802 +50250 2 1 911905414
a range +46802 +50250 2 1 0.12
a contact +46843 +50922 6 5 1180229346
a range +46843 +50922 6 5 0.13
a contact +47584 +50610 4 5 1064615286
a range +47584 +50610 4 5 0.13
a contact +48441 +51402 4 3 881665082
a range +48441 +51402 4 3 1099.27
a contact +49095 +52453 4 3 1149837418
a range +49095 +52453 4 3 831.02
a contact +49154 +53417 6 4 933986613
a range +49154 +53417 6 4 0.13
a contact +49298 +53575 2 1 808417932
a range +49298 +53575 2 1 0.12
a contact +49394 +52707 2 3 1144816965
a range +49394 +52707 2 3 0.12
a contact +49547 +52610 3 4 936589934
a range +49547 +52610 3 4 993.92
a contact +49549 +53686 3 4 1190861448
a range +49549 +53686 3 4 892.07
a contact +50029 +54225 3 2 1142274991
a range +50029 +54225 3 2 0.12
a contact +50081 +52987 2 1 1027120450
a range +50081 +52987 2 1 0.12
a contact +50264 +54085 4 5 922612440
a range +50264 +54085 4 5 0.13
a contact +50661 +54185 6 5 955146421
a range +50661 +54185 6 5 0.13
a contact +51119 +55296 4 6 978144858
a range +51119 +55296 4 6 0.13
a contact +51168 +54885 3 5 823920914
a range +51168 +54885 3 5 1006.7
a contact +51212 +54709 1 2 1016336062
a range +51212 +54709 1 2 0.12
a contact +51214 +55401 5 6 1012463802
a range +51214 +55401 5 6 0.13
a contact +51450 +55700 5 4 1105411116
a range +51450 +55700 5 4 0.13
a contact +51684 +55193 2 3 826305200
a range +51684 +55193 2 3 0.12
a contact +52062 +55960 5 2 971146884
a range +52062 +55960 5 2 1142.59
a contact +52165 +55249 3 1 1146936953
a range +52165 +55249 3 1 0.12
a contact +52208 +55281 4 3 926618316
a range +52208 +55281 4 3 674.75
a contact +52341 +55824 5 6 1081413235
a range +52341 +55824 5 6 0.13
a contact +52567 +56476 4 6 964402829
a range +52567 +56476 4 6 0.13
a contact +52898 +56835 2 4 1154526145
a range +52898 +56835 2 4 704.75
a contact +52920 +56360 3 1 1122505875
a range +52920 +56360 3 1 0.12
a contact +53189 +57455 1 3 1113295094
a range +53189 +57455 1 3 0.12
a contact +53214 +56701 4 5 1068293722
a range +53214 +56701 4 5 0.13
a contact +53411 +56946 5 2 939739674
a range +53411 +56946 5 2 535.65
a contact +53730 +56621 2 3 1034558274
a range +53730 +56621 2 3 0.12
a contact +54049 +57891 2 1 987035358
a range +54049 +57891 2 1 0.12
a contact +54206 +58490 2 1 985792657
a range +54206 +58490 2 1 0.12
a contact +54208 +57162 6 4 1039367770
a range +54208 +57162 6 4 0.13
a contact +54221 +57270 2 1 1077541376
a range +54221 +57270 2 1 0.12
a contact +54290 +57957 2 5 979358073
a range +54290 +57957 2 5 888.66
a contact +54310 +58061 3 2 997370195
a range +54310 +58061 3 2 0.12
a contact +54311 +58117 3 2 975616039
a range +54311 +58117 3 2 0.12
a contact +54429 +58527 2 3 1158497226
a range +54429 +58527 2 3 0.12
a contact +54475 +57871 3 4 1061346590
a range +54475 +57871 3 4 665.83
a contact +54676 +58894 4 6 1055801199
a range +54676 +58894 4 6 0.13
a contact +54974 +58764 6 4 882627144
a range +54974 +58764 6 4 0.13
a contact +55414 +59185 3 5 1023847828
a range +55414 +59185 3 5 1026.31
a contact +55515 +58732 5 6 1009055255
a range +55515 +58732 5 6 0.13
a contact +55522 +59375 5 2 1067628090
a range +55522 +59375 5 2 588.68
a contact +55925 +59336 5 2 1164130048
a range +55925 +59336 5 2 1041.88
a contact +56167 +60300 5 3 969732958
a range +56167 +60300 5 3 579.59
a contact +57192 +60248 6 4 1122172117
a range +57192 +60248 6 4 0.13
a contact +57298 +60239 5 6 1156452201
a range +57298 +60239 5 6 0.13
a contact +57628 +61870 4 5 963322539
a range +57628 +61870 4 5 0.13
a contact +57635 +61182 2 5 1109524146
a range +57635 +61182 2 5 1069.15
a contact +57664 +61858 2 1 917253081
a range +57664 +61858 2 1 0.12
a contact +57836 +61010 1 2 921771445
a range +57836 +61010 1 2 0.12
a contact +58457 +62691 2 3 1179659818
a range +58457 +62691 2 3 0.12
a contact +58875 +62102 2 5 902668223
a range +58875 +62102 2 5 591.0
a contact +58939 +63038 5 6 816128632
a range +58939 +63038 5 6 0.13
a contact +59118 +62856 5 4 899197577
a range +59118 +62856 5 4 0.13
a contact +59189 +62175 3 4 912934373
a range +59189 +62175 3 4 810.27
a contact +59863 +63853 3 1 825503216
a range +59863 +63853 3 1 0.12
a contact +60083 +64394 4 3 1173172260
a range +60083 +64394 4 3 988.31
a contact +60162 +63954 3 2 1062092878
a range +60162 +63954 3 2 0.12
a contact +60469 +64183 3 5 1194646537
a range +60469 +64183 3 5 798.27
a contact +60472 +64259 1 3 1141150547
a range +60472 +64259 1 3 0.12
a contact +60576 +64163 2 5 925864496
a range +60576 +64163 2 5 596.96
a contact +60678 +64252 2 3 1106760842
a range +60678 +64252 2 3 0.12
a contact +60806 +63992 3 5 808309007
a range +60806 +63992 3 5 1148.82
a contact +60891 +64743 2 1 1048326316
a range +60891 +64743 2 1 0.12
a contact +60930 +63910 3 5 1194839316
a range +60930 +63910 3 5 1078.61
a contact +60966 +64711 4 3 1164555426
a range +60966 +64711 4 3 723.42
a contact +61041 +64670 4 2 856451187
a range +61041 +64670 4 2 557.17
a contact +61065 +64221 6 5 1133517908
a range +61065 +64221 6 5 0.13
a contact +61316 +64732 6 5 1081650976
a range +61316 +64732 6 5 0.13
a contact +61483 +64714 2 4 1104399288
a range +61483 +64714 2 4 643.99
a contact +61840 +65873 4 3 1008343881
a range +61840 +65873 4 3 779.55
a contact +61936 +65494 3 1 1073105058
a range +61936 +65494 3 1 0.12
a contact +62153 +66150 3 5 830314098
a range +62153 +66150 3 5 541.06
a contact +62258 +66008 3 5 849118633
a range +62258 +66008 3 5 694.28
a contact +62355 +65440 3 5 1018366433
a range +62355 +65440 3 5 601.58
a contact +62366 +65618 2 3 916466160
a range +62366 +65618 2 3 0.12
a contact +62384 +66688 2 1 1128164837
a range +62384 +66688 2 1 0.12
a contact +62578 +66021 4 6 1126706807
a range +62578 +66021 4 6 0.13
a contact +62621 +66698 5 3 984792628
a range +62621 +66698 5 3 946.9
a contact +62685 +66644 4 5 1183652785
a range +62685 +66644 4 5 0.13
a contact +62911 +66411 2 3 868955596
a range +62911 +66411 2 3 0.12
a contact +63011 +66945 5 3 916550489
a range +63011 +66945 5 3 725.42
a contact +63032 +66813 4 6 917308923
a range +63032 +66813 4 6 0.13
a contact +63212 +67322 4 2 927227391
a range +63212 +67322 4 2 694.03
a contact +63284 +67598 3 5 1165891312
a range +63284 +67598 3 5 1043.65
a contact +63373 +67137 2 4 1006647605
a range +63373 +67137 2 4 1086.46
a contact +63729 +68023 5 3 1044736482
a range +63729 +68023 5 3 771.36
a contact +63845 +67396 5 2 835733608
a range +63845 +67396 5 2 675.26
a contact +64026 +68182 3 2 973974858
a range +64026 +68182 3 2 0.12
a contact +64054 +67872 5 2 881440920
a range +64054 +67872 5 2 862.52
a contact +64098 +68154 4 2 920649623
a range +64098 +68154 4 2 903.45
a contact +64105 +67136 5 4 943983409
a range +64105 +67136 5 4 0.13
a contact +64126 +67342 2 5 1165659150
a range +64126 +67342 2 5 984.47
a contact +64258 +67490 2 4 1172371817
a range +64258 +67490 2 4 880.6
a contact +64263 +67919 4 5 954396124
a range +64263 +67919 4 5 0.13
a contact +64386 +68670 4 5 922985691
a range +64386 +68670 4 5 0.13
a contact +64598 +68718 4 3 1066861032
a range +64598 +68718 4 3 1071.07
a contact +64714 +68029 2 3 910705624
a range +64714 +68029 2 3 0.12
a contact +64937 +68046 3 2 831487154
a range +64937 +68046 3 2 0.12
a contact +65156 +68433 4 5 908969896
a range +65156 +68433 4 5 0.13
a contact +65228 +68440 5 2 1112758781
a range +65228 +68440 5 2 663.39
a contact +65411 +68828 2 1 899785175
a range +65411 +68828 2 1 0.12
a contact +65478 +69711 2 3 1136343585
a range +65478 +69711 2 3 0.12
a contact +65524 +69094 4 2 838052190
a range +65524 +69094 4 2 679.97
a contact +65638 +69903 5 3 873395663
a range +65638 +69903 5 3 1158.87
a contact +65686 +69060 5 6 1114914211
a range +65686 +69060 5 6 0.13
a contact +66050 +69537 1 2 903226086
a range +66050 +69537 1 2 0.12
a contact +66454 +70413 5 3 918293317
a range +66454 +70413 5 3 569.71
a contact +66461 +70019 3 2 1075369106
a range +66461 +70019 3 2 0.12
a contact +67099 +69996 3 5 1005769155
a range +67099 +69996 3 5 886.52
a contact +67139 +71126 5 2 1150382224
a range +67139 +71126 5 2 602.52
a contact +67850 +70945 3 1 977212896
a range +67850 +70945 3 1 0.12
a contact +68148 +71147 6 4 849145109
a range +68148 +71147 6 4 0.13
a contact +68151 +71177 4 2 819621910
a range +68151 +71177 4 2 1172.07
a contact +68171 +71818 2 1 1069177636
a range +68171 +71818 2 1 0.12
a contact +68196 +72293 3 2 815202275
a range +68196 +72293 3 2 0.12
a contact +68268 +71756 3 4 828184351
a range +68268 +71756 3 4 887.44
a contact +68521 +71805 3 2 1167087630
a range +68521 +71805 3 2 0.12
a contact +68642 +72899 4 3 824697179
a range +68642 +72899 4 3 644.42
a contact +68822 +72113 3 4 971049466
a range +68822 +72113 3 4 809.9
a contact +69317 +73435 4 3 1063039858
a range +69317 +73435 4 3 745.35
a contact +69702 +73743 5 3 1140824129
a range +69702 +73743 5 3 829.58
a contact +69790 +72903 6 5 1173438592
a range +69790 +72903 6 5 0.13
a contact +70083 +73759 3 2 1146453417
a range +70083 +73759 3 2 0.12
a contact +70294 +74312 5 4 1121992505
a range +70294 +74312 5 4 0.13
a contact +70444 +73529 5 2 964456886
a range +70444 +73529 5 2 801.78
a contact +70903 +74209 5 6 823868029
a range +70903 +74209 5 6 0.13
a contact +70982 +74970 6 5 903063887
a range +70982 +74970 6 5 0.13
a contact +71238 +74943 5 4 823099153
a range +71238 +74943 5 4 0.13
a contact +71410 +74946 5 2 936154206
a range +71410 +74946 5 2 1086.51
a contact +71421 +74964 3 4 1024340272
a range +71421 +74964 3 4 1142.55
a contact +71809 +74819 4 2 1153160415
a range +71809 +74819 4 2 553.94
a contact +72077 +75507 5 6 905057369
a range +72077 +75507 5 6 0.13
a contact +72251 +76202 1 2 927224936
a range +72251 +76202 1 2 0.12
a contact +72684 +75714 1 3 832766619
a range +72684 +75714 1 3 0.12
a contact +72756 +76731 2 3 1001875995
a range +72756 +76731 2 3 0.12
a contact +72940 +77087 3 1 846195115
a range +72940 +77087 3 1 0.12
a contact +72962 +76075 1 3 824116031
a range +72962 +76075 1 3 0.12
a contact +72992 +75938 4 2 826933168
a range +72992 +75938 4 2 586.31
a contact +73177 +76357 5 6 1157693275
a range +73177 +76357 5 6 0.13
a contact +73378 +76601 2 3 963473768
a range +73378 +76601 2 3 0.12
a contact +73559 +77662 6 4 1181032837
a range +73559 +77662 6 4 0.13
a contact +73741 +77900 5 3 951957400
a range +73741 +77900 5 3 722.79
a contact +73898 +77839 5 2 1160530325
a range +73898 +77839 5 2 1044.69
a contact +74050 +77917 4 3 930584849
a range +74050 +77917 4 3 583.46
a contact +74083 +77429 1 2 831499956
a range +74083 +77429 1 2 0.12
a contact +74134 +77387 2 4 1170814847
a range +74134 +77387 2 4 1110.8
a contact +74290 +77189 3 5 971136860
a range +74290 +77189 3 5 1101.89
a contact +74896 +78820 3 4 1199124092
a range +74896 +78820 3 4 925.59
a contact +75167 +78087 4 3 1173133730
a range +75167 +78087 4 3 1071.69
a contact +75344 +79014 4 2 971925702
a range +75344 +79014 4 2 532.38
a contact +75375 +78801 6 5 1001416814
a range +75375 +78801 6 5 0.13
a contact +75587 +78772 5 6 1102699088
a range +75587 +78772 5 6 0.13
a contact +76056 +78950 3 4 940398344
a range +76056 +78950 3 4 588.45
a contact +76079 +79042 1 3 1058656167
a range +76079 +79042 1 3 0.12
a contact +76329 +80022 5 6 1117972267
a range +76329 +80022 5 6 0.13
a contact +76429 +79974 5 6 802369161
a range +76429 +79974 5 6 0.13
a contact +76576 +80157 2 1 1010164802
a range +76576 +80157 2 1 0.12
a contact +76696 +80722 2 1 1042286652
a range +76696 +80722 2 1 0.12
a contact +77064 +80438 3 2 800009245
a range +77064 +80438 3 2 0.12
a contact +77424 +81507 2 1 962500197
a range +77424 +81507 2 1 0.12
a contact +77469 +80911 3 1 1049082064
a range +77469 +80911 3 1 0.12
a contact +77597 +81312 4 5 992304217
a range +77597 +81312 4 5 0.13
a contact +78082 +80984 1 2 1120911737
a range +78082 +80984 1 2 0.12
a contact +78219 +81610 6 4 1111342361
a range +78219 +81610 6 4 0.13
a contact +78261 +82090 1 2 861338970
a range +78261 +82090 1 2 0.12
a contact +78331 +81788 4 3 1027023364
a range +78331 +81788 4 3 538.39
a contact +78340 +81529 4 6 822279857
a range +78340 +81529 4 6 0.13
a contact +78458 +82197 3 1 821835377
a range +78458 +82197 3 1 0.12
a contact +78611 +82481 3 2 987988134
a range +78611 +82481 3 2 0.12
a contact +78732 +82041 5 6 858576251
a range +78732 +82041 5 6 0.13
a contact +79040 +82653 5 4 1188936868
a range +79040 +82653 5 4 0.13
a contact +79167 +82811 1 3 880135013
a range +79167 +82811 1 3 0.12
a contact +79326 +82461 6 4 1131268169
a range +79326 +82461 6 4 0.13
a contact +79329 +82593 6 5 1047426075
a range +79329 +82593 6 5 0.13
a contact +79405 +82640 6 4 1096343266
a range +79405 +82640 6 4 0.13
a contact +79456 +82773 4 3 916937459
a range +79456 +82773 4 3 1081.99
a contact +79473 +82635 4 2 939638165
a range +79473 +82635 4 2 627.29
a contact +79658 +82701 4 2 1183825943
a range +79658 +82701 4 2 752.19
a contact +79821 +83079 1 3 988688232
a range +79821 +83079 1 3 0.12
a contact +80155 +84043 6 4 947566555
a range +80155 +84043 6 4 0.13
a contact +80262 +83417 2 4 1020467888
a range +80262 +83417 2 4 1033.08
a contact +80598 +84381 5 4 824482808
a range +80598 +84381 5 4 0.13
a contact +80605 +83767 3 4 942109319
a range +80605 +83767 3 4 906.46
a contact +80887 +85164 5 4 1198520752
a range +80887 +85164 5 4 0.13
a contact +80899 +85052 2 4 896929435
a range +80899 +85052 2 4 783.98
a contact +81180 +84184 5 3 1106863379
a range +81180 +84184 5 3 783.94
a contact +81466 +85182 3 1 987128297
a range +81466 +85182 3 1 0.12
a contact +81648 +84978 1 2 1195743826
a range +81648 +84978 1 2 0.12
a contact +81746 +85687 2 4 1029049907
a range +81746 +85687 2 4 1081.37
a contact +81746 +85354 5 2 1023974781
a range +81746 +85354 5 2 815.84
a contact +81966 +85844 5 4 1105139248
a range +81966 +85844 5 4 0.13
a contact +82490 +86123 1 3 1154482719
a range +82490 +86123 1 3 0.12
a contact +83487 +86400 3 5 819902030
a range +83487 +86400 3 5 822.69
a contact +83572 +86400 3 1 1078149612
a range +83572 +86400 3 1 0.12
a contact +83906 +86400 6 5 1027823359
a range +83906 +86400 6 5 0.13
a contact +84010 +86400 3 1 906005872
a range +84010 +86400 3 1 0.12
a contact +84098 +86400 6 5 872189559
a range +84098 +86400 6 5 0.13
a contact +84170 +86400 5 6 849756215
a range +84170 +86400 5 6 0.13
a contact +84385 +86400 2 5 973857324
a range +84385 +86400 2 5 545.28
a contact +84432 +86400 5 2 1124004139
a range +84432 +86400 5 2 848.43
a contact +84554 +86400 1 2 1167713240
a range +84554 +86400 1 2 0.12
a contact +84820 +86400 2 4 1129627450
a range +84820 +86400 2 4 736.26
a contact +84822 +86400 6 4 836109760
a range +84822 +86400 6 4 0.13
a contact +84911 +86400 2 3 957039355
a range +84911 +86400 2 3 0.12
a contact +85065 +86400 3 1 822572972
a range +85065 +86400 3 1 0.12
a contact +85384 +86400 3 2 1020438168
a range +85384 +86400 3 2 0.12
a contact +85512 +86400 4 6 1115734764
a range +85512 +86400 4 6 0.13
a contact +85576 +86400 4 2 880353795
a range +85576 +86400 4 2 840.31
a contact +85698 +86400 1 3 1149798326
a range +85698 +86400 1 3 0.12
a contact +85773 +86400 5 4 1054058815
a range +85773 +86400 5 4 0.13
a contact +85820 +86400 5 2 1166304103
a range +85820 +86400 5 2 686.98
a contact +85831 +86400 2 5 1158439068
a range +85831 +86400 2 5 830.36
a contact +86199 +86400 5 2 1006512840
a range +86199 +86400 5 2 998.67
