m horizon +0
a contact +4 +69 4 2 1185201599
a range +4 +69 4 2 1.31
a contact +6 +64 2 3 1139772234
a range +6 +64 2 3 0.12
a contact +13 +66 2 3 1084104084
a range +13 +66 2 3 0.12
a contact +27 +78 6 4 811187413
a range +27 +78 6 4 0.13
a contact +33 +85 5 4 1074163883
a range +33 +85 5 4 0.13
a contact +43 +99 2 3 1164080118
a range +43 +99 2 3 0.12
a contact +47 +96.8 4 3 1101167181
a range +47 +96.8 4 3 1.25
a contact +47 +96 5 4 1064542198
a range +47 +96 5 4 0.13
a contact +49 +99 1 2 1080774408
a range +49 +99 1 2 0.12
a contact +51 +116 5 2 871828726
a range +51 +116 5 2 1.15
a contact +52 +104 2 1 1004367509
a range +52 +104 2 1 0.12
a contact +54 +116 5 2 913690344
a range +54 +116 5 2 1.11
a contact +57 +112 5 4 1026625544
a range +57 +112 5 4 0.13
a contact +60 +113.8 4 3 1124354892
a range +60 +113.8 4 3 1.21
a contact +62 +113.8 5 2 992657113
a range +62 +113.8 5 2 1.16
a contact +62 +131 5 6 969053783
a range +62 +131 5 6 0.13
a contact +65 +122.8 4 3 813796640
a range +65 +122.8 4 3 1.32
a contact +68 +118.8 5 4 981767039
a range +68 +118.8 5 4 0.13
a contact +69 +132 4 2 1165808556
a range +69 +132 4 2 1.07
a contact +77 +126 3 2 1032362455
a range +77 +126 3 2 0.12
a contact +78 +143 1 3 824915419
a range +78 +143 1 3 0.12
a contact +79 +147.8 5 4 1167555341
a range +79 +147.8 5 4 0.13
a contact +83 +150.8 6 5 1149260950
a range +83 +150.8 6 5 0.13
a contact +85 +138 3 1 803378421
a range +85 +138 3 1 0.12
a contact +85 +151 2 5 1063807202
a range +85 +151 2 5 1.27
a contact +88 +138 2 5 953478926
a range +88 +138 2 5 1.23
a contact +88 +151.8 6 4 941176795
a range +88 +151.8 6 4 0.13
a contact +93 +152 4 2 861723632
a range +93 +152 4 2 1.31
a contact +106 +158 2 3 1112305836
a range +106 +158 2 3 0.12
a contact +106 +171.8 5 2 1025626320
a range +106 +171.8 5 2 1.23
a contact +106 +155 4 5 1146334392
a range +106 +155 4 5 0.13
a contact +116 +174 1 2 947526759
a range +116 +174 1 2 0.12
a contact +117 +180 1 3 1045341245
a range +117 +180 1 3 0.12
a contact +120 +190 3 1 984747781
a range +120 +190 3 1 0.12
a contact +122 +188 2 1 1168833230
a range +122 +188 2 1 0.12
a contact +122 +171.8 5 2 1099547465
a range +122 +171.8 5 2 1.12
a contact +123 +191 1 3 880783102
a range +123 +191 1 3 0.12
a contact +123 +191 5 4 1055105786
a range +123 +191 5 4 0.13
a contact +125 +185 3 4 962055556
a range +125 +185 3 4 1.22
a contact +128 +199 2 5 1191001798
a range +128 +199 2 5 1.18
a contact +128 +197 4 6 1164813650
a range +128 +197 4 6 0.13
a contact +135 +199 2 4 998237572
a range +135 +199 2 4 1.23
a contact +140 +204.8 4 6 933318294
a range +140 +204.8 4 6 0.13
a contact +143 +197.8 6 5 1159406419
a range +143 +197.8 6 5 0.13
a contact +147 +205.8 5 2 928819542
a range +147 +205.8 5 2 1.13
a contact +154 +212 2 1 1026760481
a range +154 +212 2 1 0.12
a contact +156 +210.8 4 6 834325484
a range +156 +210.8 4 6 0.13
a contact +157 +227 2 1 989900665
a range +157 +227 2 1 0.12
a contact +159 +221 2 4 873110827
a range +159 +221 2 4 1.12
a contact +160 +224 2 5 1064385361
a range +160 +224 2 5 1.09
a contact +165 +225 2 4 1114830702
a range +165 +225 2 4 1.14
a contact +167 +222.8 5 4 867478156
a range +167 +222.8 5 4 0.13
a contact +168 +234 3 2 1103855552
a range +168 +234 3 2 0.12
a contact +169 +228 5 4 1171096973
a range +169 +228 5 4 0.13
a contact +173 +242 1 2 963476698
a range +173 +242 1 2 0.12
a contact +178 +238 5 4 1120264776
a range +178 +238 5 4 0.13
a contact +188 +248.8 6 5 803701008
a range +188 +248.8 6 5 0.13
a contact +190 +259 4 2 1199850123
a range +190 +259 4 2 1.06
a contact +191 +247 3 2 808810468
a range +191 +247 3 2 0.12
a contact +204 +264 2 3 915105887
a range +204 +264 2 3 0.12
a contact +205 +263 5 3 1101318177
a range +205 +263 5 3 1.07
a contact +215 +276 2 3 808474569
a range +215 +276 2 3 0.12
a contact +219 +278 4 5 900734838
a range +219 +278 4 5 0.13
a contact +224 +281 2 1 875579110
a range +224 +281 2 1 0.12
a contact +224 +281 2 3 981972286
a range +224 +281 2 3 0.12
a contact +227 +292 3 4 1127297054
a range +227 +292 3 4 1.21
a contact +235 +292 2 5 981961131
a range +235 +292 2 5 1.05
a contact +236 +289 1 3 871559675
a range +236 +289 1 3 0.12
a contact +240 +298 2 3 893618188
a range +240 +298 2 3 0.12
a contact +241 +292 2 4 834409364
a range +241 +292 2 4 1.1
a contact +241 +300 4 6 951081725
a range +241 +300 4 6 0.13
a contact +244 +304 1 2 900973415
a range +244 +304 1 2 0.12
a contact +257 +313 2 3 1113374287
a range +257 +313 2 3 0.12
a contact +265 +326.8 6 5 970875162
a range +265 +326.8 6 5 0.13
a contact +266 +317 5 3 1166281933
a range +266 +317 5 3 1.32
a contact +272 +342 3 5 1005554205
a range +272 +342 3 5 1.32
a contact +274 +345 6 5 949711938
a range +274 +345 6 5 0.13
a contact +275 +331 4 6 813121050
a range +275 +331 4 6 0.13
a contact +284 +339 5 2 1176204390
a range +284 +339 5 2 1.16
a contact +289 +359 3 1 1096044028
a range +289 +359 3 1 0.12
a contact +289 +351 3 5 1027531212
a range +289 +351 3 5 1.2
a contact +292 +358 2 1 929442379
a range +292 +358 2 1 0.12
a contact +292 +349 3 1 897767085
a range +292 +349 3 1 0.12
a contact +294 +365 4 6 914489865
a range +294 +365 4 6 0.13
a contact +297 +363 5 3 888528144
a range +297 +363 5 3 1.15
a contact +299 +367 2 1 1055350924
a range +299 +367 2 1 0.12
a contact +301 +361 2 3 812033795
a range +301 +361 2 3 0.12
a contact +303 +361 3 1 910221911
a range +303 +361 3 1 0.12
a contact +306 +377 4 3 1155047742
a range +306 +377 4 3 1.15
a contact +311 +375 4 3 831632977
a range +311 +375 4 3 1.19
a contact +311 +365 5 6 1004922938
a range +311 +365 5 6 0.13
a contact +313 +373 4 2 978596923
a range +313 +373 4 2 1.28
a contact +314 +378 2 3 824088426
a range +314 +378 2 3 0.12
a contact +316 +373 2 4 1148977612
a range +316 +373 2 4 1.35
a contact +317 +387 5 3 908424656
a range +317 +387 5 3 1.32
a contact +323 +386 2 5 919190932
a range +323 +386 2 5 1.31
a contact +325 +381 4 6 912319234
a range +325 +381 4 6 0.13
a contact +334 +405 1 2 924446362
a range +334 +405 1 2 0.12
a contact +334 +397.8 5 2 813926727
a range +334 +397.8 5 2 1.33
a contact +337 +395 3 1 827544532
a range +337 +395 3 1 0.12
a contact +341 +389 1 3 938520182
a range +341 +389 1 3 0.12
a contact +344 +396 5 3 829200682
a range +344 +396 5 3 1.17
a contact +351 +415 4 2 864334182
a range +351 +415 4 2 1.24
a contact +353 +419 5 3 1065157608
a range +353 +419 5 3 1.18
a contact +355 +418 2 3 865946778
a range +355 +418 2 3 0.12
a contact +356 +423 3 2 903705936
a range +356 +423 3 2 0.12
a contact +356 +415 4 6 1057978573
a range +356 +415 4 6 0.13
a contact +365 +418.8 4 6 1017158883
a range +365 +418.8 4 6 0.13
a contact +369 +431 2 3 968503576
a range +369 +431 2 3 0.12
a contact +370 +418 6 4 1110861092
a range +370 +418 6 4 0.13
a contact +371 +425.8 6 4 995655911
a range +371 +425.8 6 4 0.13
a contact +372 +434 5 2 1011152129
a range +372 +434 5 2 1.28
a contact +374 +433 5 2 1101858283
a range +374 +433 5 2 1.37
a contact +376 +430 5 4 1090517392
a range +376 +430 5 4 0.13
a contact +378 +441 4 5 1032232989
a range +378 +441 4 5 0.13
a contact +382 +444 2 3 924027584
a range +382 +444 2 3 0.12
a contact +382 +448 3 4 934521924
a range +382 +448 3 4 1.1
a contact +382 +451 3 4 1173546833
a range +382 +451 3 4 1.34
a contact +383 +446.8 5 4 836280724
a range +383 +446.8 5 4 0.13
a contact +386 +445 2 4 1115011041
a range +386 +445 2 4 1.21
a contact +386 +434 2 4 921482877
a range +386 +434 2 4 1.05
a contact +387 +448 2 4 809451683
a range +387 +448 2 4 1.13
a contact +391 +450 5 6 827349842
a range +391 +450 5 6 0.13
a contact +392 +459 4 2 1117059748
a range +392 +459 4 2 1.35
a contact +393 +448 1 3 1021037600
a range +393 +448 1 3 0.12
a contact +394 +445 3 2 973418289
a range +394 +445 3 2 0.12
a contact +397 +446 6 4 1091197670
a range +397 +446 6 4 0.13
a contact +398 +467 3 1 950075220
a range +398 +467 3 1 0.12
a contact +402 +465 4 5 1173719010
a range +402 +465 4 5 0.13
a contact +403 +470 5 3 933586121
a range +403 +470 5 3 1.16
a contact +403 +463 5 4 1052816754
a range +403 +463 5 4 0.13
a contact +407 +463 1 2 915027785
a range +407 +463 1 2 0.12
a contact +411 +473 5 6 1017925349
a range +411 +473 5 6 0.13
a contact +413 +470 4 2 1090859383
a range +413 +470 4 2 1.33
a contact +418 +485.8 4 3 953628953
a range +418 +485.8 4 3 1.31
a contact +418 +488 4 3 890301024
a range +418 +488 4 3 1.34
a contact +418 +483 6 4 1034917260
a range +418 +483 6 4 0.13
a contact +420 +486 4 6 865679665
a range +420 +486 4 6 0.13
a contact +422 +477 1 3 911076955
a range +422 +477 1 3 0.12
a contact +423 +491 1 3 1068309708
a range +423 +491 1 3 0.12
a contact +424 +483 5 6 1037359346
a range +424 +483 5 6 0.13
a contact +429 +495 1 2 839346521
a range +429 +495 1 2 0.12
a contact +429 +498 2 5 1144982462
a range +429 +498 2 5 1.37
a contact +433 +493 4 3 941906033
a range +433 +493 4 3 1.35
a contact +435 +504 2 4 1025964254
a range +435 +504 2 4 1.28
a contact +438 +498 5 6 882130773
a range +438 +498 5 6 0.13
a contact +440 +490 3 5 849022924
a range +440 +490 3 5 1.29
a contact +440 +511 6 5 879220370
a range +440 +511 6 5 0.13
a contact +442 +508 2 4 1142381417
a range +442 +508 2 4 1.11
a contact +443 +507 1 3 1132139800
a range +443 +507 1 3 0.12
a contact +443 +503 2 5 866890010
a range +443 +503 2 5 1.12
a contact +444 +508 2 3 978642639
a range +444 +508 2 3 0.12
a contact +445 +497 4 2 1051088043
a range +445 +497 4 2 1.08
a contact +448 +504 2 5 915805441
a range +448 +504 2 5 1.36
a contact +449 +509.8 5 3 1075673277
a range +449 +509.8 5 3 1.07
a contact +451 +502 6 4 883806133
a range +451 +502 6 4 0.13
a contact +453 +515 6 4 991663191
a range +453 +515 6 4 0.13
a contact +458 +513 3 2 890205840
a range +458 +513 3 2 0.12
a contact +460 +511 2 5 1012007915
a range +460 +511 2 5 1.19
a contact +463 +516 3 2 1191704358
a range +463 +516 3 2 0.12
a contact +464 +526 5 4 882552055
a range +464 +526 5 4 0.13
a contact +473 +530 3 4 974618651
a range +473 +530 3 4 1.32
a contact +477 +540 5 6 1057961570
a range +477 +540 5 6 0.13
a contact +478 +530 2 5 946736945
a range +478 +530 2 5 1.3
a contact +478 +542.8 4 3 1099136707
a range +478 +542.8 4 3 1.15
a contact +480 +527.8 5 3 822162402
a range +480 +527.8 5 3 1.04
a contact +486 +546 4 6 966248347
a range +486 +546 4 6 0.13
a contact +489 +538.8 5 3 1150345759
a range +489 +538.8 5 3 1.1
a contact +502 +571 6 4 1149237489
a range +502 +571 6 4 0.13
a contact +503 +558 5 2 1157490908
a range +503 +558 5 2 1.18
a contact +510 +577 5 4 906959129
a range +510 +577 5 4 0.13
a contact +511 +567 3 2 1176792609
a range +511 +567 3 2 0.12
a contact +512 +575 3 2 1174724528
a range +512 +575 3 2 0.12
a contact +512 +559.8 4 2 970719944
a range +512 +559.8 4 2 1.21
a contact +512 +582 4 5 1057529702
a range +512 +582 4 5 0.13
a contact +514 +584 2 1 909407987
a range +514 +584 2 1 0.12
a contact +514 +583.8 5 2 1002801651
a range +514 +583.8 5 2 1.34
a contact +515 +581.8 5 3 945046962
a range +515 +581.8 5 3 1.03
a contact +518 +576 3 2 844709007
a range +518 +576 3 2 0.12
a contact +522 +586 3 2 968841265
a range +522 +586 3 2 0.12
a contact +522 +574 2 4 988202912
a range +522 +574 2 4 1.21
a contact +522 +574 4 3 919701058
a range +522 +574 4 3 1.03
a contact +524 +593 3 1 1175849690
a range +524 +593 3 1 0.12
a contact +525 +577.8 4 3 1123072613
a range +525 +577.8 4 3 1.36
a contact +528 +579 4 5 1163289889
a range +528 +579 4 5 0.13
a contact +529 +594 4 6 1166507230
a range +529 +594 4 6 0.13
a contact +530 +582 3 2 1100236958
a range +530 +582 3 2 0.12
a contact +535 +588 2 3 1189967518
a range +535 +588 2 3 0.12
a contact +536 +599 5 3 816142992
a range +536 +599 5 3 1.22
a contact +536 +587 5 4 994436641
a range +536 +587 5 4 0.13
a contact +538 +602.8 5 4 1053431601
a range +538 +602.8 5 4 0.13
a contact +540 +605 6 4 898678479
a range +540 +605 6 4 0.13
a contact +546 +615 4 2 911893071
a range +546 +615 4 2 1.14
a contact +547 +604 1 3 851210207
a range +547 +604 1 3 0.12
a contact +548 +614 3 4 976942033
a range +548 +614 3 4 1.27
a contact +552 +621.8 6 4 847178092
a range +552 +621.8 6 4 0.13
a contact +556 +616 2 3 1083490856
a range +556 +616 2 3 0.12
a contact +563 +617 2 4 861289287
a range +563 +617 2 4 1.29
a contact +566 +621 5 2 1058448618
a range +566 +621 5 2 1.1
a contact +571 +636 3 1 1060884148
a range +571 +636 3 1 0.12
a contact +572 +626 2 5 1126801584
a range +572 +626 2 5 1.04
a contact +574 +644 3 1 837277503
a range +574 +644 3 1 0.12
a contact +576 +627 3 2 881008044
a range +576 +627 3 2 0.12
a contact +578 +629 6 5 970019205
a range +578 +629 6 5 0.13
a contact +580 +631.8 6 4 895424786
a range +580 +631.8 6 4 0.13
a contact +586 +655.8 5 3 1151824843
a range +586 +655.8 5 3 1.36
a contact +591 +653 5 4 1115635725
a range +591 +653 5 4 0.13
a contact +592 +647.8 4 5 943467828
a range +592 +647.8 4 5 0.13
a contact +599 +649 4 2 956199401
a range +599 +649 4 2 1.19
a contact +604 +662 1 2 895310881
a range +604 +662 1 2 0.12
a contact +606 +672 2 1 815040329
a range +606 +672 2 1 0.12
a contact +606 +669 5 3 1101037731
a range +606 +669 5 3 1.29
a contact +611 +668 2 4 863758605
a range +611 +668 2 4 1.34
a contact +614 +669 2 1 1039936375
a range +614 +669 2 1 0.12
a contact +615 +673.8 4 3 953362087
a range +615 +673.8 4 3 1.25
a contact +616 +686 2 4 1006441591
a range +616 +686 2 4 1.11
a contact +620 +670 2 5 1147605986
a range +620 +670 2 5 1.2
a contact +621 +679 3 5 924315194
a range +621 +679 3 5 1.15
a contact +621 +674.8 5 4 801761320
a range +621 +674.8 5 4 0.13
a contact +625 +684 3 1 844418047
a range +625 +684 3 1 0.12
a contact +626 +695 3 5 1071244065
a range +626 +695 3 5 1.09
a contact +635 +686 2 5 1016357823
a range +635 +686 2 5 1.06
a contact +635 +705 2 5 1100392729
a range +635 +705 2 5 1.11
a contact +635 +705 5 3 930406726
a range +635 +705 5 3 1.05
a contact +640 +699 2 1 1003255036
a range +640 +699 2 1 0.12
a contact +640 +709 5 6 1072275274
a range +640 +709 5 6 0.13
a contact +641 +698 1 2 1088430398
a range +641 +698 1 2 0.12
a contact +641 +709 2 1 856124724
a range +641 +709 2 1 0.12
a contact +644 +706 2 1 1192668282
a range +644 +706 2 1 0.12
a contact +661 +724 2 1 1126621755
a range +661 +724 2 1 0.12
a contact +664 +731 5 3 1070728076
a range +664 +731 5 3 1.16
a contact +677 +734.8 5 6 1193458142
a range +677 +734.8 5 6 0.13
a contact +678 +729 3 1 1196217830
a range +678 +729 3 1 0.12
a contact +686 +734.8 4 5 915271746
a range +686 +734.8 4 5 0.13
a contact +691 +755.8 4 5 936350032
a range +691 +755.8 4 5 0.13
a contact +694 +754 3 5 1160315524
a range +694 +754 3 5 1.31
a contact +695 +755 2 1 818614781
a range +695 +755 2 1 0.12
a contact +699 +747 6 5 831474873
a range +699 +747 6 5 0.13
a contact +701 +754 1 3 1172702160
a range +701 +754 1 3 0.12
a contact +705 +768 1 2 949284914
a range +705 +768 1 2 0.12
a contact +705 +775 3 4 803595234
a range +705 +775 3 4 1.29
a contact +706 +767.8 4 3 849956857
a range +706 +767.8 4 3 1.02
a contact +706 +756 6 4 883886361
a range +706 +756 6 4 0.13
a contact +710 +766 4 5 826984500
a range +710 +766 4 5 0.13
a contact +711 +778 3 1 1083401261
a range +711 +778 3 1 0.12
a contact +714 +767 4 2 900286306
a range +714 +767 4 2 1.14
a contact +715 +775 6 5 935876947
a range +715 +775 6 5 0.13
a contact +716 +787 2 4 1028945440
a range +716 +787 2 4 1.26
a contact +727 +775 2 4 921815777
a range +727 +775 2 4 1.31
a contact +732 +803 5 6 1143662280
a range +732 +803 5 6 0.13
a contact +733 +788 1 3 1008163545
a range +733 +788 1 3 0.12
a contact +734 +795 3 4 843944004
a range +734 +795 3 4 1.08
a contact +740 +793 6 4 1164519430
a range +740 +793 6 4 0.13
a contact +741 +790 5 4 1170505095
a range +741 +790 5 4 0.13
a contact +742 +791 4 6 1122670826
a range +742 +791 4 6 0.13
a contact +745 +811.8 6 5 842058186
a range +745 +811.8 6 5 0.13
a contact +747 +803 2 1 1094763253
a range +747 +803 2 1 0.12
a contact +750 +816 2 4 1063986160
a range +750 +816 2 4 1.05
a contact +752 +801.8 4 3 979610284
a range +752 +801.8 4 3 1.19
a contact +754 +819 2 5 1003524600
a range +754 +819 2 5 1.23
a contact +754 +814.8 5 2 808965255
a range +754 +814.8 5 2 1.14
a contact +755 +814 3 1 1175572140
a range +755 +814 3 1 0.12
a contact +756 +812 3 2 866232199
a range +756 +812 3 2 0.12
a contact +756 +812 3 2 999175726
a range +756 +812 3 2 0.12
a contact +763 +833 3 4 1123096153
a range +763 +833 3 4 1.06
a contact +777 +847 1 3 1045642449
a range +777 +847 1 3 0.12
a contact +781 +838 1 3 1146048018
a range +781 +838 1 3 0.12
a contact +783 +845 3 4 1050993139
a range +783 +845 3 4 1.17
a contact +788 +852 1 2 1003493508
a range +788 +852 1 2 0.12
a contact +788 +842.8 5 2 949456277
a range +788 +842.8 5 2 1.27
a contact +789 +851 2 4 1180270578
a range +789 +851 2 4 1.17
a contact +790 +846 6 5 830495775
a range +790 +846 6 5 0.13
a contact +791 +848 4 5 900732458
a range +791 +848 4 5 0.13
a contact +794 +858.8 4 5 955481884
a range +794 +858.8 4 5 0.13
a contact +795 +844 3 5 928392520
a range +795 +844 3 5 1.06
a contact +797 +854 4 2 1083352967
a range +797 +854 4 2 1.35
a contact +804 +868.8 5 3 1058796216
a range +804 +868.8 5 3 1.06
a contact +809 +873 4 3 909377479
a range +809 +873 4 3 1.24
a contact +812 +861 2 3 1195200933
a range +812 +861 2 3 0.12
a contact +815 +881 1 2 925937169
a range +815 +881 1 2 0.12
a contact +820 +876 2 3 842493647
a range +820 +876 2 3 0.12
a contact +824 +885.8 6 5 963061327
a range +824 +885.8 6 5 0.13
a contact +825 +884 1 3 1113511370
a range +825 +884 1 3 0.12
a contact +825 +877 2 4 1067029465
a range +825 +877 2 4 1.17
a contact +829 +891 5 3 941195732
a range +829 +891 5 3 1.14
a contact +834 +900 1 3 1186346370
a range +834 +900 1 3 0.12
a contact +837 +886 2 5 936513609
a range +837 +886 2 5 1.14
a contact +837 +886 5 2 1007726696
a range +837 +886 5 2 1.04
a contact +840 +903.8 4 5 1051587233
a range +840 +903.8 4 5 0.13
a contact +848 +919 3 5 1195337329
a range +848 +919 3 5 1.06
a contact +851 +919 5 2 811471077
a range +851 +919 5 2 1.22
a contact +858 +918 3 5 1193180556
a range +858 +918 3 5 1.2
a contact +858 +927 4 6 998037903
a range +858 +927 4 6 0.13
a contact +863 +924 1 3 835303750
a range +863 +924 1 3 0.12
a contact +863 +914 4 6 906651949
a range +863 +914 4 6 0.13
a contact +864 +928 2 3 1152468627
a range +864 +928 2 3 0.12
a contact +864 +922.8 5 4 1052951983
a range +864 +922.8 5 4 0.13
a contact +865 +930 5 4 874664437
a range +865 +930 5 4 0.13
a contact +866 +930 3 2 923636798
a range +866 +930 3 2 0.12
a contact +867 +928 3 4 926882239
a range +867 +928 3 4 1.21
a contact +869 +917 3 1 1151601183
a range +869 +917 3 1 0.12
a contact +869 +932 5 3 979495436
a range +869 +932 5 3 1.22
a contact +872 +939 6 4 910433602
a range +872 +939 6 4 0.13
a contact +874 +924 4 5 939523031
a range +874 +924 4 5 0.13
a contact +875 +936 2 1 1141081348
a range +875 +936 2 1 0.12
a contact +879 +932 1 2 819455925
a range +879 +932 1 2 0.12
a contact +886 +942 3 4 1044188963
a range +886 +942 3 4 1.11
a contact +887 +940.8 6 4 1018460023
a range +887 +940.8 6 4 0.13
a contact +888 +950 5 2 1008052136
a range +888 +950 5 2 1.34
a contact +895 +949 2 5 871539283
a range +895 +949 2 5 1.35
a contact +899 +954.8 5 6 998106492
a range +899 +954.8 5 6 0.13
a contact +911 +959 1 3 821406672
a range +911 +959 1 3 0.12
a contact +915 +974 6 4 1010648463
a range +915 +974 6 4 0.13
a contact +917 +976 3 4 803619638
a range +917 +976 3 4 1.07
a contact +918 +966.8 4 2 1197129129
a range +918 +966.8 4 2 1.04
a contact +918 +977.8 5 6 805607876
a range +918 +977.8 5 6 0.13
a contact +919 +973 4 6 904281999
a range +919 +973 4 6 0.13
a contact +919 +986 6 4 880031340
a range +919 +986 6 4 0.13
a contact +920 +973.8 5 3 926090565
a range +920 +973.8 5 3 1.06
a contact +925 +976 2 4 1042841171
a range +925 +976 2 4 1.29
a contact +931 +992 1 3 851054206
a range +931 +992 1 3 0.12
a contact +941 +994 2 1 1135615104
a range +941 +994 2 1 0.12
a contact +943 +1010.8 5 6 1182328671
a range +943 +1010.8 5 6 0.13
a contact +944 +994 4 2 1045036907
a range +944 +994 4 2 1.24
a contact +946 +996 2 5 926209759
a range +946 +996 2 5 1.11
a contact +946 +1005 2 5 1105298987
a range +946 +1005 2 5 1.05
a contact +954 +1004 6 4 909985408
a range +954 +1004 6 4 0.13
a contact +955 +1010 4 3 964051559
a range +955 +1010 4 3 1.36
a contact +958 +1020.8 5 4 1149542395
a range +958 +1020.8 5 4 0.13
a contact +961 +1016 1 3 950243886
a range +961 +1016 1 3 0.12
a contact +962 +1029 3 1 845750212
a range +962 +1029 3 1 0.12
a contact +962 +1031.8 4 3 1042604229
a range +962 +1031.8 4 3 1.25
a contact +964 +1028.8 6 4 1061827663
a range +964 +1028.8 6 4 0.13
a contact +964 +1025 6 5 1188468866
a range +964 +1025 6 5 0.13
a contact +966 +1036 4 5 1113246516
a range +966 +1036 4 5 0.13
a contact +976 +1041 5 4 1091323677
a range +976 +1041 5 4 0.13
a contact +977 +1042.8 5 3 1030556096
a range +977 +1042.8 5 3 1.34
a contact +980 +1037.8 4 5 1041533025
a range +980 +1037.8 4 5 0.13
a contact +982 +1040 3 5 1141526009
a range +982 +1040 3 5 1.2
a contact +983 +1054 5 4 1084242036
a range +983 +1054 5 4 0.13
a contact +984 +1049 1 2 826084394
a range +984 +1049 1 2 0.12
a contact +985 +1050 3 2 1142628988
a range +985 +1050 3 2 0.12
a contact +987 +1056 2 5 1101414627
a range +987 +1056 2 5 1.05
a contact +990 +1053 4 5 1070079324
a range +990 +1053 4 5 0.13
a contact +999 +1055 2 3 1020017609
a range +999 +1055 2 3 0.12
a contact +1002 +1061 3 2 1198612877
a range +1002 +1061 3 2 0.12
a contact +1004 +1074 2 1 931075566
a range +1004 +1074 2 1 0.12
a contact +1011 +1057.8 6 5 1142300467
a range +1011 +1057.8 6 5 0.13
a contact +1012 +1083 6 4 961396295
a range +1012 +1083 6 4 0.13
a contact +1015 +1077 1 2 1153965996
a range +1015 +1077 1 2 0.12
a contact +1015 +1080 5 2 897750834
a range +1015 +1080 5 2 1.15
a contact +1016 +1081 3 1 904693458
a range +1016 +1081 3 1 0.12
a contact +1018 +1079 4 3 1166862587
a range +1018 +1079 4 3 1.12
a contact +1019 +1083 1 3 904302983
a range +1019 +1083 1 3 0.12
a contact +1032 +1098.8 4 6 945067309
a range +1032 +1098.8 4 6 0.13
a contact +1043 +1111 3 4 1125283715
a range +1043 +1111 3 4 1.14
a contact +1048 +1118 2 4 1004119840
a range +1048 +1118 2 4 1.09
a contact +1055 +1109 3 4 933386167
a range +1055 +1109 3 4 1.14
a contact +1055 +1121 3 5 814297892
a range +1055 +1121 3 5 1.33
a contact +1057 +1122 3 1 919200837
a range +1057 +1122 3 1 0.12
a contact +1062 +1121 2 4 821936771
a range +1062 +1121 2 4 1.35
a contact +1064 +1132 2 1 1148440987
a range +1064 +1132 2 1 0.12
a contact +1064 +1116 3 5 1099808047
a range +1064 +1116 3 5 1.03
a contact +1067 +1136 2 1 937396715
a range +1067 +1136 2 1 0.12
a contact +1067 +1138 3 4 1178748922
a range +1067 +1138 3 4 1.11
a contact +1075 +1133 3 2 965151632
a range +1075 +1133 3 2 0.12
a contact +1075 +1138 6 4 1029568913
a range +1075 +1138 6 4 0.13
a contact +1076 +1133.8 5 2 1066394923
a range +1076 +1133.8 5 2 1.29
a contact +1076 +1125 3 4 937039260
a range +1076 +1125 3 4 1.03
a contact +1078 +1143 2 4 804590533
a range +1078 +1143 2 4 1.38
a contact +1080 +1146 4 3 1054384391
a range +1080 +1146 4 3 1.24
a contact +1087 +1140 1 2 1090786023
a range +1087 +1140 1 2 0.12
a contact +1088 +1153 2 4 1033245208
a range +1088 +1153 2 4 1.06
a contact +1092 +1159 4 5 813869492
a range +1092 +1159 4 5 0.13
a contact +1095 +1148 4 6 889322905
a range +1095 +1148 4 6 0.13
a contact +1098 +1162 2 5 814391781
a range +1098 +1162 2 5 1.23
a contact +1101 +1159 4 6 1038761099
a range +1101 +1159 4 6 0.13
a contact +1104 +1153 1 2 926864500
a range +1104 +1153 1 2 0.12
a contact +1106 +1157 2 1 927527352
a range +1106 +1157 2 1 0.12
a contact +1107 +1169 3 4 841668065
a range +1107 +1169 3 4 1.35
a contact +1110 +1179 5 6 1067829480
a range +1110 +1179 5 6 0.13
a contact +1115 +1162.8 5 2 834810834
a range +1115 +1162.8 5 2 1.3
a contact +1118 +1170 3 4 1085967140
a range +1118 +1170 3 4 1.26
a contact +1119 +1179 3 5 1063596576
a range +1119 +1179 3 5 1.17
a contact +1120 +1174 3 4 1106283011
a range +1120 +1174 3 4 1.11
a contact +1121 +1179 6 4 976543629
a range +1121 +1179 6 4 0.13
a contact +1123 +1177 1 3 825962887
a range +1123 +1177 1 3 0.12
a contact +1126 +1194 5 2 823554184
a range +1126 +1194 5 2 1.18
a contact +1126 +1174.8 5 3 936253572
a range +1126 +1174.8 5 3 1.28
a contact +1130 +1188 5 6 1121216710
a range +1130 +1188 5 6 0.13
a contact +1132 +1193 2 3 1078172085
a range +1132 +1193 2 3 0.12
a contact +1132 +1201 3 2 1181006299
a range +1132 +1201 3 2 0.12
a contact +1132 +1200 3 4 933186090
a range +1132 +1200 3 4 1.27
a contact +1132 +1190 3 4 1151311109
a range +1132 +1190 3 4 1.22
a contact +1133 +1189 4 3 895482519
a range +1133 +1189 4 3 1.13
a contact +1136 +1198 1 3 1107231397
a range +1136 +1198 1 3 0.12
a contact +1140 +1206 5 3 1108075062
a range +1140 +1206 5 3 1.37
a contact +1142 +1203 1 2 924636088
a range +1142 +1203 1 2 0.12
a contact +1145 +1214 2 4 1026582449
a range +1145 +1214 2 4 1.11
a contact +1148 +1217 6 4 1075918022
a range +1148 +1217 6 4 0.13
a contact +1149 +1205 1 3 839577568
a range +1149 +1205 1 3 0.12
a contact +1150 +1216 4 2 895971783
a range +1150 +1216 4 2 1.3
a contact +1157 +1221 3 1 1014102081
a range +1157 +1221 3 1 0.12
a contact +1158 +1214.8 4 2 1016278607
a range +1158 +1214.8 4 2 1.12
a contact +1159 +1213 5 6 946221963
a range +1159 +1213 5 6 0.13
a contact +1160 +1216 3 1 942636869
a range +1160 +1216 3 1 0.12
a contact +1161 +1231 2 3 969794991
a range +1161 +1231 2 3 0.12
a contact +1163 +1213 3 2 1123393034
a range +1163 +1213 3 2 0.12
a contact +1169 +1227 3 2 897232289
a range +1169 +1227 3 2 0.12
a contact +1170 +1234 4 5 1084771841
a range +1170 +1234 4 5 0.13
a contact +1174 +1234 5 6 845723072
a range +1174 +1234 5 6 0.13
a contact +1175 +1228 5 6 1010491154
a range +1175 +1228 5 6 0.13
a contact +1176 +1225 4 6 1155194697
a range +1176 +1225 4 6 0.13
a contact +1180 +1238 4 3 1136063121
a range +1180 +1238 4 3 1.22
a contact +1188 +1236 1 2 883063254
a range +1188 +1236 1 2 0.12
a contact +1197 +1255 2 5 947929445
a range +1197 +1255 2 5 1.18
a contact +1199 +1247.8 5 2 971547392
a range +1199 +1247.8 5 2 1.31
a contact +1204 +1274 5 2 870829214
a range +1204 +1274 5 2 1.21
a contact +1209 +1257 4 2 1045805307
a range +1209 +1257 4 2 1.17
a contact +1210 +1275.8 4 3 987334088
a range +1210 +1275.8 4 3 1.29
a contact +1217 +1267 3 1 840774524
a range +1217 +1267 3 1 0.12
a contact +1221 +1281 2 5 1018678231
a range +1221 +1281 2 5 1.13
a contact +1229 +1294 5 4 1055108170
a range +1229 +1294 5 4 0.13
a contact +1236 +1292 2 1 1010186228
a range +1236 +1292 2 1 0.12
a contact +1236 +1288 2 4 1031624582
a range +1236 +1288 2 4 1.05
a contact +1243 +1310.8 4 2 1160892891
a range +1243 +1310.8 4 2 1.07
a contact +1243 +1294 4 5 1146747767
a range +1243 +1294 4 5 0.13
a contact +1247 +1308 4 5 908823813
a range +1247 +1308 4 5 0.13
a contact +1254 +1323 2 1 994409081
a range +1254 +1323 2 1 0.12
a contact +1255 +1325 6 4 1148210451
a range +1255 +1325 6 4 0.13
a contact +1264 +1332 2 3 974611722
a range +1264 +1332 2 3 0.12
a contact +1270 +1326 3 5 835606830
a range +1270 +1326 3 5 1.21
a contact +1272 +1325.8 4 2 879954007
a range +1272 +1325.8 4 2 1.34
a contact +1277 +1340 3 1 1127797302
a range +1277 +1340 3 1 0.12
a contact +1280 +1338 2 4 1046578983
a range +1280 +1338 2 4 1.36
a contact +1282 +1336.8 5 6 998110261
a range +1282 +1336.8 5 6 0.13
a contact +1283 +1333 3 1 985211781
a range +1283 +1333 3 1 0.12
a contact +1286 +1337.8 4 6 1102078690
a range +1286 +1337.8 4 6 0.13
a contact +1288 +1352 5 3 1035481239
a range +1288 +1352 5 3 1.23
a contact +1292 +1340 2 4 1029360669
a range +1292 +1340 2 4 1.11
a contact +1293 +1350 3 2 848701777
a range +1293 +1350 3 2 0.12
a contact +1301 +1356 3 4 1055582078
a range +1301 +1356 3 4 1.33
a contact +1309 +1366 2 5 1143805743
a range +1309 +1366 2 5 1.27
a contact +1309 +1374 5 6 993511480
a range +1309 +1374 5 6 0.13
a contact +1310 +1381 2 5 936495673
a range +1310 +1381 2 5 1.25
a contact +1311 +1373 4 5 868976886
a range +1311 +1373 4 5 0.13
a contact +1311 +1378 6 5 866045759
a range +1311 +1378 6 5 0.13
a contact +1313 +1378 6 5 1101219967
a range +1313 +1378 6 5 0.13
a contact +1314 +1380.8 5 2 1045174041
a range +1314 +1380.8 5 2 1.18
a contact +1316 +1368 1 2 898335445
a range +1316 +1368 1 2 0.12
a contact +1317 +1388 4 3 878220685
a range +1317 +1388 4 3 1.04
a contact +1319 +1369.8 4 2 1112908235
a range +1319 +1369.8 4 2 1.25
a contact +1321 +1384 4 3 1193695579
a range +1321 +1384 4 3 1.33
a contact +1323 +1380 4 5 1139812237
a range +1323 +1380 4 5 0.13
a contact +1328 +1386 3 1 876189764
a range +1328 +1386 3 1 0.12
a contact +1328 +1391 2 3 925427381
a range +1328 +1391 2 3 0.12
a contact +1328 +1393.8 6 4 1045976258
a range +1328 +1393.8 6 4 0.13
a contact +1333 +1394 4 5 810113995
a range +1333 +1394 4 5 0.13
a contact +1333 +1382.8 6 5 1036668216
a range +1333 +1382.8 6 5 0.13
a contact +1337 +1407 4 2 927702647
a range +1337 +1407 4 2 1.31
a contact +1342 +1400 1 3 870382598
a range +1342 +1400 1 3 0.12
a contact +1349 +1417 3 2 1128877050
a range +1349 +1417 3 2 0.12
a contact +1349 +1399 5 6 1199129759
a range +1349 +1399 5 6 0.13
a contact +1349 +1399 6 5 915946156
a range +1349 +1399 6 5 0.13
a contact +1352 +1409 1 3 871268571
a range +1352 +1409 1 3 0.12
a contact +1354 +1419 6 5 1009722529
a range +1354 +1419 6 5 0.13
a contact +1355 +1421 5 6 1199216386
a range +1355 +1421 5 6 0.13
a contact +1361 +1410 1 2 1096341202
a range +1361 +1410 1 2 0.12
a contact +1373 +1422 1 2 896730249
a range +1373 +1422 1 2 0.12
a contact +1374 +1422 3 5 926311914
a range +1374 +1422 3 5 1.23
a contact +1374 +1422 6 5 1120090804
a range +1374 +1422 6 5 0.13
a contact +1383 +1430.8 5 4 1126641063
a range +1383 +1430.8 5 4 0.13
a contact +1388 +1444 5 4 1044573576
a range +1388 +1444 5 4 0.13
a contact +1400 +1453 4 3 977261148
a range +1400 +1453 4 3 1.15
a contact +1406 +1463 3 2 877989033
a range +1406 +1463 3 2 0.12
a contact +1417 +1471 3 4 986406455
a range +1417 +1471 3 4 1.36
a contact +1420 +1483 5 2 965164917
a range +1420 +1483 5 2 1.18
a contact +1421 +1484 3 5 1138239142
a range +1421 +1484 3 5 1.09
a contact +1429 +1482 4 2 1120963449
a range +1429 +1482 4 2 1.28
a contact +1433 +1502 5 6 1121981908
a range +1433 +1502 5 6 0.13
a contact +1444 +1503 3 4 974310681
a range +1444 +1503 3 4 1.29
a contact +1445 +1511 3 1 1016285500
a range +1445 +1511 3 1 0.12
a contact +1446 +1504.8 4 6 1057012318
a range +1446 +1504.8 4 6 0.13
a contact +1456 +1509 2 1 811347457
a range +1456 +1509 2 1 0.12
a contact +1456 +1511 3 4 1188954105
a range +1456 +1511 3 4 1.25
a contact +1457 +1514 3 5 802792941
a range +1457 +1514 3 5 1.24
a contact +1458 +1510 3 5 839266506
a range +1458 +1510 3 5 1.26
a contact +1462 +1532 5 6 1165806748
a range +1462 +1532 5 6 0.13
a contact +1469 +1538 2 1 1142069975
a range +1469 +1538 2 1 0.12
a contact +1473 +1529 3 5 1104841977
a range +1473 +1529 3 5 1.36
a contact +1474 +1526 6 4 843983744
a range +1474 +1526 6 4 0.13
a contact +1476 +1545 4 6 1059168904
a range +1476 +1545 4 6 0.13
a contact +1482 +1534 4 5 1111655295
a range +1482 +1534 4 5 0.13
a contact +1484 +1553 3 1 837875542
a range +1484 +1553 3 1 0.12
a contact +1484 +1538 4 3 949473586
a range +1484 +1538 4 3 1.23
a contact +1489 +1541 4 5 1148305160
a range +1489 +1541 4 5 0.13
a contact +1495 +1551.8 5 4 1135818009
a range +1495 +1551.8 5 4 0.13
a contact +1503 +1568 4 2 816211748
a range +1503 +1568 4 2 1.04
a contact +1504 +1555.8 5 3 980948899
a range +1504 +1555.8 5 3 1.06
a contact +1505 +1567 6 5 1058518203
a range +1505 +1567 6 5 0.13
a contact +1507 +1573 3 4 971059718
a range +1507 +1573 3 4 1.1
a contact +1509 +1571 3 2 1075310621
a range +1509 +1571 3 2 0.12
a contact +1514 +1581 5 6 873888665
a range +1514 +1581 5 6 0.13
a contact +1519 +1585 2 3 1096642618
a range +1519 +1585 2 3 0.12
a contact +1522 +1576.8 6 4 1124238947
a range +1522 +1576.8 6 4 0.13
a contact +1524 +1576 6 4 826759448
a range +1524 +1576 6 4 0.13
a contact +1524 +1586 5 6 1140395307
a range +1524 +1586 5 6 0.13
a contact +1527 +1586 3 4 1166666381
a range +1527 +1586 3 4 1.3
a contact +1528 +1576.8 4 6 1183303469
a range +1528 +1576.8 4 6 0.13
a contact +1530 +1594 6 5 881069470
a range +1530 +1594 6 5 0.13
a contact +1531 +1579.8 5 2 960776471
a range +1531 +1579.8 5 2 1.27
a contact +1532 +1600 3 1 1149199220
a range +1532 +1600 3 1 0.12
a contact +1533 +1599 4 3 837840124
a range +1533 +1599 4 3 1.03
a contact +1535 +1592 3 4 1027949759
a range +1535 +1592 3 4 1.22
a contact +1543 +1599 3 1 992395868
a range +1543 +1599 3 1 0.12
a contact +1550 +1603 2 5 881572921
a range +1550 +1603 2 5 1.1
a contact +1554 +1607 5 6 1197892272
a range +1554 +1607 5 6 0.13
a contact +1555 +1621 4 6 830280022
a range +1555 +1621 4 6 0.13
a contact +1555 +1609 4 6 1024667111
a range +1555 +1609 4 6 0.13
a contact +1556 +1620 5 2 874041940
a range +1556 +1620 5 2 1.25
a contact +1561 +1611 2 3 1086229540
a range +1561 +1611 2 3 0.12
a contact +1561 +1614 6 5 853710190
a range +1561 +1614 6 5 0.13
a contact +1566 +1632.8 5 3 1129181485
a range +1566 +1632.8 5 3 1.14
a contact +1572 +1636 6 5 821719641
a range +1572 +1636 6 5 0.13
a contact +1576 +1645.8 4 2 1110523340
a range +1576 +1645.8 4 2 1.08
a contact +1580 +1642 2 1 1101139758
a range +1580 +1642 2 1 0.12
a contact +1584 +1634 1 3 818790821
a range +1584 +1634 1 3 0.12
a contact +1584 +1654 6 5 894293130
a range +1584 +1654 6 5 0.13
a contact +1590 +1644 6 5 1195808082
a range +1590 +1644 6 5 0.13
a contact +1593 +1655 1 2 923280816
a range +1593 +1655 1 2 0.12
a contact +1603 +1671 3 5 1071083659
a range +1603 +1671 3 5 1.19
a contact +1604 +1660 3 2 1063767440
a range +1604 +1660 3 2 0.12
a contact +1604 +1661 3 5 964963657
a range +1604 +1661 3 5 1.3
a contact +1605 +1655 3 5 1155373188
a range +1605 +1655 3 5 1.13
a contact +1606 +1663 1 2 1161750945
a range +1606 +1663 1 2 0.12
a contact +1607 +1654.8 4 3 1021725837
a range +1607 +1654.8 4 3 1.05
a contact +1609 +1673 2 5 948771454
a range +1609 +1673 2 5 1.11
a contact +1610 +1679 3 2 1085177286
a range +1610 +1679 3 2 0.12
a contact +1612 +1681 4 2 858513888
a range +1612 +1681 4 2 1.07
a contact +1616 +1669 3 2 1156213789
a range +1616 +1669 3 2 0.12
a contact +1618 +1671 3 5 939694883
a range +1618 +1671 3 5 1.23
a contact +1618 +1682.8 4 5 846804508
a range +1618 +1682.8 4 5 0.13
a contact +1624 +1682 1 2 1038539365
a range +1624 +1682 1 2 0.12
a contact +1634 +1682 6 5 922724462
a range +1634 +1682 6 5 0.13
a contact +1635 +1692 2 5 1158862804
a range +1635 +1692 2 5 1.29
a contact +1641 +1709 3 5 948459534
a range +1641 +1709 3 5 1.25
a contact +1645 +1704 3 5 1070829093
a range +1645 +1704 3 5 1.28
a contact +1646 +1704 6 5 894409264
a range +1646 +1704 6 5 0.13
a contact +1647 +1696 5 3 895672556
a range +1647 +1696 5 3 1.17
a contact +1648 +1700.8 5 4 978926687
a range +1648 +1700.8 5 4 0.13
a contact +1648 +1697 4 6 847142043
a range +1648 +1697 4 6 0.13
a contact +1650 +1702 1 2 1039781076
a range +1650 +1702 1 2 0.12
a contact +1650 +1707.8 4 3 882171984
a range +1650 +1707.8 4 3 1.18
a contact +1651 +1708 4 6 994245186
a range +1651 +1708 4 6 0.13
a contact +1656 +1716 4 5 873366714
a range +1656 +1716 4 5 0.13
a contact +1658 +1719 4 2 975126195
a range +1658 +1719 4 2 1.05
a contact +1658 +1726.8 5 3 865116711
a range +1658 +1726.8 5 3 1.38
a contact +1662 +1733 1 2 1166501223
a range +1662 +1733 1 2 0.12
a contact +1667 +1719 5 4 1030061524
a range +1667 +1719 5 4 0.13
a contact +1669 +1733 4 6 876161402
a range +1669 +1733 4 6 0.13
a contact +1674 +1730 5 6 895339185
a range +1674 +1730 5 6 0.13
a contact +1683 +1731 2 1 951815135
a range +1683 +1731 2 1 0.12
a contact +1688 +1757 3 4 930362454
a range +1688 +1757 3 4 1.11
a contact +1691 +1740 2 5 1006282084
a range +1691 +1740 2 5 1.32
a contact +1692 +1746 3 1 1065500680
a range +1692 +1746 3 1 0.12
a contact +1697 +1757 1 2 1094544579
a range +1697 +1757 1 2 0.12
a contact +1697 +1765 3 1 1111708471
a range +1697 +1765 3 1 0.12
a contact +1701 +1769 1 3 1072819488
a range +1701 +1769 1 3 0.12
a contact +1704 +1752 6 5 1136473525
a range +1704 +1752 6 5 0.13
a contact +1708 +1778 3 5 1026687781
a range +1708 +1778 3 5 1.02
a contact +1710 +1764 1 2 958520226
a range +1710 +1764 1 2 0.12
a contact +1713 +1778 3 5 978652354
a range +1713 +1778 3 5 1.05
a contact +1717 +1768 2 3 802313767
a range +1717 +1768 2 3 0.12
a contact +1720 +1779.8 5 3 1181471567
a range +1720 +1779.8 5 3 1.18
a contact +1723 +1771 1 3 982583098
a range +1723 +1771 1 3 0.12
a contact +1723 +1788 5 2 962331326
a range +1723 +1788 5 2 1.36
a contact +1725 +1773 5 2 893546265
a range +1725 +1773 5 2 1.08
a contact +1730 +1781 3 5 853177705
a range +1730 +1781 3 5 1.03
a contact +1739 +1787 6 4 1060536236
a range +1739 +1787 6 4 0.13
a contact +1742 +1799 3 2 1075267799
a range +1742 +1799 3 2 0.12
a contact +1743 +1789.8 4 2 956896466
a range +1743 +1789.8 4 2 1.25
a contact +1743 +1789.8 4 3 1122808194
a range +1743 +1789.8 4 3 1.08
a contact +1744 +1799 2 3 1082135726
a range +1744 +1799 2 3 0.12
a contact +1745 +1800 4 6 972422468
a range +1745 +1800 4 6 0.13
a contact +1745 +1800 6 5 1027726165
a range +1745 +1800 6 5 0.13
a contact +1749 +1800 4 5 800020214
a range +1749 +1800 4 5 0.13
a contact +1751 +1800 4 2 965342025
a range +1751 +1800 4 2 1.07
a contact +1751 +1800 3 5 875906898
a range +1751 +1800 3 5 1.21
a contact +1754 +1800 2 4 857253966
a range +1754 +1800 2 4 1.05
a contact +1756 +1800 1 3 957774052
a range +1756 +1800 1 3 0.12
a contact +1764 +1800 5 6 1150015061
a range +1764 +1800 5 6 0.13
a contact +1766 +1800 4 5 884961021
a range +1766 +1800 4 5 0.13
a contact +1769 +1800 2 1 1185335380
a range +1769 +1800 2 1 0.12
a contact +1773 +1800 2 1 1121830792
a range +1773 +1800 2 1 0.12
a contact +1773 +1800 2 4 875233633
a range +1773 +1800 2 4 1.18
a contact +1780 +1800 3 5 802579934
a range +1780 +1800 3 5 1.05
a contact +1787 +1800 5 3 859075273
a range +1787 +1800 5 3 1.2
a contact +1791 +1800 2 3 969282067
a range +1791 +1800 2 3 0.12
a contact +1797 +1800 5 6 1064287485
a range +1797 +1800 5 6 0.13
a contact +1798 +1800 1 2 920188378
a range +1798 +1800 1 2 0.12
