m horizon +0
a contact +2 +60 5 3 1014773573
a range +2 +60 5 3 1.09
a contact +4 +70 4 6 1138593356
a range +4 +70 4 6 0.13
a contact +4 +73.8 6 5 1048530391
a range +4 +73.8 6 5 0.13
a contact +7 +62 6 4 1124309501
a range +7 +62 6 4 0.13
a contact +11 +62 4 3 953460725
a range +11 +62 4 3 1.19
a contact +17 +69 2 1 1005753784
a range +17 +69 2 1 0.12
a contact +20 +78 6 5 962396965
a range +20 +78 6 5 0.13
a contact +23 +70.8 5 6 1151284364
a range +23 +70.8 5 6 0.13
a contact +27 +85 2 3 866938104
a range +27 +85 2 3 0.12
a contact +27 +96.8 6 5 830472924
a range +27 +96.8 6 5 0.13
a contact +29 +93 3 5 1035420251
a range +29 +93 3 5 1.31
a contact +29 +97 5 3 1140843885
a range +29 +97 5 3 1.12
a contact +31 +83 3 1 1086339679
a range +31 +83 3 1 0.12
a contact +36 +105 1 3 828779114
a range +36 +105 1 3 0.12
a contact +39 +102 3 1 803221112
a range +39 +102 3 1 0.12
a contact +40 +102 5 6 863364819
a range +40 +102 5 6 0.13
a contact +41 +89 2 3 834596690
a range +41 +89 2 3 0.12
a contact +46 +96 2 3 1136894900
a range +46 +96 2 3 0.12
a contact +49 +112 2 5 985368019
a range +49 +112 2 5 1.24
a contact +54 +120 2 5 1147631305
a range +54 +120 2 5 1.3
a contact +60 +109 1 2 1025846578
a range +60 +109 1 2 0.12
a contact +61 +129.8 5 4 1121173159
a range +61 +129.8 5 4 0.13
a contact +63 +125 3 1 1147517543
a range +63 +125 3 1 0.12
a contact +65 +124 5 2 843740004
a range +65 +124 5 2 1.03
a contact +65 +118 3 4 893153826
a range +65 +118 3 4 1.11
a contact +65 +122 3 4 814485392
a range +65 +122 3 4 1.33
a contact +66 +121 2 1 1162704851
a range +66 +121 2 1 0.12
a contact +70 +132 6 4 1166502636
a range +70 +132 6 4 0.13
a contact +79 +132.8 5 3 831684280
a range +79 +132.8 5 3 1.22
a contact +84 +134 5 4 938111928
a range +84 +134 5 4 0.13
a contact +88 +156 4 2 1035398209
a range +88 +156 4 2 1.09
a contact +97 +164 5 6 997707353
a range +97 +164 5 6 0.13
a contact +98 +164 2 3 804227112
a range +98 +164 2 3 0.12
a contact +99 +168 5 3 937418410
a range +99 +168 5 3 1.31
a contact +103 +153.8 4 5 989610032
a range +103 +153.8 4 5 0.13
a contact +108 +168 3 1 926706253
a range +108 +168 3 1 0.12
a contact +114 +175 2 1 1080782479
a range +114 +175 2 1 0.12
a contact +115 +170 3 5 1118097743
a range +115 +170 3 5 1.27
a contact +117 +166 3 2 1051908026
a range +117 +166 3 2 0.12
a contact +121 +173.8 5 3 991287246
a range +121 +173.8 5 3 1.34
a contact +122 +182 4 5 1090131285
a range +122 +182 4 5 0.13
a contact +124 +172.8 6 4 819223160
a range +124 +172.8 6 4 0.13
a contact +127 +189 6 4 967159217
a range +127 +189 6 4 0.13
a contact +131 +184 3 2 965487732
a range +131 +184 3 2 0.12
a contact +132 +181 3 4 915183356
a range +132 +181 3 4 1.15
a contact +134 +189.8 6 4 1039487328
a range +134 +189.8 6 4 0.13
a contact +136 +189 2 4 855264952
a range +136 +189 2 4 1.14
a contact +138 +208 2 5 973938241
a range +138 +208 2 5 1.22
a contact +142 +213 3 4 944903391
a range +142 +213 3 4 1.3
a contact +143 +198 1 3 1184030109
a range +143 +198 1 3 0.12
a contact +148 +213 1 2 1121656203
a range +148 +213 1 2 0.12
a contact +148 +203 2 4 909788031
a range +148 +203 2 4 1.31
a contact +150 +220 3 2 1068234542
a range +150 +220 3 2 0.12
a contact +150 +215.8 6 5 1149134112
a range +150 +215.8 6 5 0.13
a contact +158 +215 3 2 986794196
a range +158 +215 3 2 0.12
a contact +166 +214 2 4 1059683371
a range +166 +214 2 4 1.35
a contact +167 +238 2 1 894199189
a range +167 +238 2 1 0.12
a contact +168 +228 2 1 1022839467
a range +168 +228 2 1 0.12
a contact +168 +230 2 5 978039994
a range +168 +230 2 5 1.03
a contact +174 +231 4 6 1058800343
a range +174 +231 4 6 0.13
a contact +184 +237 2 4 1000404630
a range +184 +237 2 4 1.08
a contact +187 +244 1 2 1042055379
a range +187 +244 1 2 0.12
a contact +192 +256 1 2 994119365
a range +192 +256 1 2 0.12
a contact +207 +271 2 1 1020994575
a range +207 +271 2 1 0.12
a contact +213 +279 4 5 986462351
a range +213 +279 4 5 0.13
a contact +214 +270 4 6 835190653
a range +214 +270 4 6 0.13
a contact +216 +274 1 2 881138645
a range +216 +274 1 2 0.12
a contact +233 +298 5 3 1109870950
a range +233 +298 5 3 1.35
a contact +244 +301 4 5 1070661583
a range +244 +301 4 5 0.13
a contact +250 +312 3 5 819946954
a range +250 +312 3 5 1.1
a contact +250 +317 5 3 1170720094
a range +250 +317 5 3 1.18
a contact +250 +305 6 4 832466235
a range +250 +305 6 4 0.13
a contact +253 +322 2 5 876631118
a range +253 +322 2 5 1.14
a contact +254 +306 4 2 1017785050
a range +254 +306 4 2 1.07
a contact +256 +318 6 4 1003366308
a range +256 +318 6 4 0.13
a contact +257 +315 5 3 1154221566
a range +257 +315 5 3 1.22
a contact +260 +329 3 5 934195113
a range +260 +329 3 5 1.05
a contact +261 +329.8 4 6 884841614
a range +261 +329.8 4 6 0.13
a contact +264 +313 2 4 1145939018
a range +264 +313 2 4 1.35
a contact +269 +317 3 1 998525068
a range +269 +317 3 1 0.12
a contact +274 +329 3 5 1094755450
a range +274 +329 3 5 1.08
a contact +275 +341 2 1 872690193
a range +275 +341 2 1 0.12
a contact +280 +340 6 4 1169993570
a range +280 +340 6 4 0.13
a contact +284 +351 4 6 952859282
a range +284 +351 4 6 0.13
a contact +285 +338 3 2 1169168932
a range +285 +338 3 2 0.12
a contact +286 +351.8 5 6 882150503
a range +286 +351.8 5 6 0.13
a contact +287 +339.8 6 4 1134483350
a range +287 +339.8 6 4 0.13
a contact +289 +360 2 1 1133929281
a range +289 +360 2 1 0.12
a contact +291 +353 2 1 1100565235
a range +291 +353 2 1 0.12
a contact +296 +362 1 3 827220652
a range +296 +362 1 3 0.12
a contact +297 +368 1 2 955493609
a range +297 +368 1 2 0.12
a contact +310 +358 2 4 1106477072
a range +310 +358 2 4 1.08
a contact +311 +376.8 4 2 840319964
a range +311 +376.8 4 2 1.26
a contact +314 +365 5 2 917748842
a range +314 +365 5 2 1.14
a contact +319 +369 5 4 1061951476
a range +319 +369 5 4 0.13
a contact +326 +391 6 5 833851841
a range +326 +391 6 5 0.13
a contact +329 +394 4 2 996375199
a range +329 +394 4 2 1.2
a contact +333 +387 6 5 1193147367
a range +333 +387 6 5 0.13
a contact +334 +388 4 2 925327001
a range +334 +388 4 2 1.03
a contact +336 +393.8 6 5 1154895193
a range +336 +393.8 6 5 0.13
a contact +341 +401 4 5 833240776
a range +341 +401 4 5 0.13
a contact +342 +409 5 6 951357936
a range +342 +409 5 6 0.13
a contact +343 +399.8 5 6 955078877
a range +343 +399.8 5 6 0.13
a contact +344 +392 6 5 854966508
a range +344 +392 6 5 0.13
a contact +349 +418 1 2 920018638
a range +349 +418 1 2 0.12
a contact +350 +406 3 1 950035649
a range +350 +406 3 1 0.12
a contact +354 +408 2 1 985169006
a range +354 +408 2 1 0.12
a contact +354 +402 2 5 1079528663
a range +354 +402 2 5 1.29
a contact +356 +407 4 3 973783427
a range +356 +407 4 3 1.25
a contact +362 +423 5 3 1120452807
a range +362 +423 5 3 1.08
a contact +363 +426 4 3 947566984
a range +363 +426 4 3 1.3
a contact +363 +414 6 4 1061087676
a range +363 +414 6 4 0.13
a contact +367 +426 3 4 1123889135
a range +367 +426 3 4 1.12
a contact +368 +439 1 3 1050739921
a range +368 +439 1 3 0.12
a contact +368 +423 1 3 831263680
a range +368 +423 1 3 0.12
a contact +369 +426 2 3 1188750478
a range +369 +426 2 3 0.12
a contact +372 +423 3 4 1137977958
a range +372 +423 3 4 1.36
a contact +372 +440 3 4 1038890034
a range +372 +440 3 4 1.34
a contact +377 +431 2 3 1173721837
a range +377 +431 2 3 0.12
a contact +379 +433 5 6 901792506
a range +379 +433 5 6 0.13
a contact +380 +435 3 1 1071399929
a range +380 +435 3 1 0.12
a contact +380 +431 3 2 1179272722
a range +380 +431 3 2 0.12
a contact +384 +445 3 2 938281886
a range +384 +445 3 2 0.12
a contact +388 +455.8 4 5 1098463339
a range +388 +455.8 4 5 0.13
a contact +390 +448 4 2 1133399131
a range +390 +448 4 2 1.34
a contact +398 +458.8 6 4 940253211
a range +398 +458.8 6 4 0.13
a contact +401 +465.8 5 3 987750333
a range +401 +465.8 5 3 1.18
a contact +405 +466.8 5 3 875451762
a range +405 +466.8 5 3 1.35
a contact +406 +471 3 2 1180603084
a range +406 +471 3 2 0.12
a contact +406 +461 5 2 956653872
a range +406 +461 5 2 1.08
a contact +406 +454 4 6 829509108
a range +406 +454 4 6 0.13
a contact +409 +465 3 4 1193078181
a range +409 +465 3 4 1.05
a contact +413 +471 4 3 884237987
a range +413 +471 4 3 1.33
a contact +415 +474 3 1 1052939681
a range +415 +474 3 1 0.12
a contact +427 +495 1 2 956825385
a range +427 +495 1 2 0.12
a contact +429 +495 2 5 1173099640
a range +429 +495 2 5 1.34
a contact +436 +505 2 3 814213438
a range +436 +505 2 3 0.12
a contact +447 +509 5 4 808454960
a range +447 +509 5 4 0.13
a contact +451 +513 3 5 852295508
a range +451 +513 3 5 1.23
a contact +460 +512 2 1 1101275835
a range +460 +512 2 1 0.12
a contact +460 +520.8 5 2 1097884429
a range +460 +520.8 5 2 1.22
a contact +463 +517 1 2 995414356
a range +463 +517 1 2 0.12
a contact +465 +521 4 3 937205135
a range +465 +521 4 3 1.35
a contact +467 +515.8 5 6 1072544289
a range +467 +515.8 5 6 0.13
a contact +480 +534 3 4 989786409
a range +480 +534 3 4 1.22
a contact +481 +540.8 6 5 819242149
a range +481 +540.8 6 5 0.13
a contact +482 +535 4 6 969240316
a range +482 +535 4 6 0.13
a contact +483 +532 6 5 1120924935
a range +483 +532 6 5 0.13
a contact +485 +555 3 2 1026215976
a range +485 +555 3 2 0.12
a contact +485 +533.8 6 4 1078560878
a range +485 +533.8 6 4 0.13
a contact +486 +550 5 3 892023548
a range +486 +550 5 3 1.08
a contact +493 +542 1 3 1070167126
a range +493 +542 1 3 0.12
a contact +494 +551 4 3 1168156329
a range +494 +551 4 3 1.16
a contact +495 +546 5 2 1135500362
a range +495 +546 5 2 1.37
a contact +495 +566 4 3 987932802
a range +495 +566 4 3 1.12
a contact +498 +566 1 2 1043201155
a range +498 +566 1 2 0.12
a contact +501 +550 4 2 1148666362
a range +501 +550 4 2 1.25
a contact +505 +576 2 4 933630515
a range +505 +576 2 4 1.25
a contact +508 +559 2 1 912239489
a range +508 +559 2 1 0.12
a contact +512 +561 1 3 1151903575
a range +512 +561 1 3 0.12
a contact +513 +574.8 4 3 983180132
a range +513 +574.8 4 3 1.18
a contact +513 +570.8 4 5 1029798862
a range +513 +570.8 4 5 0.13
a contact +514 +572 2 1 968787494
a range +514 +572 2 1 0.12
a contact +515 +571 2 3 1087316829
a range +515 +571 2 3 0.12
a contact +518 +584 6 5 960358444
a range +518 +584 6 5 0.13
a contact +521 +588 2 4 835251287
a range +521 +588 2 4 1.09
a contact +523 +574 4 6 1140534088
a range +523 +574 4 6 0.13
a contact +525 +580 4 2 1126137441
a range +525 +580 4 2 1.07
a contact +527 +598 3 2 934096700
a range +527 +598 3 2 0.12
a contact +528 +578 3 2 1147740100
a range +528 +578 3 2 0.12
a contact +532 +593 2 4 1174169680
a range +532 +593 2 4 1.38
a contact +533 +595 1 2 846607098
a range +533 +595 1 2 0.12
a contact +534 +593 2 4 1018549569
a range +534 +593 2 4 1.31
a contact +535 +595 4 6 1151033003
a range +535 +595 4 6 0.13
a contact +540 +599 3 1 1145763369
a range +540 +599 3 1 0.12
a contact +540 +589 3 2 1025556036
a range +540 +589 3 2 0.12
a contact +544 +592 3 5 1084531126
a range +544 +592 3 5 1.17
a contact +553 +615 1 2 1143192943
a range +553 +615 1 2 0.12
a contact +555 +624.8 4 3 1034688795
a range +555 +624.8 4 3 1.06
a contact +560 +621.8 4 2 1027156484
a range +560 +621.8 4 2 1.34
a contact +561 +628 3 5 1197595732
a range +561 +628 3 5 1.16
a contact +562 +617 3 2 842527463
a range +562 +617 3 2 0.12
a contact +562 +611.8 5 6 969171365
a range +562 +611.8 5 6 0.13
a contact +563 +613 3 1 1138561823
a range +563 +613 3 1 0.12
a contact +564 +612 4 5 1005866636
a range +564 +612 4 5 0.13
a contact +566 +618 1 2 806624089
a range +566 +618 1 2 0.12
a contact +570 +633.8 5 6 869616603
a range +570 +633.8 5 6 0.13
a contact +571 +623 1 2 959371738
a range +571 +623 1 2 0.12
a contact +571 +640.8 5 4 983217413
a range +571 +640.8 5 4 0.13
a contact +573 +628.8 5 2 848554534
a range +573 +628.8 5 2 1.14
a contact +573 +627 3 5 1008859369
a range +573 +627 3 5 1.32
a contact +573 +624.8 6 4 1193881977
a range +573 +624.8 6 4 0.13
a contact +583 +645 2 3 982658087
a range +583 +645 2 3 0.12
a contact +584 +642 3 2 906671302
a range +584 +642 3 2 0.12
a contact +584 +646 6 4 909602819
a range +584 +646 6 4 0.13
a contact +588 +640 3 5 1154262845
a range +588 +640 3 5 1.34
a contact +600 +666.8 5 4 1101112618
a range +600 +666.8 5 4 0.13
a contact +602 +654 2 1 1147002084
a range +602 +654 2 1 0.12
a contact +606 +660 1 3 920426615
a range +606 +660 1 3 0.12
a contact +615 +675 5 3 1093959770
a range +615 +675 5 3 1.03
a contact +617 +676 3 2 1071260757
a range +617 +676 3 2 0.12
a contact +618 +673 3 1 950275509
a range +618 +673 3 1 0.12
a contact +624 +681 2 5 819640722
a range +624 +681 2 5 1.29
a contact +625 +689.8 5 2 902600227
a range +625 +689.8 5 2 1.21
a contact +632 +682 2 4 1003801913
a range +632 +682 2 4 1.26
a contact +642 +703 3 5 839336947
a range +642 +703 3 5 1.31
a contact +651 +715 3 4 987281891
a range +651 +715 3 4 1.3
a contact +654 +722.8 6 4 918034678
a range +654 +722.8 6 4 0.13
a contact +656 +719 1 2 926140331
a range +656 +719 1 2 0.12
a contact +658 +716.8 4 5 986737063
a range +658 +716.8 4 5 0.13
a contact +660 +719 4 5 998523809
a range +660 +719 4 5 0.13
a contact +664 +723 2 5 856496942
a range +664 +723 2 5 1.02
a contact +665 +724.8 5 3 1088063735
a range +665 +724.8 5 3 1.04
a contact +665 +724.8 4 6 999047386
a range +665 +724.8 4 6 0.13
a contact +667 +727 2 3 1057409566
a range +667 +727 2 3 0.12
a contact +669 +727 2 5 872892153
a range +669 +727 2 5 1.09
a contact +670 +721 4 5 807027883
a range +670 +721 4 5 0.13
a contact +671 +737 4 3 1129232194
a range +671 +737 4 3 1.25
a contact +678 +728 4 3 1020052881
a range +678 +728 4 3 1.06
a contact +683 +730.8 4 6 907142816
a range +683 +730.8 4 6 0.13
a contact +687 +754 5 2 1139072596
a range +687 +754 5 2 1.2
a contact +689 +747 6 4 1077027124
a range +689 +747 6 4 0.13
a contact +693 +743.8 5 4 819401196
a range +693 +743.8 5 4 0.13
a contact +697 +759 2 5 934146949
a range +697 +759 2 5 1.07
a contact +698 +746 3 1 962578245
a range +698 +746 3 1 0.12
a contact +704 +770.8 5 6 1021143633
a range +704 +770.8 5 6 0.13
a contact +705 +756 5 3 958503829
a range +705 +756 5 3 1.08
a contact +706 +766 4 2 916373201
a range +706 +766 4 2 1.06
a contact +721 +789 3 1 1070903024
a range +721 +789 3 1 0.12
a contact +721 +777 5 4 939785225
a range +721 +777 5 4 0.13
a contact +730 +784 3 1 1124644812
a range +730 +784 3 1 0.12
a contact +731 +791.8 4 3 1034787102
a range +731 +791.8 4 3 1.24
a contact +732 +794 5 2 1151184504
a range +732 +794 5 2 1.11
a contact +733 +780.8 5 2 1062563512
a range +733 +780.8 5 2 1.13
a contact +737 +808 4 3 955339492
a range +737 +808 4 3 1.11
a contact +739 +796.8 4 2 1004112042
a range +739 +796.8 4 2 1.19
a contact +741 +798.8 5 6 942847223
a range +741 +798.8 5 6 0.13
a contact +743 +796 6 4 1164200107
a range +743 +796 6 4 0.13
a contact +751 +808 6 4 837077993
a range +751 +808 6 4 0.13
a contact +753 +806 2 4 1113639792
a range +753 +806 2 4 1.08
a contact +753 +804 6 4 1113933925
a range +753 +804 6 4 0.13
a contact +755 +807 4 6 861299416
a range +755 +807 4 6 0.13
a contact +759 +810 4 3 1067519007
a range +759 +810 4 3 1.3
a contact +761 +822 5 4 1174162013
a range +761 +822 5 4 0.13
a contact +763 +819 4 3 1018731653
a range +763 +819 4 3 1.03
a contact +766 +833 3 5 950141018
a range +766 +833 3 5 1.1
a contact +766 +833 4 5 999071612
a range +766 +833 4 5 0.13
a contact +768 +837 2 3 1194379409
a range +768 +837 2 3 0.12
a contact +768 +837 3 4 872766103
a range +768 +837 3 4 1.02
a contact +768 +817 6 5 1182810000
a range +768 +817 6 5 0.13
a contact +771 +840.8 4 3 1182523390
a range +771 +840.8 4 3 1.35
a contact +778 +839.8 4 2 904195794
a range +778 +839.8 4 2 1.19
a contact +778 +846 3 5 1102102498
a range +778 +846 3 5 1.3
a contact +780 +849 2 5 1031523588
a range +780 +849 2 5 1.08
a contact +780 +830 4 3 903102778
a range +780 +830 4 3 1.24
a contact +782 +838 1 3 882355990
a range +782 +838 1 3 0.12
a contact +782 +840 6 4 1068923660
a range +782 +840 6 4 0.13
a contact +786 +856 5 3 1137519694
a range +786 +856 5 3 1.13
a contact +795 +864 5 2 928725510
a range +795 +864 5 2 1.15
a contact +799 +859 1 3 1168382658
a range +799 +859 1 3 0.12
a contact +801 +860.8 5 4 1133971952
a range +801 +860.8 5 4 0.13
a contact +817 +885 1 2 1153515516
a range +817 +885 1 2 0.12
a contact +820 +879 6 5 919177229
a range +820 +879 6 5 0.13
a contact +825 +891.8 6 4 972599819
a range +825 +891.8 6 4 0.13
a contact +826 +874 2 4 984292932
a range +826 +874 2 4 1.26
a contact +826 +887.8 4 2 911332310
a range +826 +887.8 4 2 1.29
a contact +827 +885.8 5 4 1031181845
a range +827 +885.8 5 4 0.13
a contact +829 +883.8 5 4 1149859833
a range +829 +883.8 5 4 0.13
a contact +831 +884 6 5 1103356013
a range +831 +884 6 5 0.13
a contact +837 +888.8 4 6 1143225250
a range +837 +888.8 4 6 0.13
a contact +838 +906 2 3 1003827068
a range +838 +906 2 3 0.12
a contact +850 +899 4 5 1091983350
a range +850 +899 4 5 0.13
a contact +852 +919 4 5 890916641
a range +852 +919 4 5 0.13
a contact +855 +922.8 4 2 1181607716
a range +855 +922.8 4 2 1.1
a contact +857 +918 4 6 847924574
a range +857 +918 4 6 0.13
a contact +858 +913 4 2 1182044577
a range +858 +913 4 2 1.08
a contact +863 +924 3 2 1088648658
a range +863 +924 3 2 0.12
a contact +867 +931 1 3 807906688
a range +867 +931 1 3 0.12
a contact +875 +943 3 2 805576879
a range +875 +943 3 2 0.12
a contact +876 +937 5 2 1106353055
a range +876 +937 5 2 1.25
a contact +877 +942 3 5 904231496
a range +877 +942 3 5 1.11
a contact +879 +941 5 3 896711323
a range +879 +941 5 3 1.1
a contact +880 +931 5 4 998601741
a range +880 +931 5 4 0.13
a contact +884 +944 3 4 939631472
a range +884 +944 3 4 1.25
a contact +887 +936 6 5 1013553661
a range +887 +936 6 5 0.13
a contact +889 +939 5 6 1105850979
a range +889 +939 5 6 0.13
a contact +890 +949 4 2 1094325461
a range +890 +949 4 2 1.29
a contact +890 +961 3 4 1142565702
a range +890 +961 3 4 1.12
a contact +892 +954 2 1 857219478
a range +892 +954 2 1 0.12
a contact +896 +964 6 4 839732670
a range +896 +964 6 4 0.13
a contact +897 +959 2 4 834134117
a range +897 +959 2 4 1.29
a contact +897 +957.8 5 2 887761845
a range +897 +957.8 5 2 1.29
a contact +901 +965 1 3 815952544
a range +901 +965 1 3 0.12
a contact +903 +966 4 6 1008012778
a range +903 +966 4 6 0.13
a contact +904 +975 1 3 1196767598
a range +904 +975 1 3 0.12
a contact +905 +956 2 1 1140329965
a range +905 +956 2 1 0.12
a contact +906 +970 2 5 945611474
a range +906 +970 2 5 1.2
a contact +907 +972.8 5 4 1123920275
a range +907 +972.8 5 4 0.13
a contact +909 +963 3 4 864886368
a range +909 +963 3 4 1.16
a contact +912 +963 1 3 1144579591
a range +912 +963 1 3 0.12
a contact +919 +983 1 3 1057040301
a range +919 +983 1 3 0.12
a contact +920 +969 2 1 856860837
a range +920 +969 2 1 0.12
a contact +924 +981 2 3 997432130
a range +924 +981 2 3 0.12
a contact +929 +985.8 4 3 923816366
a range +929 +985.8 4 3 1.16
a contact +937 +988 3 4 800194149
a range +937 +988 3 4 1.17
a contact +941 +1009 3 4 1173791655
a range +941 +1009 3 4 1.12
a contact +943 +1006.8 4 2 910873206
a range +943 +1006.8 4 2 1.18
a contact +946 +1001 6 4 855814811
a range +946 +1001 6 4 0.13
a contact +948 +1004 4 5 896004625
a range +948 +1004 4 5 0.13
a contact +948 +999 5 6 872668706
a range +948 +999 5 6 0.13
a contact +951 +1015 2 3 916445058
a range +951 +1015 2 3 0.12
a contact +951 +1000.8 4 6 932101553
a range +951 +1000.8 4 6 0.13
a contact +957 +1028 4 6 873471591
a range +957 +1028 4 6 0.13
a contact +958 +1028 1 2 1153247872
a range +958 +1028 1 2 0.12
a contact +960 +1022 1 2 904575867
a range +960 +1022 1 2 0.12
a contact +961 +1019 2 1 1129923865
a range +961 +1019 2 1 0.12
a contact +963 +1023 3 5 887446126
a range +963 +1023 3 5 1.26
a contact +964 +1028 6 5 910135152
a range +964 +1028 6 5 0.13
a contact +970 +1021 3 5 997141315
a range +970 +1021 3 5 1.23
a contact +974 +1032 2 5 820522943
a range +974 +1032 2 5 1.16
a contact +975 +1041 4 2 1006882817
a range +975 +1041 4 2 1.12
a contact +975 +1041.8 5 6 1119689488
a range +975 +1041.8 5 6 0.13
a contact +981 +1050 4 5 922903516
a range +981 +1050 4 5 0.13
a contact +981 +1049 5 4 1184396491
a range +981 +1049 5 4 0.13
a contact +984 +1044 5 4 982318277
a range +984 +1044 5 4 0.13
a contact +985 +1052 5 2 1058901587
a range +985 +1052 5 2 1.18
a contact +985 +1040 5 2 1030713437
a range +985 +1040 5 2 1.15
a contact +987 +1044 3 4 1167491275
a range +987 +1044 3 4 1.04
a contact +992 +1049 2 5 842671010
a range +992 +1049 2 5 1.38
a contact +992 +1062 6 5 1056827594
a range +992 +1062 6 5 0.13
a contact +997 +1067 5 4 1096618857
a range +997 +1067 5 4 0.13
a contact +997 +1064 5 6 819763790
a range +997 +1064 5 6 0.13
a contact +1002 +1064 1 2 1172606953
a range +1002 +1064 1 2 0.12
a contact +1011 +1074 4 3 1176129755
a range +1011 +1074 4 3 1.13
a contact +1012 +1082 2 3 1078703194
a range +1012 +1082 2 3 0.12
a contact +1018 +1079 1 3 1137462786
a range +1018 +1079 1 3 0.12
a contact +1018 +1078 3 5 1154097790
a range +1018 +1078 3 5 1.06
a contact +1024 +1095 2 4 1138777878
a range +1024 +1095 2 4 1.13
a contact +1031 +1083.8 5 4 932301311
a range +1031 +1083.8 5 4 0.13
a contact +1033 +1098 1 2 1066640061
a range +1033 +1098 1 2 0.12
a contact +1035 +1095 3 4 1174659359
a range +1035 +1095 3 4 1.02
a contact +1036 +1093 3 4 1150501849
a range +1036 +1093 3 4 1.38
a contact +1036 +1090.8 5 4 892924414
a range +1036 +1090.8 5 4 0.13
a contact +1040 +1107 2 4 1033607836
a range +1040 +1107 2 4 1.2
a contact +1041 +1092 5 2 934630734
a range +1041 +1092 5 2 1.35
a contact +1041 +1091.8 6 4 975646189
a range +1041 +1091.8 6 4 0.13
a contact +1042 +1108 3 2 987160986
a range +1042 +1108 3 2 0.12
a contact +1044 +1115 3 2 1021788703
a range +1044 +1115 3 2 0.12
a contact +1049 +1107 4 3 1095956189
a range +1049 +1107 4 3 1.14
a contact +1052 +1120 3 2 1096063787
a range +1052 +1120 3 2 0.12
a contact +1054 +1108 3 5 989052969
a range +1054 +1108 3 5 1.09
a contact +1054 +1107 6 5 902736514
a range +1054 +1107 6 5 0.13
a contact +1062 +1129 3 2 961080613
a range +1062 +1129 3 2 0.12
a contact +1066 +1133.8 4 6 1128035644
a range +1066 +1133.8 4 6 0.13
a contact +1071 +1128 3 1 814939632
a range +1071 +1128 3 1 0.12
a contact +1075 +1129 3 5 939268757
a range +1075 +1129 3 5 1.06
a contact +1081 +1132.8 4 6 1151988642
a range +1081 +1132.8 4 6 0.13
a contact +1084 +1148 1 3 1151159662
a range +1084 +1148 1 3 0.12
a contact +1084 +1155 3 1 826898767
a range +1084 +1155 3 1 0.12
a contact +1092 +1139.8 5 4 884401179
a range +1092 +1139.8 5 4 0.13
a contact +1093 +1149 6 5 884856471
a range +1093 +1149 6 5 0.13
a contact +1096 +1163 1 3 1062203418
a range +1096 +1163 1 3 0.12
a contact +1096 +1151 3 1 989023316
a range +1096 +1151 3 1 0.12
a contact +1097 +1163 1 2 1000046355
a range +1097 +1163 1 2 0.12
a contact +1101 +1166 5 4 854720452
a range +1101 +1166 5 4 0.13
a contact +1118 +1178.8 5 6 876785295
a range +1118 +1178.8 5 6 0.13
a contact +1119 +1184 5 3 1169877794
a range +1119 +1184 5 3 1.29
a contact +1123 +1175 3 1 910420347
a range +1123 +1175 3 1 0.12
a contact +1124 +1194 5 4 975830142
a range +1124 +1194 5 4 0.13
a contact +1125 +1187 4 3 874831221
a range +1125 +1187 4 3 1.15
a contact +1130 +1183 3 4 992875236
a range +1130 +1183 3 4 1.18
a contact +1135 +1190 3 1 902304933
a range +1135 +1190 3 1 0.12
a contact +1138 +1208 1 3 1017826882
a range +1138 +1208 1 3 0.12
a contact +1143 +1203 1 2 1117099419
a range +1143 +1203 1 2 0.12
a contact +1144 +1209.8 5 6 925704898
a range +1144 +1209.8 5 6 0.13
a contact +1145 +1193 2 4 1114653369
a range +1145 +1193 2 4 1.23
a contact +1150 +1206 2 1 1005264051
a range +1150 +1206 2 1 0.12
a contact +1155 +1207 4 6 1135164296
a range +1155 +1207 4 6 0.13
a contact +1156 +1220 2 4 1117055789
a range +1156 +1220 2 4 1.32
a contact +1158 +1218 5 2 1061179281
a range +1158 +1218 5 2 1.2
a contact +1158 +1214 4 3 1034907398
a range +1158 +1214 4 3 1.08
a contact +1167 +1222 5 6 851487775
a range +1167 +1222 5 6 0.13
a contact +1173 +1230 4 5 989759918
a range +1173 +1230 4 5 0.13
a contact +1181 +1238.8 4 5 1025254828
a range +1181 +1238.8 4 5 0.13
a contact +1183 +1249 2 1 825367424
a range +1183 +1249 2 1 0.12
a contact +1189 +1258 5 3 932427985
a range +1189 +1258 5 3 1.2
a contact +1193 +1260 6 4 1182523641
a range +1193 +1260 6 4 0.13
a contact +1203 +1262 4 5 1161664534
a range +1203 +1262 4 5 0.13
a contact +1206 +1255 5 2 1057120529
a range +1206 +1255 5 2 1.16
a contact +1209 +1273 3 1 870460544
a range +1209 +1273 3 1 0.12
a contact +1210 +1272 2 4 1169683644
a range +1210 +1272 2 4 1.35
a contact +1211 +1265 2 1 975773788
a range +1211 +1265 2 1 0.12
a contact +1214 +1279 4 2 912165864
a range +1214 +1279 4 2 1.12
a contact +1216 +1271 3 1 890926765
a range +1216 +1271 3 1 0.12
a contact +1218 +1266 2 4 804620791
a range +1218 +1266 2 4 1.09
a contact +1218 +1266 3 5 1005164594
a range +1218 +1266 3 5 1.3
a contact +1229 +1288 4 5 983178856
a range +1229 +1288 4 5 0.13
a contact +1236 +1285 1 3 989192307
a range +1236 +1285 1 3 0.12
a contact +1237 +1304 2 3 1176887193
a range +1237 +1304 2 3 0.12
a contact +1237 +1298 5 4 865873364
a range +1237 +1298 5 4 0.13
a contact +1240 +1288 2 4 993958154
a range +1240 +1288 2 4 1.36
a contact +1240 +1303 5 6 1127507816
a range +1240 +1303 5 6 0.13
a contact +1241 +1294 3 1 948505071
a range +1241 +1294 3 1 0.12
a contact +1241 +1290.8 5 6 825402373
a range +1241 +1290.8 5 6 0.13
a contact +1250 +1309 5 4 1161956105
a range +1250 +1309 5 4 0.13
a contact +1254 +1314 5 2 1077546900
a range +1254 +1314 5 2 1.35
a contact +1255 +1322 5 2 1135892468
a range +1255 +1322 5 2 1.14
a contact +1260 +1322 3 1 1198976114
a range +1260 +1322 3 1 0.12
a contact +1264 +1326.8 5 2 1187285105
a range +1264 +1326.8 5 2 1.3
a contact +1266 +1314 2 1 998625205
a range +1266 +1314 2 1 0.12
a contact +1268 +1328 3 4 920013469
a range +1268 +1328 3 4 1.31
a contact +1268 +1322.8 5 4 1053789276
a range +1268 +1322.8 5 4 0.13
a contact +1270 +1327 2 4 1076243194
a range +1270 +1327 2 4 1.32
a contact +1277 +1343 2 3 1139909803
a range +1277 +1343 2 3 0.12
a contact +1281 +1335 3 5 1115477407
a range +1281 +1335 3 5 1.33
a contact +1282 +1331 2 4 1023529995
a range +1282 +1331 2 4 1.11
a contact +1284 +1335 4 5 1004562575
a range +1284 +1335 4 5 0.13
a contact +1287 +1343 3 1 1109254101
a range +1287 +1343 3 1 0.12
a contact +1287 +1357 2 3 892162278
a range +1287 +1357 2 3 0.12
a contact +1291 +1355 5 6 1040924886
a range +1291 +1355 5 6 0.13
a contact +1292 +1340 3 2 965663021
a range +1292 +1340 3 2 0.12
a contact +1294 +1345 2 4 1115139798
a range +1294 +1345 2 4 1.19
a contact +1297 +1364 2 5 1023341029
a range +1297 +1364 2 5 1.18
a contact +1297 +1364.8 5 3 903108431
a range +1297 +1364.8 5 3 1.3
a contact +1305 +1359 1 3 876045276
a range +1305 +1359 1 3 0.12
a contact +1305 +1368 4 6 908051152
a range +1305 +1368 4 6 0.13
a contact +1307 +1355 2 1 1005027487
a range +1307 +1355 2 1 0.12
a contact +1312 +1383 2 5 843106913
a range +1312 +1383 2 5 1.15
a contact +1315 +1381 1 3 813945238
a range +1315 +1381 1 3 0.12
a contact +1315 +1383 4 2 1051016294
a range +1315 +1383 4 2 1.32
a contact +1316 +1375 4 5 1092079527
a range +1316 +1375 4 5 0.13
a contact +1324 +1390 2 5 919865785
a range +1324 +1390 2 5 1.05
a contact +1324 +1374 3 4 964419120
a range +1324 +1374 3 4 1.17
a contact +1325 +1379 5 3 970178658
a range +1325 +1379 5 3 1.17
a contact +1326 +1382 3 2 931307955
a range +1326 +1382 3 2 0.12
a contact +1327 +1395 3 1 1056563042
a range +1327 +1395 3 1 0.12
a contact +1330 +1394 2 1 840252537
a range +1330 +1394 2 1 0.12
a contact +1330 +1391 1 3 1112244388
a range +1330 +1391 1 3 0.12
a contact +1332 +1380 2 3 1104771359
a range +1332 +1380 2 3 0.12
a contact +1332 +1393 4 3 1133079992
a range +1332 +1393 4 3 1.21
a contact +1332 +1396 3 5 992402850
a range +1332 +1396 3 5 1.24
a contact +1334 +1395.8 4 6 1117257552
a range +1334 +1395.8 4 6 0.13
a contact +1337 +1402.8 4 3 918335977
a range +1337 +1402.8 4 3 1.16
a contact +1340 +1392 2 3 969973890
a range +1340 +1392 2 3 0.12
a contact +1344 +1392 3 2 879533852
a range +1344 +1392 3 2 0.12
a contact +1346 +1413 2 1 1023446819
a range +1346 +1413 2 1 0.12
a contact +1361 +1414.8 5 3 1064792803
a range +1361 +1414.8 5 3 1.25
a contact +1365 +1428.8 4 5 1167394822
a range +1365 +1428.8 4 5 0.13
a contact +1366 +1427 2 5 904075319
a range +1366 +1427 2 5 1.28
a contact +1369 +1429 1 3 960794972
a range +1369 +1429 1 3 0.12
a contact +1370 +1428 3 1 979775333
a range +1370 +1428 3 1 0.12
a contact +1371 +1437 4 3 1055802579
a range +1371 +1437 4 3 1.03
a contact +1372 +1437 3 5 903913794
a range +1372 +1437 3 5 1.33
a contact +1375 +1438 2 5 960925986
a range +1375 +1438 2 5 1.36
a contact +1381 +1436 3 2 1164620796
a range +1381 +1436 3 2 0.12
a contact +1383 +1439.8 6 5 807019664
a range +1383 +1439.8 6 5 0.13
a contact +1388 +1453 3 5 1135598373
a range +1388 +1453 3 5 1.31
a contact +1389 +1438 4 2 882168724
a range +1389 +1438 4 2 1.19
a contact +1390 +1458.8 4 5 1153246316
a range +1390 +1458.8 4 5 0.13
a contact +1391 +1451 4 5 1105752283
a range +1391 +1451 4 5 0.13
a contact +1395 +1460 3 1 946697277
a range +1395 +1460 3 1 0.12
a contact +1403 +1459.8 5 3 1001914339
a range +1403 +1459.8 5 3 1.29
a contact +1404 +1462 1 2 954260054
a range +1404 +1462 1 2 0.12
a contact +1404 +1469 3 4 1194615233
a range +1404 +1469 3 4 1.32
a contact +1406 +1459 4 2 1090819791
a range +1406 +1459 4 2 1.02
a contact +1409 +1458 3 2 811442039
a range +1409 +1458 3 2 0.12
a contact +1410 +1474.8 5 6 1143924657
a range +1410 +1474.8 5 6 0.13
a contact +1411 +1480 2 1 1011075375
a range +1411 +1480 2 1 0.12
a contact +1413 +1465 2 1 1077410586
a range +1413 +1465 2 1 0.12
a contact +1415 +1471 3 1 1100070918
a range +1415 +1471 3 1 0.12
a contact +1417 +1480 4 2 1093440815
a range +1417 +1480 4 2 1.22
a contact +1417 +1475.8 4 2 915562885
a range +1417 +1475.8 4 2 1.38
a contact +1421 +1473 1 3 1142815614
a range +1421 +1473 1 3 0.12
a contact +1427 +1476 4 5 855897448
a range +1427 +1476 4 5 0.13
a contact +1428 +1486 2 5 1042533142
a range +1428 +1486 2 5 1.03
a contact +1440 +1491 6 5 1014857059
a range +1440 +1491 6 5 0.13
a contact +1453 +1512 2 3 1128680623
a range +1453 +1512 2 3 0.12
a contact +1455 +1524 5 3 1057994398
a range +1455 +1524 5 3 1.09
a contact +1458 +1519 6 5 831972243
a range +1458 +1519 6 5 0.13
a contact +1459 +1522.8 5 4 846767778
a range +1459 +1522.8 5 4 0.13
a contact +1461 +1529 2 5 871858954
a range +1461 +1529 2 5 1.19
a contact +1462 +1532 6 5 977697930
a range +1462 +1532 6 5 0.13
a contact +1468 +1522 3 4 1134584327
a range +1468 +1522 3 4 1.35
a contact +1472 +1538 3 5 913967178
a range +1472 +1538 3 5 1.14
a contact +1474 +1542 1 3 964106470
a range +1474 +1542 1 3 0.12
a contact +1474 +1525 3 4 954346808
a range +1474 +1525 3 4 1.33
a contact +1474 +1529 4 6 840958469
a range +1474 +1529 4 6 0.13
a contact +1475 +1536.8 4 6 1154275432
a range +1475 +1536.8 4 6 0.13
a contact +1477 +1543 2 3 1089633824
a range +1477 +1543 2 3 0.12
a contact +1486 +1549 2 3 828614212
a range +1486 +1549 2 3 0.12
a contact +1486 +1538 2 5 1001505984
a range +1486 +1538 2 5 1.34
a contact +1505 +1563 3 2 1090781914
a range +1505 +1563 3 2 0.12
a contact +1505 +1555 2 5 801943777
a range +1505 +1555 2 5 1.25
a contact +1507 +1570 4 3 931839822
a range +1507 +1570 4 3 1.2
a contact +1509 +1557 3 1 1043030300
a range +1509 +1557 3 1 0.12
a contact +1509 +1571 3 2 1053418388
a range +1509 +1571 3 2 0.12
a contact +1509 +1561 3 4 979219830
a range +1509 +1561 3 4 1.04
a contact +1510 +1559.8 5 4 940276183
a range +1510 +1559.8 5 4 0.13
a contact +1514 +1565 5 6 1043908053
a range +1514 +1565 5 6 0.13
a contact +1518 +1574 4 3 862246903
a range +1518 +1574 4 3 1.15
a contact +1520 +1583.8 5 6 974575360
a range +1520 +1583.8 5 6 0.13
a contact +1520 +1571 6 5 826301471
a range +1520 +1571 6 5 0.13
a contact +1525 +1585.8 4 6 1154985238
a range +1525 +1585.8 4 6 0.13
a contact +1527 +1595 2 4 1151436243
a range +1527 +1595 2 4 1.19
a contact +1529 +1583 4 2 896013336
a range +1529 +1583 4 2 1.12
a contact +1531 +1595 6 5 1002085120
a range +1531 +1595 6 5 0.13
a contact +1536 +1585 3 1 1046572035
a range +1536 +1585 3 1 0.12
a contact +1551 +1604 5 2 998138505
a range +1551 +1604 5 2 1.21
a contact +1551 +1607 5 3 956129633
a range +1551 +1607 5 3 1.32
a contact +1552 +1607 3 5 1088377987
a range +1552 +1607 3 5 1.29
a contact +1555 +1608 5 3 1156963691
a range +1555 +1608 5 3 1.35
a contact +1558 +1614 6 4 1160903186
a range +1558 +1614 6 4 0.13
a contact +1563 +1633 3 2 1060654262
a range +1563 +1633 3 2 0.12
a contact +1566 +1620 2 1 1012009162
a range +1566 +1620 2 1 0.12
a contact +1566 +1616 5 2 895060317
a range +1566 +1616 5 2 1.24
a contact +1568 +1629.8 5 6 1138998076
a range +1568 +1629.8 5 6 0.13
a contact +1571 +1622 5 4 865543261
a range +1571 +1622 5 4 0.13
a contact +1579 +1628 6 5 1136091611
a range +1579 +1628 6 5 0.13
a contact +1580 +1638 5 2 1039673959
a range +1580 +1638 5 2 1.38
a contact +1587 +1652.8 4 2 1152055780
a range +1587 +1652.8 4 2 1.37
a contact +1591 +1646 3 5 865479580
a range +1591 +1646 3 5 1.05
a contact +1595 +1660 1 3 1159833866
a range +1595 +1660 1 3 0.12
a contact +1598 +1660 4 6 1163315429
a range +1598 +1660 4 6 0.13
a contact +1602 +1663 5 6 1145417491
a range +1602 +1663 5 6 0.13
a contact +1603 +1654 4 2 832137315
a range +1603 +1654 4 2 1.21
a contact +1605 +1666 6 5 862073416
a range +1605 +1666 6 5 0.13
a contact +1606 +1677 2 3 1165630949
a range +1606 +1677 2 3 0.12
a contact +1613 +1672 4 6 909107198
a range +1613 +1672 4 6 0.13
a contact +1615 +1681 2 3 887057328
a range +1615 +1681 2 3 0.12
a contact +1615 +1666.8 5 2 1077279794
a range +1615 +1666.8 5 2 1.26
a contact +1616 +1683 1 3 1057659495
a range +1616 +1683 1 3 0.12
a contact +1616 +1669 4 2 1168167587
a range +1616 +1669 4 2 1.16
a contact +1617 +1669 3 5 1076785286
a range +1617 +1669 3 5 1.13
a contact +1619 +1690 3 4 1009422047
a range +1619 +1690 3 4 1.11
a contact +1620 +1672 2 4 950797066
a range +1620 +1672 2 4 1.33
a contact +1623 +1680 3 4 1190698423
a range +1623 +1680 3 4 1.29
a contact +1627 +1698 5 2 1108640948
a range +1627 +1698 5 2 1.26
a contact +1629 +1689 1 3 941735594
a range +1629 +1689 1 3 0.12
a contact +1629 +1700 4 3 1054060642
a range +1629 +1700 4 3 1.06
a contact +1630 +1700 2 5 1097877476
a range +1630 +1700 2 5 1.24
a contact +1633 +1694 1 2 900221691
a range +1633 +1694 1 2 0.12
a contact +1633 +1690 1 3 828159060
a range +1633 +1690 1 3 0.12
a contact +1633 +1697.8 4 3 1136286549
a range +1633 +1697.8 4 3 1.29
a contact +1637 +1694 2 4 918122825
a range +1637 +1694 2 4 1.29
a contact +1637 +1685 2 5 1077177833
a range +1637 +1685 2 5 1.04
a contact +1643 +1693 2 1 895049939
a range +1643 +1693 2 1 0.12
a contact +1644 +1700.8 5 2 837149066
a range +1644 +1700.8 5 2 1.24
a contact +1645 +1702.8 4 2 1143347039
a range +1645 +1702.8 4 2 1.11
a contact +1646 +1705 3 4 854193516
a range +1646 +1705 3 4 1.3
a contact +1646 +1710.8 5 4 1168096155
a range +1646 +1710.8 5 4 0.13
a contact +1647 +1712 2 3 875597679
a range +1647 +1712 2 3 0.12
a contact +1655 +1725 5 2 947791170
a range +1655 +1725 5 2 1.08
a contact +1657 +1722.8 4 5 974542445
a range +1657 +1722.8 4 5 0.13
a contact +1658 +1725 1 2 986369534
a range +1658 +1725 1 2 0.12
a contact +1669 +1720 4 6 880300744
a range +1669 +1720 4 6 0.13
a contact +1676 +1741 2 3 1166707883
a range +1676 +1741 2 3 0.12
a contact +1677 +1725.8 5 3 1020310175
a range +1677 +1725.8 5 3 1.36
a contact +1683 +1747 2 4 1029341466
a range +1683 +1747 2 4 1.15
a contact +1690 +1750 2 3 833474555
a range +1690 +1750 2 3 0.12
a contact +1690 +1758.8 5 3 817352420
a range +1690 +1758.8 5 3 1.33
a contact +1692 +1759 1 2 884940329
a range +1692 +1759 1 2 0.12
a contact +1695 +1746 2 5 990587491
a range +1695 +1746 2 5 1.05
a contact +1699 +1754 2 5 850680905
a range +1699 +1754 2 5 1.21
a contact +1703 +1772 6 5 833592335
a range +1703 +1772 6 5 0.13
a contact +1707 +1760 1 2 826462858
a range +1707 +1760 1 2 0.12
a contact +1708 +1771 4 6 917462877
a range +1708 +1771 4 6 0.13
a contact +1709 +1763 5 4 1136272063
a range +1709 +1763 5 4 0.13
a contact +1710 +1759 2 4 1001499996
a range +1710 +1759 2 4 1.35
a contact +1715 +1766 2 1 1053532803
a range +1715 +1766 2 1 0.12
a contact +1715 +1772 4 2 1039301370
a range +1715 +1772 4 2 1.15
a contact +1718 +1782 1 2 1148113258
a range +1718 +1782 1 2 0.12
a contact +1720 +1783 5 6 1026627914
a range +1720 +1783 5 6 0.13
a contact +1723 +1782 4 6 1149285842
a range +1723 +1782 4 6 0.13
a contact +1724 +1774 2 4 959972237
a range +1724 +1774 2 4 1.05
a contact +1724 +1780 2 5 949460938
a range +1724 +1780 2 5 1.28
a contact +1726 +1784.8 5 3 1079832131
a range +1726 +1784.8 5 3 1.23
a contact +1727 +1776 6 4 1018916232
a range +1727 +1776 6 4 0.13
a contact +1728 +1789.8 6 4 1009844656
a range +1728 +1789.8 6 4 0.13
a contact +1732 +1784 4 5 1012460265
a range +1732 +1784 4 5 0.13
a contact +1734 +1798.8 5 6 926947025
a range +1734 +1798.8 5 6 0.13
a contact +1737 +1798.8 5 3 1144101709
a range +1737 +1798.8 5 3 1.21
a contact +1740 +1791 6 5 915286474
a range +1740 +1791 6 5 0.13
a contact +1748 +1800 6 4 1088865215
a range +1748 +1800 6 4 0.13
a contact +1750 +1800 4 5 1047080133
a range +1750 +1800 4 5 0.13
a contact +1753 +1800 2 3 960880789
a range +1753 +1800 2 3 0.12
a contact +1758 +1800 2 3 855866308
a range +1758 +1800 2 3 0.12
a contact +1758 +1800 4 5 1117094345
a range +1758 +1800 4 5 0.13
a contact +1758 +1800 6 4 1041153027
a range +1758 +1800 6 4 0.13
a contact +1767 +1800 5 6 1043148606
a range +1767 +1800 5 6 0.13
a contact +1768 +1800 5 2 1121798938
a range +1768 +1800 5 2 1.12
a contact +1778 +1800 5 2 1130509996
a range +1778 +1800 5 2 1.3
a contact +1778 +1800 3 5 905189847
a range +1778 +1800 3 5 1.06
a contact +1780 +1800 3 2 1012614479
a range +1780 +1800 3 2 0.12
a contact +1782 +1800 2 5 901064515
a range +1782 +1800 2 5 1.07
a contact +1782 +1800 3 4 865275913
a range +1782 +1800 3 4 1.16
a contact +1785 +1800 1 2 885502757
a range +1785 +1800 1 2 0.12
a contact +1791 +1798.8 4 3 1051154074
a range +1791 +1798.8 4 3 1.23
a contact +1792 +1800 6 5 979372674
a range +1792 +1800 6 5 0.13
a contact +1793 +1800 3 5 893215091
a range +1793 +1800 3 5 1.19
a contact +1796 +1800 1 2 1030374792
a range +1796 +1800 1 2 0.12
