1458.07	1458.07
1458.07	1448.07
1458.07	1438.07
1458.07	1428.07
1458.07	1418.07
1458.07	1408.07
1458.07	1398.07
1458.07	1388.07
1458.07	1378.07
1458.07	1368.07
1458.07	1358.07
1458.07	1348.07
1458.07	1338.07
1458.07	1328.07
1458.07	1318.07
1458.07	1308.07
1460.07	1300.07
1470.07	1300.07
1480.07	1300.07
1490.07	1300.07
1500.07	1300.07
1510.07	1300.07
1520.07	1300.07
1530.07	1300.07
1540.07	1300.07
1550.07	1300.07
1558.07	1558.07
1558.07	1548.07
1558.07	1538.07
1558.07	1528.07
1558.07	1518.07
1558.07	1508.07
1558.07	1498.07
1558.07	1488.07
1558.07	1478.07
1558.07	1468.07
1558.07	1458.07
1558.07	1448.07
1558.07	1438.07
1558.07	1428.07
1558.07	1418.07
1558.07	1408.07
1558.07	1558.07
1558.07	1548.07
1558.07	1538.07
1558.07	1528.07
1558.07	1518.07
1558.07	1508.07
1558.07	1498.07
1558.07	1488.07
1558.07	1478.07
1558.07	1468.07
1558.07	1458.07
1558.07	1448.07
1558.07	1438.07
1558.07	1428.07
1558.07	1418.07
1558.07	1408.07
1560.07	1400.07
1560.07	1400.07
1560.07	1300.07
1570.07	1400.07
1570.07	1400.07
1570.07	1300.07
1580.07	1400.07
1580.07	1400.07
1580.07	1300.07
1590.07	1400.07
1590.07	1400.07
1590.07	1300.07
1600.07	1400.07
1600.07	1400.07
1600.07	1300.07
1610.07	1400.07
1610.07	1400.07
1610.07	1300.07
1620.07	1400.07
1620.07	1400.07
1620.07	1300.07
1630.07	1400.07
1630.07	1400.07
1630.07	1300.07
1640.07	1400.07
1640.07	1400.07
1640.07	1300.07
1650.07	1400.07
1650.07	1400.07
1650.07	1300.07
1658.07	1658.07
1658.07	1648.07
1658.07	1638.07
1658.07	1628.07
1658.07	1618.07
1658.07	1608.07
1658.07	1598.07
1658.07	1588.07
1658.07	1578.07
1658.07	1568.07
1658.07	1558.07
1658.07	1548.07
1658.07	1538.07
1658.07	1528.07
1658.07	1518.07
1658.07	1508.07
1658.07	1658.07
1658.07	1648.07
1658.07	1638.07
1658.07	1628.07
1658.07	1618.07
1658.07	1608.07
1658.07	1598.07
1658.07	1588.07
1658.07	1578.07
1658.07	1568.07
1658.07	1558.07
1658.07	1548.07
1658.07	1538.07
1658.07	1528.07
1658.07	1518.07
1658.07	1508.07
1660.07	1500.07
1660.07	1400.07
1660.07	1500.07
1660.07	1400.07
1660.07	1300.07
1670.07	1500.07
1670.07	1400.07
1670.07	1500.07
1670.07	1400.07
1670.07	1300.07
1680.07	1500.07
1680.07	1400.07
1680.07	1500.07
1680.07	1400.07
1680.07	1300.07
1690.07	1500.07
1690.07	1400.07
1690.07	1500.07
1690.07	1400.07
1690.07	1300.07
1700.07	1500.07
1700.07	1400.07
1700.07	1500.07
1700.07	1400.07
1700.07	1300.07
1710.07	1500.07
1710.07	1400.07
1710.07	1500.07
1710.07	1400.07
1710.07	1300.07
1720.07	1500.07
1720.07	1400.07
1720.07	1500.07
1720.07	1400.07
1720.07	1300.07
1730.07	1500.07
1730.07	1400.07
1730.07	1500.07
1730.07	1400.07
1730.07	1300.07
1740.07	1500.07
1740.07	1400.07
1740.07	1500.07
1740.07	1400.07
1740.07	1300.07
1750.07	1500.07
1750.07	1400.07
1750.07	1500.07
1750.07	1400.07
1750.07	1300.07
1758.07	1758.07
1758.07	1748.07
1758.07	1738.07
1758.07	1728.07
1758.07	1718.07
1758.07	1708.07
1758.07	1698.07
1758.07	1688.07
1758.07	1678.07
1758.07	1668.07
1758.07	1658.07
1758.07	1648.07
1758.07	1638.07
1758.07	1628.07
1758.07	1618.07
1758.07	1608.07
1758.07	1758.07
1758.07	1748.07
1758.07	1738.07
1758.07	1728.07
1758.07	1718.07
1758.07	1708.07
1758.07	1698.07
1758.07	1688.07
1758.07	1678.07
1758.07	1668.07
1758.07	1658.07
1758.07	1648.07
1758.07	1638.07
1758.07	1628.07
1758.07	1618.07
1758.07	1608.07
1760.07	1600.07
1760.07	1500.07
1760.07	1400.07
1760.07	1600.07
1760.07	1500.07
1760.07	1400.07
1760.07	1300.07
1770.07	1600.07
1770.07	1500.07
1770.07	1400.07
1770.07	1600.07
1770.07	1500.07
1770.07	1400.07
1770.07	1300.07
1780.07	1600.07
1780.07	1500.07
1780.07	1400.07
1780.07	1600.07
1780.07	1500.07
1780.07	1400.07
1780.07	1300.07
1790.07	1600.07
1790.07	1500.07
1790.07	1400.07
1790.07	1600.07
1790.07	1500.07
1790.07	1400.07
1790.07	1300.07
1800.07	1600.07
1800.07	1500.07
1800.07	1400.07
1800.07	1600.07
1800.07	1500.07
1800.07	1400.07
1800.07	1300.07
1810.07	1600.07
1810.07	1500.07
1810.07	1400.07
1810.07	1600.07
1810.07	1500.07
1810.07	1400.07
1810.07	1300.07
1820.07	1600.07
1820.07	1500.07
1820.07	1400.07
1820.07	1600.07
1820.07	1500.07
1820.07	1400.07
1820.07	1300.07
1830.07	1600.07
1830.07	1500.07
1830.07	1400.07
1830.07	1600.07
1830.07	1500.07
1830.07	1400.07
1830.07	1300.07
1840.07	1600.07
1840.07	1500.07
1840.07	1400.07
1840.07	1600.07
1840.07	1500.07
1840.07	1400.07
1840.07	1300.07
1850.07	1600.07
1850.07	1500.07
1850.07	1400.07
1850.07	1600.07
1850.07	1500.07
1850.07	1400.07
1850.07	1300.07
1858.07	1858.07
1858.07	1848.07
1858.07	1838.07
1858.07	1828.07
1858.07	1818.07
1858.07	1808.07
1858.07	1798.07
1858.07	1788.07
1858.07	1778.07
1858.07	1768.07
1858.07	1758.07
1858.07	1748.07
1858.07	1738.07
1858.07	1728.07
1858.07	1718.07
1858.07	1708.07
1858.07	1858.07
1858.07	1848.07
1858.07	1838.07
1858.07	1828.07
1858.07	1818.07
1858.07	1808.07
1858.07	1798.07
1858.07	1788.07
1858.07	1778.07
1858.07	1768.07
1858.07	1758.07
1858.07	1748.07
1858.07	1738.07
1858.07	1728.07
1858.07	1718.07
1858.07	1708.07
1860.07	1700.07
1860.07	1600.07
1860.07	1500.07
1860.07	1400.07
1860.07	1700.07
1860.07	1600.07
1860.07	1500.07
1860.07	1400.07
1860.07	1300.07
1870.07	1700.07
1870.07	1600.07
1870.07	1500.07
1870.07	1400.07
1870.07	1700.07
1870.07	1600.07
1870.07	1500.07
1870.07	1400.07
1870.07	1300.07
1880.07	1700.07
1880.07	1600.07
1880.07	1500.07
1880.07	1400.07
1880.07	1700.07
1880.07	1600.07
1880.07	1500.07
1880.07	1400.07
1880.07	1300.07
1890.07	1700.07
1890.07	1600.07
1890.07	1500.07
1890.07	1400.07
1890.07	1700.07
1890.07	1600.07
1890.07	1500.07
1890.07	1400.07
1890.07	1300.07
1900.07	1700.07
1900.07	1600.07
1900.07	1500.07
1900.07	1400.07
1900.07	1700.07
1900.07	1600.07
1900.07	1500.07
1900.07	1400.07
1900.07	1300.07
1910.07	1700.07
1910.07	1600.07
1910.07	1500.07
1910.07	1400.07
1910.07	1700.07
1910.07	1600.07
1910.07	1500.07
1910.07	1400.07
1910.07	1300.07
1920.07	1700.07
1920.07	1600.07
1920.07	1500.07
1920.07	1400.07
1920.07	1700.07
1920.07	1600.07
1920.07	1500.07
1920.07	1400.07
1920.07	1300.07
1930.07	1700.07
1930.07	1600.07
1930.07	1500.07
1930.07	1400.07
1930.07	1700.07
1930.07	1600.07
1930.07	1500.07
1930.07	1400.07
1930.07	1300.07
1940.07	1700.07
1940.07	1600.07
1940.07	1500.07
1940.07	1400.07
1940.07	1700.07
1940.07	1600.07
1940.07	1500.07
1940.07	1400.07
1940.07	1300.07
1950.07	1700.07
1950.07	1600.07
1950.07	1500.07
1950.07	1400.07
1950.07	1700.07
1950.07	1600.07
1950.07	1500.07
1950.07	1400.07
1950.07	1300.07
1958.07	1958.07
1958.07	1948.07
1958.07	1938.07
1958.07	1928.07
1958.07	1918.07
1958.07	1908.07
1958.07	1898.07
1958.07	1888.07
1958.07	1878.07
1958.07	1868.07
1958.07	1858.07
1958.07	1848.07
1958.07	1838.07
1958.07	1828.07
1958.07	1818.07
1958.07	1808.07
1958.07	1958.07
1958.07	1948.07
1958.07	1938.07
1958.07	1928.07
1958.07	1918.07
1958.07	1908.07
1958.07	1898.07
1958.07	1888.07
1958.07	1878.07
1958.07	1868.07
1958.07	1858.07
1958.07	1848.07
1958.07	1838.07
1958.07	1828.07
1958.07	1818.07
1958.07	1808.07
1960.07	1800.07
1960.07	1700.07
1960.07	1600.07
1960.07	1500.07
1960.07	1400.07
1960.07	1800.07
1960.07	1700.07
1960.07	1600.07
1960.07	1500.07
1960.07	1400.07
1960.07	1300.07
1970.07	1800.07
1970.07	1700.07
1970.07	1600.07
1970.07	1500.07
1970.07	1400.07
1970.07	1800.07
1970.07	1700.07
1970.07	1600.07
1970.07	1500.07
1970.07	1400.07
1970.07	1300.07
1980.07	1800.07
1980.07	1700.07
1980.07	1600.07
1980.07	1500.07
1980.07	1400.07
1980.07	1800.07
1980.07	1700.07
1980.07	1600.07
1980.07	1500.07
1980.07	1400.07
1980.07	1300.07
1990.07	1800.07
1990.07	1700.07
1990.07	1600.07
1990.07	1500.07
1990.07	1400.07
1990.07	1800.07
1990.07	1700.07
1990.07	1600.07
1990.07	1500.07
1990.07	1400.07
1990.07	1300.07
2000.07	1800.07
2000.07	1700.07
2000.07	1600.07
2000.07	1500.07
2000.07	1400.07
2000.07	1800.07
2000.07	1700.07
2000.07	1600.07
2000.07	1500.07
2000.07	1400.07
2000.07	1300.07
2010.07	1800.07
2010.07	1700.07
2010.07	1600.07
2010.07	1500.07
2010.07	1400.07
2010.07	1800.07
2010.07	1700.07
2010.07	1600.07
2010.07	1500.07
2010.07	1400.07
2010.07	1300.07
2020.07	1800.07
2020.07	1700.07
2020.07	1600.07
2020.07	1500.07
2020.07	1400.07
2020.07	1800.07
2020.07	1700.07
2020.07	1600.07
2020.07	1500.07
2020.07	1400.07
2020.07	1300.07
2030.07	1800.07
2030.07	1700.07
2030.07	1600.07
2030.07	1500.07
2030.07	1400.07
2030.07	1800.07
2030.07	1700.07
2030.07	1600.07
2030.07	1500.07
2030.07	1400.07
2030.07	1300.07
2040.07	1800.07
2040.07	1700.07
2040.07	1600.07
2040.07	1500.07
2040.07	1400.07
2040.07	1800.07
2040.07	1700.07
2040.07	1600.07
2040.07	1500.07
2040.07	1400.07
2040.07	1300.07
2050.07	1800.07
2050.07	1700.07
2050.07	1600.07
2050.07	1500.07
2050.07	1400.07
2050.07	1800.07
2050.07	1700.07
2050.07	1600.07
2050.07	1500.07
2050.07	1400.07
2050.07	1300.07
2058.07	2058.07
2058.07	2048.07
2058.07	2038.07
2058.07	2028.07
2058.07	2018.07
2058.07	2008.07
2058.07	1998.07
2058.07	1988.07
2058.07	1978.07
2058.07	1968.07
2058.07	1958.07
2058.07	1948.07
2058.07	1938.07
2058.07	1928.07
2058.07	1918.07
2058.07	1908.07
2058.07	2058.07
2058.07	2048.07
2058.07	2038.07
2058.07	2028.07
2058.07	2018.07
2058.07	2008.07
2058.07	1998.07
2058.07	1988.07
2058.07	1978.07
2058.07	1968.07
2058.07	1958.07
2058.07	1948.07
2058.07	1938.07
2058.07	1928.07
2058.07	1918.07
2058.07	1908.07
2060.07	1900.07
2060.07	1800.07
2060.07	1700.07
2060.07	1600.07
2060.07	1500.07
2060.07	1400.07
2060.07	1900.07
2060.07	1800.07
2060.07	1700.07
2060.07	1600.07
2060.07	1500.07
2060.07	1400.07
2060.07	1300.07
2070.07	1900.07
2070.07	1800.07
2070.07	1700.07
2070.07	1600.07
2070.07	1500.07
2070.07	1400.07
2070.07	1900.07
2070.07	1800.07
2070.07	1700.07
2070.07	1600.07
2070.07	1500.07
2070.07	1400.07
2070.07	1300.07
2080.07	1900.07
2080.07	1800.07
2080.07	1700.07
2080.07	1600.07
2080.07	1500.07
2080.07	1400.07
2080.07	1900.07
2080.07	1800.07
2080.07	1700.07
2080.07	1600.07
2080.07	1500.07
2080.07	1400.07
2080.07	1300.07
2090.07	1900.07
2090.07	1800.07
2090.07	1700.07
2090.07	1600.07
2090.07	1500.07
2090.07	1400.07
2090.07	1900.07
2090.07	1800.07
2090.07	1700.07
2090.07	1600.07
2090.07	1500.07
2090.07	1400.07
2090.07	1300.07
2100.07	1900.07
2100.07	1800.07
2100.07	1700.07
2100.07	1600.07
2100.07	1500.07
2100.07	1400.07
2100.07	1900.07
2100.07	1800.07
2100.07	1700.07
2100.07	1600.07
2100.07	1500.07
2100.07	1400.07
2100.07	1300.07
2110.07	1900.07
2110.07	1800.07
2110.07	1700.07
2110.07	1600.07
2110.07	1500.07
2110.07	1400.07
2110.07	1900.07
2110.07	1800.07
2110.07	1700.07
2110.07	1600.07
2110.07	1500.07
2110.07	1400.07
2110.07	1300.07
2120.07	1900.07
2120.07	1800.07
2120.07	1700.07
2120.07	1600.07
2120.07	1500.07
2120.07	1400.07
2120.07	1900.07
2120.07	1800.07
2120.07	1700.07
2120.07	1600.07
2120.07	1500.07
2120.07	1400.07
2120.07	1300.07
2130.07	1900.07
2130.07	1800.07
2130.07	1700.07
2130.07	1600.07
2130.07	1500.07
2130.07	1400.07
2130.07	1900.07
2130.07	1800.07
2130.07	1700.07
2130.07	1600.07
2130.07	1500.07
2130.07	1400.07
2130.07	1300.07
2140.07	1900.07
2140.07	1800.07
2140.07	1700.07
2140.07	1600.07
2140.07	1500.07
2140.07	1400.07
2140.07	1900.07
2140.07	1800.07
2140.07	1700.07
2140.07	1600.07
2140.07	1500.07
2140.07	1400.07
2140.07	1300.07
2150.07	1900.07
2150.07	1800.07
2150.07	1700.07
2150.07	1600.07
2150.07	1500.07
2150.07	1400.07
2150.07	1900.07
2150.07	1800.07
2150.07	1700.07
2150.07	1600.07
2150.07	1500.07
2150.07	1400.07
2150.07	1300.07
2158.07	2158.07
2158.07	2148.07
2158.07	2138.07
2158.07	2128.07
2158.07	2118.07
2158.07	2108.07
2158.07	2098.07
2158.07	2088.07
2158.07	2078.07
2158.07	2068.07
2158.07	2058.07
2158.07	2048.07
2158.07	2038.07
2158.07	2028.07
2158.07	2018.07
2158.07	2008.07
2158.07	2158.07
2158.07	2148.07
2158.07	2138.07
2158.07	2128.07
2158.07	2118.07
2158.07	2108.07
2158.07	2098.07
2158.07	2088.07
2158.07	2078.07
2158.07	2068.07
2158.07	2058.07
2158.07	2048.07
2158.07	2038.07
2158.07	2028.07
2158.07	2018.07
2158.07	2008.07
2160.07	2000.07
2160.07	1900.07
2160.07	1800.07
2160.07	1700.07
2160.07	1600.07
2160.07	1500.07
2160.07	1400.07
2160.07	2000.07
2160.07	1900.07
2160.07	1800.07
2160.07	1700.07
2160.07	1600.07
2160.07	1500.07
2160.07	1400.07
2160.07	1300.07
2170.07	2000.07
2170.07	1900.07
2170.07	1800.07
2170.07	1700.07
2170.07	1600.07
2170.07	1500.07
2170.07	1400.07
2170.07	2000.07
2170.07	1900.07
2170.07	1800.07
2170.07	1700.07
2170.07	1600.07
2170.07	1500.07
2170.07	1400.07
2170.07	1300.07
2180.07	2000.07
2180.07	1900.07
2180.07	1800.07
2180.07	1700.07
2180.07	1600.07
2180.07	1500.07
2180.07	1400.07
2180.07	2000.07
2180.07	1900.07
2180.07	1800.07
2180.07	1700.07
2180.07	1600.07
2180.07	1500.07
2180.07	1400.07
2180.07	1300.07
2190.07	2000.07
2190.07	1900.07
2190.07	1800.07
2190.07	1700.07
2190.07	1600.07
2190.07	1500.07
2190.07	1400.07
2190.07	2000.07
2190.07	1900.07
2190.07	1800.07
2190.07	1700.07
2190.07	1600.07
2190.07	1500.07
2190.07	1400.07
2190.07	1300.07
2200.07	2000.07
2200.07	1900.07
2200.07	1800.07
2200.07	1700.07
2200.07	1600.07
2200.07	1500.07
2200.07	1400.07
2200.07	2000.07
2200.07	1900.07
2200.07	1800.07
2200.07	1700.07
2200.07	1600.07
2200.07	1500.07
2200.07	1400.07
2200.07	1300.07
2210.07	2000.07
2210.07	1900.07
2210.07	1800.07
2210.07	1700.07
2210.07	1600.07
2210.07	1500.07
2210.07	1400.07
2210.07	2000.07
2210.07	1900.07
2210.07	1800.07
2210.07	1700.07
2210.07	1600.07
2210.07	1500.07
2210.07	1400.07
2210.07	1300.07
2220.07	2000.07
2220.07	1900.07
2220.07	1800.07
2220.07	1700.07
2220.07	1600.07
2220.07	1500.07
2220.07	1400.07
2220.07	2000.07
2220.07	1900.07
2220.07	1800.07
2220.07	1700.07
2220.07	1600.07
2220.07	1500.07
2220.07	1400.07
2220.07	1300.07
2230.07	2000.07
2230.07	1900.07
2230.07	1800.07
2230.07	1700.07
2230.07	1600.07
2230.07	1500.07
2230.07	1400.07
2230.07	2000.07
2230.07	1900.07
2230.07	1800.07
2230.07	1700.07
2230.07	1600.07
2230.07	1500.07
2230.07	1400.07
2230.07	1300.07
2240.07	2000.07
2240.07	1900.07
2240.07	1800.07
2240.07	1700.07
2240.07	1600.07
2240.07	1500.07
2240.07	1400.07
2240.07	2000.07
2240.07	1900.07
2240.07	1800.07
2240.07	1700.07
2240.07	1600.07
2240.07	1500.07
2240.07	1400.07
2240.07	1300.07
2250.07	2000.07
2250.07	1900.07
2250.07	1800.07
2250.07	1700.07
2250.07	1600.07
2250.07	1500.07
2250.07	1400.07
2250.07	2000.07
2250.07	1900.07
2250.07	1800.07
2250.07	1700.07
2250.07	1600.07
2250.07	1500.07
2250.07	1400.07
2250.07	1300.07
2258.07	2258.07
2258.07	2248.07
2258.07	2238.07
2258.07	2228.07
2258.07	2218.07
2258.07	2208.07
2258.07	2198.07
2258.07	2188.07
2258.07	2178.07
2258.07	2168.07
2258.07	2158.07
2258.07	2148.07
2258.07	2138.07
2258.07	2128.07
2258.07	2118.07
2258.07	2108.07
2258.07	2258.07
2258.07	2248.07
2258.07	2238.07
2258.07	2228.07
2258.07	2218.07
2258.07	2208.07
2258.07	2198.07
2258.07	2188.07
2258.07	2178.07
2258.07	2168.07
2258.07	2158.07
2258.07	2148.07
2258.07	2138.07
2258.07	2128.07
2258.07	2118.07
2258.07	2108.07
2260.07	2100.07
2260.07	2000.07
2260.07	1900.07
2260.07	1800.07
2260.07	1700.07
2260.07	1600.07
2260.07	1500.07
2260.07	1400.07
2260.07	2100.07
2260.07	2000.07
2260.07	1900.07
2260.07	1800.07
2260.07	1700.07
2260.07	1600.07
2260.07	1500.07
2260.07	1400.07
2260.07	1300.07
2270.07	2100.07
2270.07	2000.07
2270.07	1900.07
2270.07	1800.07
2270.07	1700.07
2270.07	1600.07
2270.07	1500.07
2270.07	1400.07
2270.07	2100.07
2270.07	2000.07
2270.07	1900.07
2270.07	1800.07
2270.07	1700.07
2270.07	1600.07
2270.07	1500.07
2270.07	1400.07
2270.07	1300.07
2280.07	2100.07
2280.07	2000.07
2280.07	1900.07
2280.07	1800.07
2280.07	1700.07
2280.07	1600.07
2280.07	1500.07
2280.07	1400.07
2280.07	2100.07
2280.07	2000.07
2280.07	1900.07
2280.07	1800.07
2280.07	1700.07
2280.07	1600.07
2280.07	1500.07
2280.07	1400.07
2280.07	1300.07
2290.07	2100.07
2290.07	2000.07
2290.07	1900.07
2290.07	1800.07
2290.07	1700.07
2290.07	1600.07
2290.07	1500.07
2290.07	1400.07
2290.07	2100.07
2290.07	2000.07
2290.07	1900.07
2290.07	1800.07
2290.07	1700.07
2290.07	1600.07
2290.07	1500.07
2290.07	1400.07
2290.07	1300.07
2300.07	2100.07
2300.07	2000.07
2300.07	1900.07
2300.07	1800.07
2300.07	1700.07
2300.07	1600.07
2300.07	1500.07
2300.07	1400.07
2300.07	2100.07
2300.07	2000.07
2300.07	1900.07
2300.07	1800.07
2300.07	1700.07
2300.07	1600.07
2300.07	1500.07
2300.07	1400.07
2300.07	1300.07
2310.07	2100.07
2310.07	2000.07
2310.07	1900.07
2310.07	1800.07
2310.07	1700.07
2310.07	1600.07
2310.07	1500.07
2310.07	1400.07
2310.07	2100.07
2310.07	2000.07
2310.07	1900.07
2310.07	1800.07
2310.07	1700.07
2310.07	1600.07
2310.07	1500.07
2310.07	1400.07
2310.07	1300.07
2320.07	2100.07
2320.07	2000.07
2320.07	1900.07
2320.07	1800.07
2320.07	1700.07
2320.07	1600.07
2320.07	1500.07
2320.07	1400.07
2320.07	2100.07
2320.07	2000.07
2320.07	1900.07
2320.07	1800.07
2320.07	1700.07
2320.07	1600.07
2320.07	1500.07
2320.07	1400.07
2320.07	1300.07
2330.07	2100.07
2330.07	2000.07
2330.07	1900.07
2330.07	1800.07
2330.07	1700.07
2330.07	1600.07
2330.07	1500.07
2330.07	1400.07
2330.07	2100.07
2330.07	2000.07
2330.07	1900.07
2330.07	1800.07
2330.07	1700.07
2330.07	1600.07
2330.07	1500.07
2330.07	1400.07
2330.07	1300.07
2340.07	2100.07
2340.07	2000.07
2340.07	1900.07
2340.07	1800.07
2340.07	1700.07
2340.07	1600.07
2340.07	1500.07
2340.07	1400.07
2340.07	2100.07
2340.07	2000.07
2340.07	1900.07
2340.07	1800.07
2340.07	1700.07
2340.07	1600.07
2340.07	1500.07
2340.07	1400.07
2340.07	1300.07
2350.07	2100.07
2350.07	2000.07
2350.07	1900.07
2350.07	1800.07
2350.07	1700.07
2350.07	1600.07
2350.07	1500.07
2350.07	1400.07
2350.07	2100.07
2350.07	2000.07
2350.07	1900.07
2350.07	1800.07
2350.07	1700.07
2350.07	1600.07
2350.07	1500.07
2350.07	1400.07
2350.07	1300.07
2358.07	2358.07
2358.07	2348.07
2358.07	2338.07
2358.07	2328.07
2358.07	2318.07
2358.07	2308.07
2358.07	2298.07
2358.07	2288.07
2358.07	2278.07
2358.07	2268.07
2358.07	2258.07
2358.07	2248.07
2358.07	2238.07
2358.07	2228.07
2358.07	2218.07
2358.07	2208.07
2358.07	2358.07
2358.07	2348.07
2358.07	2338.07
2358.07	2328.07
2358.07	2318.07
2358.07	2308.07
2358.07	2298.07
2358.07	2288.07
2358.07	2278.07
2358.07	2268.07
2358.07	2258.07
2358.07	2248.07
2358.07	2238.07
2358.07	2228.07
2358.07	2218.07
2358.07	2208.07
2360.07	2200.07
2360.07	2100.07
2360.07	2000.07
2360.07	1900.07
2360.07	1800.07
2360.07	1700.07
2360.07	1600.07
2360.07	1500.07
2360.07	1400.07
2360.07	2200.07
2360.07	2100.07
2360.07	2000.07
2360.07	1900.07
2360.07	1800.07
2360.07	1700.07
2360.07	1600.07
2360.07	1500.07
2360.07	1400.07
2360.07	1300.07
2370.07	2200.07
2370.07	2100.07
2370.07	2000.07
2370.07	1900.07
2370.07	1800.07
2370.07	1700.07
2370.07	1600.07
2370.07	1500.07
2370.07	1400.07
2370.07	2200.07
2370.07	2100.07
2370.07	2000.07
2370.07	1900.07
2370.07	1800.07
2370.07	1700.07
2370.07	1600.07
2370.07	1500.07
2370.07	1400.07
2370.07	1300.07
2380.07	2200.07
2380.07	2100.07
2380.07	2000.07
2380.07	1900.07
2380.07	1800.07
2380.07	1700.07
2380.07	1600.07
2380.07	1500.07
2380.07	1400.07
2380.07	2200.07
2380.07	2100.07
2380.07	2000.07
2380.07	1900.07
2380.07	1800.07
2380.07	1700.07
2380.07	1600.07
2380.07	1500.07
2380.07	1400.07
2380.07	1300.07
2390.07	2200.07
2390.07	2100.07
2390.07	2000.07
2390.07	1900.07
2390.07	1800.07
2390.07	1700.07
2390.07	1600.07
2390.07	1500.07
2390.07	1400.07
2390.07	2200.07
2390.07	2100.07
2390.07	2000.07
2390.07	1900.07
2390.07	1800.07
2390.07	1700.07
2390.07	1600.07
2390.07	1500.07
2390.07	1400.07
2390.07	1300.07
2400.07	2200.07
2400.07	2100.07
2400.07	2000.07
2400.07	1900.07
2400.07	1800.07
2400.07	1700.07
2400.07	1600.07
2400.07	1500.07
2400.07	1400.07
2400.07	2200.07
2400.07	2100.07
2400.07	2000.07
2400.07	1900.07
2400.07	1800.07
2400.07	1700.07
2400.07	1600.07
2400.07	1500.07
2400.07	1400.07
2400.07	1300.07
2410.07	2200.07
2410.07	2100.07
2410.07	2000.07
2410.07	1900.07
2410.07	1800.07
2410.07	1700.07
2410.07	1600.07
2410.07	1500.07
2410.07	1400.07
2410.07	2200.07
2410.07	2100.07
2410.07	2000.07
2410.07	1900.07
2410.07	1800.07
2410.07	1700.07
2410.07	1600.07
2410.07	1500.07
2410.07	1400.07
2410.07	1300.07
2420.07	2200.07
2420.07	2100.07
2420.07	2000.07
2420.07	1900.07
2420.07	1800.07
2420.07	1700.07
2420.07	1600.07
2420.07	1500.07
2420.07	1400.07
2420.07	2200.07
2420.07	2100.07
2420.07	2000.07
2420.07	1900.07
2420.07	1800.07
2420.07	1700.07
2420.07	1600.07
2420.07	1500.07
2420.07	1400.07
2420.07	1300.07
2430.07	2200.07
2430.07	2100.07
2430.07	2000.07
2430.07	1900.07
2430.07	1800.07
2430.07	1700.07
2430.07	1600.07
2430.07	1500.07
2430.07	1400.07
2430.07	2200.07
2430.07	2100.07
2430.07	2000.07
2430.07	1900.07
2430.07	1800.07
2430.07	1700.07
2430.07	1600.07
2430.07	1500.07
2430.07	1400.07
2430.07	1300.07
2440.07	2200.07
2440.07	2100.07
2440.07	2000.07
2440.07	1900.07
2440.07	1800.07
2440.07	1700.07
2440.07	1600.07
2440.07	1500.07
2440.07	1400.07
2440.07	2200.07
2440.07	2100.07
2440.07	2000.07
2440.07	1900.07
2440.07	1800.07
2440.07	1700.07
2440.07	1600.07
2440.07	1500.07
2440.07	1400.07
2440.07	1300.07
2450.07	2200.07
2450.07	2100.07
2450.07	2000.07
2450.07	1900.07
2450.07	1800.07
2450.07	1700.07
2450.07	1600.07
2450.07	1500.07
2450.07	1400.07
2450.07	2200.07
2450.07	2100.07
2450.07	2000.07
2450.07	1900.07
2450.07	1800.07
2450.07	1700.07
2450.07	1600.07
2450.07	1500.07
2450.07	1400.07
2450.07	1300.07
2458.07	2458.07
2458.07	2448.07
2458.07	2438.07
2458.07	2428.07
2458.07	2418.07
2458.07	2408.07
2458.07	2398.07
2458.07	2388.07
2458.07	2378.07
2458.07	2368.07
2458.07	2358.07
2458.07	2348.07
2458.07	2338.07
2458.07	2328.07
2458.07	2318.07
2458.07	2308.07
2458.07	2458.07
2458.07	2448.07
2458.07	2438.07
2458.07	2428.07
2458.07	2418.07
2458.07	2408.07
2458.07	2398.07
2458.07	2388.07
2458.07	2378.07
2458.07	2368.07
2458.07	2358.07
2458.07	2348.07
2458.07	2338.07
2458.07	2328.07
2458.07	2318.07
2458.07	2308.07
2460.07	2300.07
2460.07	2200.07
2460.07	2100.07
2460.07	2000.07
2460.07	1900.07
2460.07	1800.07
2460.07	1700.07
2460.07	1600.07
2460.07	1500.07
2460.07	1400.07
2460.07	2300.07
2460.07	2200.07
2460.07	2100.07
2460.07	2000.07
2460.07	1900.07
2460.07	1800.07
2460.07	1700.07
2460.07	1600.07
2460.07	1500.07
2460.07	1400.07
2460.07	1300.07
2470.07	2300.07
2470.07	2200.07
2470.07	2100.07
2470.07	2000.07
2470.07	1900.07
2470.07	1800.07
2470.07	1700.07
2470.07	1600.07
2470.07	1500.07
2470.07	1400.07
2470.07	2300.07
2470.07	2200.07
2470.07	2100.07
2470.07	2000.07
2470.07	1900.07
2470.07	1800.07
2470.07	1700.07
2470.07	1600.07
2470.07	1500.07
2470.07	1400.07
2470.07	1300.07
2480.07	2300.07
2480.07	2200.07
2480.07	2100.07
2480.07	2000.07
2480.07	1900.07
2480.07	1800.07
2480.07	1700.07
2480.07	1600.07
2480.07	1500.07
2480.07	1400.07
2480.07	2300.07
2480.07	2200.07
2480.07	2100.07
2480.07	2000.07
2480.07	1900.07
2480.07	1800.07
2480.07	1700.07
2480.07	1600.07
2480.07	1500.07
2480.07	1400.07
2480.07	1300.07
2490.07	2300.07
2490.07	2200.07
2490.07	2100.07
2490.07	2000.07
2490.07	1900.07
2490.07	1800.07
2490.07	1700.07
2490.07	1600.07
2490.07	1500.07
2490.07	1400.07
2490.07	2300.07
2490.07	2200.07
2490.07	2100.07
2490.07	2000.07
2490.07	1900.07
2490.07	1800.07
2490.07	1700.07
2490.07	1600.07
2490.07	1500.07
2490.07	1400.07
2490.07	1300.07
2500.07	2300.07
2500.07	2200.07
2500.07	2100.07
2500.07	2000.07
2500.07	1900.07
2500.07	1800.07
2500.07	1700.07
2500.07	1600.07
2500.07	1500.07
2500.07	1400.07
2500.07	2300.07
2500.07	2200.07
2500.07	2100.07
2500.07	2000.07
2500.07	1900.07
2500.07	1800.07
2500.07	1700.07
2500.07	1600.07
2500.07	1500.07
2500.07	1400.07
2500.07	1300.07
2510.07	2300.07
2510.07	2200.07
2510.07	2100.07
2510.07	2000.07
2510.07	1900.07
2510.07	1800.07
2510.07	1700.07
2510.07	1600.07
2510.07	1500.07
2510.07	1400.07
2510.07	2300.07
2510.07	2200.07
2510.07	2100.07
2510.07	2000.07
2510.07	1900.07
2510.07	1800.07
2510.07	1700.07
2510.07	1600.07
2510.07	1500.07
2510.07	1400.07
2510.07	1300.07
2520.07	2300.07
2520.07	2200.07
2520.07	2100.07
2520.07	2000.07
2520.07	1900.07
2520.07	1800.07
2520.07	1700.07
2520.07	1600.07
2520.07	1500.07
2520.07	1400.07
2520.07	2300.07
2520.07	2200.07
2520.07	2100.07
2520.07	2000.07
2520.07	1900.07
2520.07	1800.07
2520.07	1700.07
2520.07	1600.07
2520.07	1500.07
2520.07	1400.07
2520.07	1300.07
2530.07	2300.07
2530.07	2200.07
2530.07	2100.07
2530.07	2000.07
2530.07	1900.07
2530.07	1800.07
2530.07	1700.07
2530.07	1600.07
2530.07	1500.07
2530.07	1400.07
2530.07	2300.07
2530.07	2200.07
2530.07	2100.07
2530.07	2000.07
2530.07	1900.07
2530.07	1800.07
2530.07	1700.07
2530.07	1600.07
2530.07	1500.07
2530.07	1400.07
2530.07	1300.07
2540.07	2300.07
2540.07	2200.07
2540.07	2100.07
2540.07	2000.07
2540.07	1900.07
2540.07	1800.07
2540.07	1700.07
2540.07	1600.07
2540.07	1500.07
2540.07	1400.07
2540.07	2300.07
2540.07	2200.07
2540.07	2100.07
2540.07	2000.07
2540.07	1900.07
2540.07	1800.07
2540.07	1700.07
2540.07	1600.07
2540.07	1500.07
2540.07	1400.07
2540.07	1300.07
2550.07	2300.07
2550.07	2200.07
2550.07	2100.07
2550.07	2000.07
2550.07	1900.07
2550.07	1800.07
2550.07	1700.07
2550.07	1600.07
2550.07	1500.07
2550.07	1400.07
2550.07	2300.07
2550.07	2200.07
2550.07	2100.07
2550.07	2000.07
2550.07	1900.07
2550.07	1800.07
2550.07	1700.07
2550.07	1600.07
2550.07	1500.07
2550.07	1400.07
2550.07	1300.07
2558.07	2558.07
2558.07	2548.07
2558.07	2538.07
2558.07	2528.07
2558.07	2518.07
2558.07	2508.07
2558.07	2498.07
2558.07	2488.07
2558.07	2478.07
2558.07	2468.07
2558.07	2458.07
2558.07	2448.07
2558.07	2438.07
2558.07	2428.07
2558.07	2418.07
2558.07	2408.07
2558.07	2558.07
2558.07	2548.07
2558.07	2538.07
2558.07	2528.07
2558.07	2518.07
2558.07	2508.07
2558.07	2498.07
2558.07	2488.07
2558.07	2478.07
2558.07	2468.07
2558.07	2458.07
2558.07	2448.07
2558.07	2438.07
2558.07	2428.07
2558.07	2418.07
2558.07	2408.07
2560.07	2400.07
2560.07	2300.07
2560.07	2200.07
2560.07	2100.07
2560.07	2000.07
2560.07	1900.07
2560.07	1800.07
2560.07	1700.07
2560.07	1600.07
2560.07	1500.07
2560.07	1400.07
2560.07	2400.07
2560.07	2300.07
2560.07	2200.07
2560.07	2100.07
2560.07	2000.07
2560.07	1900.07
2560.07	1800.07
2560.07	1700.07
2560.07	1600.07
2560.07	1500.07
2560.07	1400.07
2560.07	1300.07
2570.07	2400.07
2570.07	2300.07
2570.07	2200.07
2570.07	2100.07
2570.07	2000.07
2570.07	1900.07
2570.07	1800.07
2570.07	1700.07
2570.07	1600.07
2570.07	1500.07
2570.07	1400.07
2570.07	2400.07
2570.07	2300.07
2570.07	2200.07
2570.07	2100.07
2570.07	2000.07
2570.07	1900.07
2570.07	1800.07
2570.07	1700.07
2570.07	1600.07
2570.07	1500.07
2570.07	1400.07
2570.07	1300.07
2580.07	2400.07
2580.07	2300.07
2580.07	2200.07
2580.07	2100.07
2580.07	2000.07
2580.07	1900.07
2580.07	1800.07
2580.07	1700.07
2580.07	1600.07
2580.07	1500.07
2580.07	1400.07
2580.07	2400.07
2580.07	2300.07
2580.07	2200.07
2580.07	2100.07
2580.07	2000.07
2580.07	1900.07
2580.07	1800.07
2580.07	1700.07
2580.07	1600.07
2580.07	1500.07
2580.07	1400.07
2580.07	1300.07
2590.07	2400.07
2590.07	2300.07
2590.07	2200.07
2590.07	2100.07
2590.07	2000.07
2590.07	1900.07
2590.07	1800.07
2590.07	1700.07
2590.07	1600.07
2590.07	1500.07
2590.07	1400.07
2590.07	2400.07
2590.07	2300.07
2590.07	2200.07
2590.07	2100.07
2590.07	2000.07
2590.07	1900.07
2590.07	1800.07
2590.07	1700.07
2590.07	1600.07
2590.07	1500.07
2590.07	1400.07
2590.07	1300.07
2600.07	2400.07
2600.07	2300.07
2600.07	2200.07
2600.07	2100.07
2600.07	2000.07
2600.07	1900.07
2600.07	1800.07
2600.07	1700.07
2600.07	1600.07
2600.07	1500.07
2600.07	1400.07
2600.07	2400.07
2600.07	2300.07
2600.07	2200.07
2600.07	2100.07
2600.07	2000.07
2600.07	1900.07
2600.07	1800.07
2600.07	1700.07
2600.07	1600.07
2600.07	1500.07
2600.07	1400.07
2600.07	1300.07
2610.07	2400.07
2610.07	2300.07
2610.07	2200.07
2610.07	2100.07
2610.07	2000.07
2610.07	1900.07
2610.07	1800.07
2610.07	1700.07
2610.07	1600.07
2610.07	1500.07
2610.07	1400.07
2610.07	2400.07
2610.07	2300.07
2610.07	2200.07
2610.07	2100.07
2610.07	2000.07
2610.07	1900.07
2610.07	1800.07
2610.07	1700.07
2610.07	1600.07
2610.07	1500.07
2610.07	1400.07
2610.07	1300.07
2620.07	2400.07
2620.07	2300.07
2620.07	2200.07
2620.07	2100.07
2620.07	2000.07
2620.07	1900.07
2620.07	1800.07
2620.07	1700.07
2620.07	1600.07
2620.07	1500.07
2620.07	1400.07
2620.07	2400.07
2620.07	2300.07
2620.07	2200.07
2620.07	2100.07
2620.07	2000.07
2620.07	1900.07
2620.07	1800.07
2620.07	1700.07
2620.07	1600.07
2620.07	1500.07
2620.07	1400.07
2620.07	1300.07
2630.07	2400.07
2630.07	2300.07
2630.07	2200.07
2630.07	2100.07
2630.07	2000.07
2630.07	1900.07
2630.07	1800.07
2630.07	1700.07
2630.07	1600.07
2630.07	1500.07
2630.07	1400.07
2630.07	2400.07
2630.07	2300.07
2630.07	2200.07
2630.07	2100.07
2630.07	2000.07
2630.07	1900.07
2630.07	1800.07
2630.07	1700.07
2630.07	1600.07
2630.07	1500.07
2630.07	1400.07
2630.07	1300.07
2640.07	2400.07
2640.07	2300.07
2640.07	2200.07
2640.07	2100.07
2640.07	2000.07
2640.07	1900.07
2640.07	1800.07
2640.07	1700.07
2640.07	1600.07
2640.07	1500.07
2640.07	1400.07
2640.07	2400.07
2640.07	2300.07
2640.07	2200.07
2640.07	2100.07
2640.07	2000.07
2640.07	1900.07
2640.07	1800.07
2640.07	1700.07
2640.07	1600.07
2640.07	1500.07
2640.07	1400.07
2640.07	1300.07
2650.07	2400.07
2650.07	2300.07
2650.07	2200.07
2650.07	2100.07
2650.07	2000.07
2650.07	1900.07
2650.07	1800.07
2650.07	1700.07
2650.07	1600.07
2650.07	1500.07
2650.07	1400.07
2650.07	2400.07
2650.07	2300.07
2650.07	2200.07
2650.07	2100.07
2650.07	2000.07
2650.07	1900.07
2650.07	1800.07
2650.07	1700.07
2650.07	1600.07
2650.07	1500.07
2650.07	1400.07
2650.07	1300.07
2658.07	2658.07
2658.07	2648.07
2658.07	2638.07
2658.07	2628.07
2658.07	2618.07
2658.07	2608.07
2658.07	2598.07
2658.07	2588.07
2658.07	2578.07
2658.07	2568.07
2658.07	2558.07
2658.07	2548.07
2658.07	2538.07
2658.07	2528.07
2658.07	2518.07
2658.07	2508.07
2658.07	2658.07
2658.07	2648.07
2658.07	2638.07
2658.07	2628.07
2658.07	2618.07
2658.07	2608.07
2658.07	2598.07
2658.07	2588.07
2658.07	2578.07
2658.07	2568.07
2658.07	2558.07
2658.07	2548.07
2658.07	2538.07
2658.07	2528.07
2658.07	2518.07
2658.07	2508.07
2660.07	2500.07
2660.07	2400.07
2660.07	2300.07
2660.07	2200.07
2660.07	2100.07
2660.07	2000.07
2660.07	1900.07
2660.07	1800.07
2660.07	1700.07
2660.07	1600.07
2660.07	1500.07
2660.07	1400.07
2660.07	2500.07
2660.07	2400.07
2660.07	2300.07
2660.07	2200.07
2660.07	2100.07
2660.07	2000.07
2660.07	1900.07
2660.07	1800.07
2660.07	1700.07
2660.07	1600.07
2660.07	1500.07
2660.07	1400.07
2660.07	1300.07
2670.07	2500.07
2670.07	2400.07
2670.07	2300.07
2670.07	2200.07
2670.07	2100.07
2670.07	2000.07
2670.07	1900.07
2670.07	1800.07
2670.07	1700.07
2670.07	1600.07
2670.07	1500.07
2670.07	1400.07
2670.07	2500.07
2670.07	2400.07
2670.07	2300.07
2670.07	2200.07
2670.07	2100.07
2670.07	2000.07
2670.07	1900.07
2670.07	1800.07
2670.07	1700.07
2670.07	1600.07
2670.07	1500.07
2670.07	1400.07
2670.07	1300.07
2680.07	2500.07
2680.07	2400.07
2680.07	2300.07
2680.07	2200.07
2680.07	2100.07
2680.07	2000.07
2680.07	1900.07
2680.07	1800.07
2680.07	1700.07
2680.07	1600.07
2680.07	1500.07
2680.07	1400.07
2680.07	2500.07
2680.07	2400.07
2680.07	2300.07
2680.07	2200.07
2680.07	2100.07
2680.07	2000.07
2680.07	1900.07
2680.07	1800.07
2680.07	1700.07
2680.07	1600.07
2680.07	1500.07
2680.07	1400.07
2680.07	1300.07
2690.07	2500.07
2690.07	2400.07
2690.07	2300.07
2690.07	2200.07
2690.07	2100.07
2690.07	2000.07
2690.07	1900.07
2690.07	1800.07
2690.07	1700.07
2690.07	1600.07
2690.07	1500.07
2690.07	1400.07
2690.07	2500.07
2690.07	2400.07
2690.07	2300.07
2690.07	2200.07
2690.07	2100.07
2690.07	2000.07
2690.07	1900.07
2690.07	1800.07
2690.07	1700.07
2690.07	1600.07
2690.07	1500.07
2690.07	1400.07
2690.07	1300.07
2700.07	2500.07
2700.07	2400.07
2700.07	2300.07
2700.07	2200.07
2700.07	2100.07
2700.07	2000.07
2700.07	1900.07
2700.07	1800.07
2700.07	1700.07
2700.07	1600.07
2700.07	1500.07
2700.07	1400.07
2700.07	2500.07
2700.07	2400.07
2700.07	2300.07
2700.07	2200.07
2700.07	2100.07
2700.07	2000.07
2700.07	1900.07
2700.07	1800.07
2700.07	1700.07
2700.07	1600.07
2700.07	1500.07
2700.07	1400.07
2700.07	1300.07
2710.07	2500.07
2710.07	2400.07
2710.07	2300.07
2710.07	2200.07
2710.07	2100.07
2710.07	2000.07
2710.07	1900.07
2710.07	1800.07
2710.07	1700.07
2710.07	1600.07
2710.07	1500.07
2710.07	1400.07
2710.07	2500.07
2710.07	2400.07
2710.07	2300.07
2710.07	2200.07
2710.07	2100.07
2710.07	2000.07
2710.07	1900.07
2710.07	1800.07
2710.07	1700.07
2710.07	1600.07
2710.07	1500.07
2710.07	1400.07
2710.07	1300.07
2720.07	2500.07
2720.07	2400.07
2720.07	2300.07
2720.07	2200.07
2720.07	2100.07
2720.07	2000.07
2720.07	1900.07
2720.07	1800.07
2720.07	1700.07
2720.07	1600.07
2720.07	1500.07
2720.07	1400.07
2720.07	2500.07
2720.07	2400.07
2720.07	2300.07
2720.07	2200.07
2720.07	2100.07
2720.07	2000.07
2720.07	1900.07
2720.07	1800.07
2720.07	1700.07
2720.07	1600.07
2720.07	1500.07
2720.07	1400.07
2720.07	1300.07
2730.07	2500.07
2730.07	2400.07
2730.07	2300.07
2730.07	2200.07
2730.07	2100.07
2730.07	2000.07
2730.07	1900.07
2730.07	1800.07
2730.07	1700.07
2730.07	1600.07
2730.07	1500.07
2730.07	1400.07
2730.07	2500.07
2730.07	2400.07
2730.07	2300.07
2730.07	2200.07
2730.07	2100.07
2730.07	2000.07
2730.07	1900.07
2730.07	1800.07
2730.07	1700.07
2730.07	1600.07
2730.07	1500.07
2730.07	1400.07
2730.07	1300.07
2740.07	2500.07
2740.07	2400.07
2740.07	2300.07
2740.07	2200.07
2740.07	2100.07
2740.07	2000.07
2740.07	1900.07
2740.07	1800.07
2740.07	1700.07
2740.07	1600.07
2740.07	1500.07
2740.07	1400.07
2740.07	2500.07
2740.07	2400.07
2740.07	2300.07
2740.07	2200.07
2740.07	2100.07
2740.07	2000.07
2740.07	1900.07
2740.07	1800.07
2740.07	1700.07
2740.07	1600.07
2740.07	1500.07
2740.07	1400.07
2740.07	1300.07
2750.07	2500.07
2750.07	2400.07
2750.07	2300.07
2750.07	2200.07
2750.07	2100.07
2750.07	2000.07
2750.07	1900.07
2750.07	1800.07
2750.07	1700.07
2750.07	1600.07
2750.07	1500.07
2750.07	1400.07
2750.07	2500.07
2750.07	2400.07
2750.07	2300.07
2750.07	2200.07
2750.07	2100.07
2750.07	2000.07
2750.07	1900.07
2750.07	1800.07
2750.07	1700.07
2750.07	1600.07
2750.07	1500.07
2750.07	1400.07
2750.07	1300.07
2758.07	2758.07
2758.07	2748.07
2758.07	2738.07
2758.07	2728.07
2758.07	2718.07
2758.07	2708.07
2758.07	2698.07
2758.07	2688.07
2758.07	2678.07
2758.07	2668.07
2758.07	2658.07
2758.07	2648.07
2758.07	2638.07
2758.07	2628.07
2758.07	2618.07
2758.07	2608.07
2758.07	2758.07
2758.07	2748.07
2758.07	2738.07
2758.07	2728.07
2758.07	2718.07
2758.07	2708.07
2758.07	2698.07
2758.07	2688.07
2758.07	2678.07
2758.07	2668.07
2758.07	2658.07
2758.07	2648.07
2758.07	2638.07
2758.07	2628.07
2758.07	2618.07
2758.07	2608.07
2760.07	2600.07
2760.07	2500.07
2760.07	2400.07
2760.07	2300.07
2760.07	2200.07
2760.07	2100.07
2760.07	2000.07
2760.07	1900.07
2760.07	1800.07
2760.07	1700.07
2760.07	1600.07
2760.07	1500.07
2760.07	1400.07
2760.07	2600.07
2760.07	2500.07
2760.07	2400.07
2760.07	2300.07
2760.07	2200.07
2760.07	2100.07
2760.07	2000.07
2760.07	1900.07
2760.07	1800.07
2760.07	1700.07
2760.07	1600.07
2760.07	1500.07
2760.07	1400.07
2760.07	1300.07
2770.07	2600.07
2770.07	2500.07
2770.07	2400.07
2770.07	2300.07
2770.07	2200.07
2770.07	2100.07
2770.07	2000.07
2770.07	1900.07
2770.07	1800.07
2770.07	1700.07
2770.07	1600.07
2770.07	1500.07
2770.07	1400.07
2770.07	2600.07
2770.07	2500.07
2770.07	2400.07
2770.07	2300.07
2770.07	2200.07
2770.07	2100.07
2770.07	2000.07
2770.07	1900.07
2770.07	1800.07
2770.07	1700.07
2770.07	1600.07
2770.07	1500.07
2770.07	1400.07
2770.07	1300.07
2780.07	2600.07
2780.07	2500.07
2780.07	2400.07
2780.07	2300.07
2780.07	2200.07
2780.07	2100.07
2780.07	2000.07
2780.07	1900.07
2780.07	1800.07
2780.07	1700.07
2780.07	1600.07
2780.07	1500.07
2780.07	1400.07
2780.07	2600.07
2780.07	2500.07
2780.07	2400.07
2780.07	2300.07
2780.07	2200.07
2780.07	2100.07
2780.07	2000.07
2780.07	1900.07
2780.07	1800.07
2780.07	1700.07
2780.07	1600.07
2780.07	1500.07
2780.07	1400.07
2780.07	1300.07
2790.07	2600.07
2790.07	2500.07
2790.07	2400.07
2790.07	2300.07
2790.07	2200.07
2790.07	2100.07
2790.07	2000.07
2790.07	1900.07
2790.07	1800.07
2790.07	1700.07
2790.07	1600.07
2790.07	1500.07
2790.07	1400.07
2790.07	2600.07
2790.07	2500.07
2790.07	2400.07
2790.07	2300.07
2790.07	2200.07
2790.07	2100.07
2790.07	2000.07
2790.07	1900.07
2790.07	1800.07
2790.07	1700.07
2790.07	1600.07
2790.07	1500.07
2790.07	1400.07
2790.07	1300.07
2800.07	2600.07
2800.07	2500.07
2800.07	2400.07
2800.07	2300.07
2800.07	2200.07
2800.07	2100.07
2800.07	2000.07
2800.07	1900.07
2800.07	1800.07
2800.07	1700.07
2800.07	1600.07
2800.07	1500.07
2800.07	1400.07
2800.07	2600.07
2800.07	2500.07
2800.07	2400.07
2800.07	2300.07
2800.07	2200.07
2800.07	2100.07
2800.07	2000.07
2800.07	1900.07
2800.07	1800.07
2800.07	1700.07
2800.07	1600.07
2800.07	1500.07
2800.07	1400.07
2800.07	1300.07
2810.07	2600.07
2810.07	2500.07
2810.07	2400.07
2810.07	2300.07
2810.07	2200.07
2810.07	2100.07
2810.07	2000.07
2810.07	1900.07
2810.07	1800.07
2810.07	1700.07
2810.07	1600.07
2810.07	1500.07
2810.07	1400.07
2810.07	2600.07
2810.07	2500.07
2810.07	2400.07
2810.07	2300.07
2810.07	2200.07
2810.07	2100.07
2810.07	2000.07
2810.07	1900.07
2810.07	1800.07
2810.07	1700.07
2810.07	1600.07
2810.07	1500.07
2810.07	1400.07
2810.07	1300.07
2820.07	2600.07
2820.07	2500.07
2820.07	2400.07
2820.07	2300.07
2820.07	2200.07
2820.07	2100.07
2820.07	2000.07
2820.07	1900.07
2820.07	1800.07
2820.07	1700.07
2820.07	1600.07
2820.07	1500.07
2820.07	1400.07
2820.07	2600.07
2820.07	2500.07
2820.07	2400.07
2820.07	2300.07
2820.07	2200.07
2820.07	2100.07
2820.07	2000.07
2820.07	1900.07
2820.07	1800.07
2820.07	1700.07
2820.07	1600.07
2820.07	1500.07
2820.07	1400.07
2820.07	1300.07
2830.07	2600.07
2830.07	2500.07
2830.07	2400.07
2830.07	2300.07
2830.07	2200.07
2830.07	2100.07
2830.07	2000.07
2830.07	1900.07
2830.07	1800.07
2830.07	1700.07
2830.07	1600.07
2830.07	1500.07
2830.07	1400.07
2830.07	2600.07
2830.07	2500.07
2830.07	2400.07
2830.07	2300.07
2830.07	2200.07
2830.07	2100.07
2830.07	2000.07
2830.07	1900.07
2830.07	1800.07
2830.07	1700.07
2830.07	1600.07
2830.07	1500.07
2830.07	1400.07
2830.07	1300.07
2840.07	2600.07
2840.07	2500.07
2840.07	2400.07
2840.07	2300.07
2840.07	2200.07
2840.07	2100.07
2840.07	2000.07
2840.07	1900.07
2840.07	1800.07
2840.07	1700.07
2840.07	1600.07
2840.07	1500.07
2840.07	1400.07
2840.07	2600.07
2840.07	2500.07
2840.07	2400.07
2840.07	2300.07
2840.07	2200.07
2840.07	2100.07
2840.07	2000.07
2840.07	1900.07
2840.07	1800.07
2840.07	1700.07
2840.07	1600.07
2840.07	1500.07
2840.07	1400.07
2840.07	1300.07
2850.07	2600.07
2850.07	2500.07
2850.07	2400.07
2850.07	2300.07
2850.07	2200.07
2850.07	2100.07
2850.07	2000.07
2850.07	1900.07
2850.07	1800.07
2850.07	1700.07
2850.07	1600.07
2850.07	1500.07
2850.07	1400.07
2850.07	2600.07
2850.07	2500.07
2850.07	2400.07
2850.07	2300.07
2850.07	2200.07
2850.07	2100.07
2850.07	2000.07
2850.07	1900.07
2850.07	1800.07
2850.07	1700.07
2850.07	1600.07
2850.07	1500.07
2850.07	1400.07
2850.07	1300.07
2858.07	2858.07
2858.07	2848.07
2858.07	2838.07
2858.07	2828.07
2858.07	2818.07
2858.07	2808.07
2858.07	2798.07
2858.07	2788.07
2858.07	2778.07
2858.07	2768.07
2858.07	2758.07
2858.07	2748.07
2858.07	2738.07
2858.07	2728.07
2858.07	2718.07
2858.07	2708.07
2858.07	2858.07
2858.07	2848.07
2858.07	2838.07
2858.07	2828.07
2858.07	2818.07
2858.07	2808.07
2858.07	2798.07
2858.07	2788.07
2858.07	2778.07
2858.07	2768.07
2858.07	2758.07
2858.07	2748.07
2858.07	2738.07
2858.07	2728.07
2858.07	2718.07
2858.07	2708.07
2860.07	2700.07
2860.07	2600.07
2860.07	2500.07
2860.07	2400.07
2860.07	2300.07
2860.07	2200.07
2860.07	2100.07
2860.07	2000.07
2860.07	1900.07
2860.07	1800.07
2860.07	1700.07
2860.07	1600.07
2860.07	1500.07
2860.07	1400.07
2860.07	2700.07
2860.07	2600.07
2860.07	2500.07
2860.07	2400.07
2860.07	2300.07
2860.07	2200.07
2860.07	2100.07
2860.07	2000.07
2860.07	1900.07
2860.07	1800.07
2860.07	1700.07
2860.07	1600.07
2860.07	1500.07
2860.07	1400.07
2860.07	1300.07
2870.07	2700.07
2870.07	2600.07
2870.07	2500.07
2870.07	2400.07
2870.07	2300.07
2870.07	2200.07
2870.07	2100.07
2870.07	2000.07
2870.07	1900.07
2870.07	1800.07
2870.07	1700.07
2870.07	1600.07
2870.07	1500.07
2870.07	1400.07
2870.07	2700.07
2870.07	2600.07
2870.07	2500.07
2870.07	2400.07
2870.07	2300.07
2870.07	2200.07
2870.07	2100.07
2870.07	2000.07
2870.07	1900.07
2870.07	1800.07
2870.07	1700.07
2870.07	1600.07
2870.07	1500.07
2870.07	1400.07
2870.07	1300.07
2880.07	2700.07
2880.07	2600.07
2880.07	2500.07
2880.07	2400.07
2880.07	2300.07
2880.07	2200.07
2880.07	2100.07
2880.07	2000.07
2880.07	1900.07
2880.07	1800.07
2880.07	1700.07
2880.07	1600.07
2880.07	1500.07
2880.07	1400.07
2880.07	2700.07
2880.07	2600.07
2880.07	2500.07
2880.07	2400.07
2880.07	2300.07
2880.07	2200.07
2880.07	2100.07
2880.07	2000.07
2880.07	1900.07
2880.07	1800.07
2880.07	1700.07
2880.07	1600.07
2880.07	1500.07
2880.07	1400.07
2880.07	1300.07
2890.07	2700.07
2890.07	2600.07
2890.07	2500.07
2890.07	2400.07
2890.07	2300.07
2890.07	2200.07
2890.07	2100.07
2890.07	2000.07
2890.07	1900.07
2890.07	1800.07
2890.07	1700.07
2890.07	1600.07
2890.07	1500.07
2890.07	1400.07
2890.07	2700.07
2890.07	2600.07
2890.07	2500.07
2890.07	2400.07
2890.07	2300.07
2890.07	2200.07
2890.07	2100.07
2890.07	2000.07
2890.07	1900.07
2890.07	1800.07
2890.07	1700.07
2890.07	1600.07
2890.07	1500.07
2890.07	1400.07
2890.07	1300.07
2900.07	2700.07
2900.07	2600.07
2900.07	2500.07
2900.07	2400.07
2900.07	2300.07
2900.07	2200.07
2900.07	2100.07
2900.07	2000.07
2900.07	1900.07
2900.07	1800.07
2900.07	1700.07
2900.07	1600.07
2900.07	1500.07
2900.07	1400.07
2900.07	2700.07
2900.07	2600.07
2900.07	2500.07
2900.07	2400.07
2900.07	2300.07
2900.07	2200.07
2900.07	2100.07
2900.07	2000.07
2900.07	1900.07
2900.07	1800.07
2900.07	1700.07
2900.07	1600.07
2900.07	1500.07
2900.07	1400.07
2900.07	1300.07
2910.07	2700.07
2910.07	2600.07
2910.07	2500.07
2910.07	2400.07
2910.07	2300.07
2910.07	2200.07
2910.07	2100.07
2910.07	2000.07
2910.07	1900.07
2910.07	1800.07
2910.07	1700.07
2910.07	1600.07
2910.07	1500.07
2910.07	1400.07
2910.07	2700.07
2910.07	2600.07
2910.07	2500.07
2910.07	2400.07
2910.07	2300.07
2910.07	2200.07
2910.07	2100.07
2910.07	2000.07
2910.07	1900.07
2910.07	1800.07
2910.07	1700.07
2910.07	1600.07
2910.07	1500.07
2910.07	1400.07
2910.07	1300.07
2920.07	2700.07
2920.07	2600.07
2920.07	2500.07
2920.07	2400.07
2920.07	2300.07
2920.07	2200.07
2920.07	2100.07
2920.07	2000.07
2920.07	1900.07
2920.07	1800.07
2920.07	1700.07
2920.07	1600.07
2920.07	1500.07
2920.07	1400.07
2920.07	2700.07
2920.07	2600.07
2920.07	2500.07
2920.07	2400.07
2920.07	2300.07
2920.07	2200.07
2920.07	2100.07
2920.07	2000.07
2920.07	1900.07
2920.07	1800.07
2920.07	1700.07
2920.07	1600.07
2920.07	1500.07
2920.07	1400.07
2920.07	1300.07
2930.07	2700.07
2930.07	2600.07
2930.07	2500.07
2930.07	2400.07
2930.07	2300.07
2930.07	2200.07
2930.07	2100.07
2930.07	2000.07
2930.07	1900.07
2930.07	1800.07
2930.07	1700.07
2930.07	1600.07
2930.07	1500.07
2930.07	1400.07
2930.07	2700.07
2930.07	2600.07
2930.07	2500.07
2930.07	2400.07
2930.07	2300.07
2930.07	2200.07
2930.07	2100.07
2930.07	2000.07
2930.07	1900.07
2930.07	1800.07
2930.07	1700.07
2930.07	1600.07
2930.07	1500.07
2930.07	1400.07
2930.07	1300.07
2940.07	2700.07
2940.07	2600.07
2940.07	2500.07
2940.07	2400.07
2940.07	2300.07
2940.07	2200.07
2940.07	2100.07
2940.07	2000.07
2940.07	1900.07
2940.07	1800.07
2940.07	1700.07
2940.07	1600.07
2940.07	1500.07
2940.07	1400.07
2940.07	2700.07
2940.07	2600.07
2940.07	2500.07
2940.07	2400.07
2940.07	2300.07
2940.07	2200.07
2940.07	2100.07
2940.07	2000.07
2940.07	1900.07
2940.07	1800.07
2940.07	1700.07
2940.07	1600.07
2940.07	1500.07
2940.07	1400.07
2940.07	1300.07
2950.07	2700.07
2950.07	2600.07
2950.07	2500.07
2950.07	2400.07
2950.07	2300.07
2950.07	2200.07
2950.07	2100.07
2950.07	2000.07
2950.07	1900.07
2950.07	1800.07
2950.07	1700.07
2950.07	1600.07
2950.07	1500.07
2950.07	1400.07
2950.07	2700.07
2950.07	2600.07
2950.07	2500.07
2950.07	2400.07
2950.07	2300.07
2950.07	2200.07
2950.07	2100.07
2950.07	2000.07
2950.07	1900.07
2950.07	1800.07
2950.07	1700.07
2950.07	1600.07
2950.07	1500.07
2950.07	1400.07
2950.07	1300.07
2958.07	2958.07
2958.07	2948.07
2958.07	2938.07
2958.07	2928.07
2958.07	2918.07
2958.07	2908.07
2958.07	2898.07
2958.07	2888.07
2958.07	2878.07
2958.07	2868.07
2958.07	2858.07
2958.07	2848.07
2958.07	2838.07
2958.07	2828.07
2958.07	2818.07
2958.07	2808.07
2958.07	2958.07
2958.07	2948.07
2958.07	2938.07
2958.07	2928.07
2958.07	2918.07
2958.07	2908.07
2958.07	2898.07
2958.07	2888.07
2958.07	2878.07
2958.07	2868.07
2958.07	2858.07
2958.07	2848.07
2958.07	2838.07
2958.07	2828.07
2958.07	2818.07
2958.07	2808.07
2960.07	2800.07
2960.07	2700.07
2960.07	2600.07
2960.07	2500.07
2960.07	2400.07
2960.07	2300.07
2960.07	2200.07
2960.07	2100.07
2960.07	2000.07
2960.07	1900.07
2960.07	1800.07
2960.07	1700.07
2960.07	1600.07
2960.07	1500.07
2960.07	1400.07
2960.07	2800.07
2960.07	2700.07
2960.07	2600.07
2960.07	2500.07
2960.07	2400.07
2960.07	2300.07
2960.07	2200.07
2960.07	2100.07
2960.07	2000.07
2960.07	1900.07
2960.07	1800.07
2960.07	1700.07
2960.07	1600.07
2960.07	1500.07
2960.07	1400.07
2960.07	1300.07
2970.07	2800.07
2970.07	2700.07
2970.07	2600.07
2970.07	2500.07
2970.07	2400.07
2970.07	2300.07
2970.07	2200.07
2970.07	2100.07
2970.07	2000.07
2970.07	1900.07
2970.07	1800.07
2970.07	1700.07
2970.07	1600.07
2970.07	1500.07
2970.07	1400.07
2970.07	2800.07
2970.07	2700.07
2970.07	2600.07
2970.07	2500.07
2970.07	2400.07
2970.07	2300.07
2970.07	2200.07
2970.07	2100.07
2970.07	2000.07
2970.07	1900.07
2970.07	1800.07
2970.07	1700.07
2970.07	1600.07
2970.07	1500.07
2970.07	1400.07
2970.07	1300.07
2980.07	2800.07
2980.07	2700.07
2980.07	2600.07
2980.07	2500.07
2980.07	2400.07
2980.07	2300.07
2980.07	2200.07
2980.07	2100.07
2980.07	2000.07
2980.07	1900.07
2980.07	1800.07
2980.07	1700.07
2980.07	1600.07
2980.07	1500.07
2980.07	1400.07
2980.07	2800.07
2980.07	2700.07
2980.07	2600.07
2980.07	2500.07
2980.07	2400.07
2980.07	2300.07
2980.07	2200.07
2980.07	2100.07
2980.07	2000.07
2980.07	1900.07
2980.07	1800.07
2980.07	1700.07
2980.07	1600.07
2980.07	1500.07
2980.07	1400.07
2980.07	1300.07
2990.07	2800.07
2990.07	2700.07
2990.07	2600.07
2990.07	2500.07
2990.07	2400.07
2990.07	2300.07
2990.07	2200.07
2990.07	2100.07
2990.07	2000.07
2990.07	1900.07
2990.07	1800.07
2990.07	1700.07
2990.07	1600.07
2990.07	1500.07
2990.07	1400.07
2990.07	2800.07
2990.07	2700.07
2990.07	2600.07
2990.07	2500.07
2990.07	2400.07
2990.07	2300.07
2990.07	2200.07
2990.07	2100.07
2990.07	2000.07
2990.07	1900.07
2990.07	1800.07
2990.07	1700.07
2990.07	1600.07
2990.07	1500.07
2990.07	1400.07
2990.07	1300.07
3000.07	2800.07
3000.07	2700.07
3000.07	2600.07
3000.07	2500.07
3000.07	2400.07
3000.07	2300.07
3000.07	2200.07
3000.07	2100.07
3000.07	2000.07
3000.07	1900.07
3000.07	1800.07
3000.07	1700.07
3000.07	1600.07
3000.07	1500.07
3000.07	1400.07
3000.07	2800.07
3000.07	2700.07
3000.07	2600.07
3000.07	2500.07
3000.07	2400.07
3000.07	2300.07
3000.07	2200.07
3000.07	2100.07
3000.07	2000.07
3000.07	1900.07
3000.07	1800.07
3000.07	1700.07
3000.07	1600.07
3000.07	1500.07
3000.07	1400.07
3000.07	1300.07
3010.07	2800.07
3010.07	2700.07
3010.07	2600.07
3010.07	2500.07
3010.07	2400.07
3010.07	2300.07
3010.07	2200.07
3010.07	2100.07
3010.07	2000.07
3010.07	1900.07
3010.07	1800.07
3010.07	1700.07
3010.07	1600.07
3010.07	1500.07
3010.07	1400.07
3010.07	2800.07
3010.07	2700.07
3010.07	2600.07
3010.07	2500.07
3010.07	2400.07
3010.07	2300.07
3010.07	2200.07
3010.07	2100.07
3010.07	2000.07
3010.07	1900.07
3010.07	1800.07
3010.07	1700.07
3010.07	1600.07
3010.07	1500.07
3010.07	1400.07
3010.07	1300.07
3020.07	2800.07
3020.07	2700.07
3020.07	2600.07
3020.07	2500.07
3020.07	2400.07
3020.07	2300.07
3020.07	2200.07
3020.07	2100.07
3020.07	2000.07
3020.07	1900.07
3020.07	1800.07
3020.07	1700.07
3020.07	1600.07
3020.07	1500.07
3020.07	1400.07
3020.07	2800.07
3020.07	2700.07
3020.07	2600.07
3020.07	2500.07
3020.07	2400.07
3020.07	2300.07
3020.07	2200.07
3020.07	2100.07
3020.07	2000.07
3020.07	1900.07
3020.07	1800.07
3020.07	1700.07
3020.07	1600.07
3020.07	1500.07
3020.07	1400.07
3020.07	1300.07
3030.07	2800.07
3030.07	2700.07
3030.07	2600.07
3030.07	2500.07
3030.07	2400.07
3030.07	2300.07
3030.07	2200.07
3030.07	2100.07
3030.07	2000.07
3030.07	1900.07
3030.07	1800.07
3030.07	1700.07
3030.07	1600.07
3030.07	1500.07
3030.07	1400.07
3030.07	2800.07
3030.07	2700.07
3030.07	2600.07
3030.07	2500.07
3030.07	2400.07
3030.07	2300.07
3030.07	2200.07
3030.07	2100.07
3030.07	2000.07
3030.07	1900.07
3030.07	1800.07
3030.07	1700.07
3030.07	1600.07
3030.07	1500.07
3030.07	1400.07
3030.07	1300.07
3040.07	2800.07
3040.07	2700.07
3040.07	2600.07
3040.07	2500.07
3040.07	2400.07
3040.07	2300.07
3040.07	2200.07
3040.07	2100.07
3040.07	2000.07
3040.07	1900.07
3040.07	1800.07
3040.07	1700.07
3040.07	1600.07
3040.07	1500.07
3040.07	1400.07
3040.07	2800.07
3040.07	2700.07
3040.07	2600.07
3040.07	2500.07
3040.07	2400.07
3040.07	2300.07
3040.07	2200.07
3040.07	2100.07
3040.07	2000.07
3040.07	1900.07
3040.07	1800.07
3040.07	1700.07
3040.07	1600.07
3040.07	1500.07
3040.07	1400.07
3040.07	1300.07
3050.07	2800.07
3050.07	2700.07
3050.07	2600.07
3050.07	2500.07
3050.07	2400.07
3050.07	2300.07
3050.07	2200.07
3050.07	2100.07
3050.07	2000.07
3050.07	1900.07
3050.07	1800.07
3050.07	1700.07
3050.07	1600.07
3050.07	1500.07
3050.07	1400.07
3050.07	2800.07
3050.07	2700.07
3050.07	2600.07
3050.07	2500.07
3050.07	2400.07
3050.07	2300.07
3050.07	2200.07
3050.07	2100.07
3050.07	2000.07
3050.07	1900.07
3050.07	1800.07
3050.07	1700.07
3050.07	1600.07
3050.07	1500.07
3050.07	1400.07
3050.07	1300.07
3058.07	3058.07
3058.07	3048.07
3058.07	3038.07
3058.07	3028.07
3058.07	3018.07
3058.07	3008.07
3058.07	2998.07
3058.07	2988.07
3058.07	2978.07
3058.07	2968.07
3058.07	2958.07
3058.07	2948.07
3058.07	2938.07
3058.07	2928.07
3058.07	2918.07
3058.07	2908.07
3058.07	3058.07
3058.07	3048.07
3058.07	3038.07
3058.07	3028.07
3058.07	3018.07
3058.07	3008.07
3058.07	2998.07
3058.07	2988.07
3058.07	2978.07
3058.07	2968.07
3058.07	2958.07
3058.07	2948.07
3058.07	2938.07
3058.07	2928.07
3058.07	2918.07
3058.07	2908.07
3060.07	2900.07
3060.07	2800.07
3060.07	2700.07
3060.07	2600.07
3060.07	2500.07
3060.07	2400.07
3060.07	2300.07
3060.07	2200.07
3060.07	2100.07
3060.07	2000.07
3060.07	1900.07
3060.07	1800.07
3060.07	1700.07
3060.07	1600.07
3060.07	1500.07
3060.07	1400.07
3060.07	2900.07
3060.07	2800.07
3060.07	2700.07
3060.07	2600.07
3060.07	2500.07
3060.07	2400.07
3060.07	2300.07
3060.07	2200.07
3060.07	2100.07
3060.07	2000.07
3060.07	1900.07
3060.07	1800.07
3060.07	1700.07
3060.07	1600.07
3060.07	1500.07
3060.07	1400.07
3060.07	1300.07
3070.07	2900.07
3070.07	2800.07
3070.07	2700.07
3070.07	2600.07
3070.07	2500.07
3070.07	2400.07
3070.07	2300.07
3070.07	2200.07
3070.07	2100.07
3070.07	2000.07
3070.07	1900.07
3070.07	1800.07
3070.07	1700.07
3070.07	1600.07
3070.07	1500.07
3070.07	1400.07
3070.07	2900.07
3070.07	2800.07
3070.07	2700.07
3070.07	2600.07
3070.07	2500.07
3070.07	2400.07
3070.07	2300.07
3070.07	2200.07
3070.07	2100.07
3070.07	2000.07
3070.07	1900.07
3070.07	1800.07
3070.07	1700.07
3070.07	1600.07
3070.07	1500.07
3070.07	1400.07
3070.07	1300.07
3080.07	2900.07
3080.07	2800.07
3080.07	2700.07
3080.07	2600.07
3080.07	2500.07
3080.07	2400.07
3080.07	2300.07
3080.07	2200.07
3080.07	2100.07
3080.07	2000.07
3080.07	1900.07
3080.07	1800.07
3080.07	1700.07
3080.07	1600.07
3080.07	1500.07
3080.07	1400.07
3080.07	2900.07
3080.07	2800.07
3080.07	2700.07
3080.07	2600.07
3080.07	2500.07
3080.07	2400.07
3080.07	2300.07
3080.07	2200.07
3080.07	2100.07
3080.07	2000.07
3080.07	1900.07
3080.07	1800.07
3080.07	1700.07
3080.07	1600.07
3080.07	1500.07
3080.07	1400.07
3080.07	1300.07
3090.07	2900.07
3090.07	2800.07
3090.07	2700.07
3090.07	2600.07
3090.07	2500.07
3090.07	2400.07
3090.07	2300.07
3090.07	2200.07
3090.07	2100.07
3090.07	2000.07
3090.07	1900.07
3090.07	1800.07
3090.07	1700.07
3090.07	1600.07
3090.07	1500.07
3090.07	1400.07
3090.07	2900.07
3090.07	2800.07
3090.07	2700.07
3090.07	2600.07
3090.07	2500.07
3090.07	2400.07
3090.07	2300.07
3090.07	2200.07
3090.07	2100.07
3090.07	2000.07
3090.07	1900.07
3090.07	1800.07
3090.07	1700.07
3090.07	1600.07
3090.07	1500.07
3090.07	1400.07
3090.07	1300.07
3100.07	2900.07
3100.07	2800.07
3100.07	2700.07
3100.07	2600.07
3100.07	2500.07
3100.07	2400.07
3100.07	2300.07
3100.07	2200.07
3100.07	2100.07
3100.07	2000.07
3100.07	1900.07
3100.07	1800.07
3100.07	1700.07
3100.07	1600.07
3100.07	1500.07
3100.07	1400.07
3100.07	2900.07
3100.07	2800.07
3100.07	2700.07
3100.07	2600.07
3100.07	2500.07
3100.07	2400.07
3100.07	2300.07
3100.07	2200.07
3100.07	2100.07
3100.07	2000.07
3100.07	1900.07
3100.07	1800.07
3100.07	1700.07
3100.07	1600.07
3100.07	1500.07
3100.07	1400.07
3100.07	1300.07
3110.07	2900.07
3110.07	2800.07
3110.07	2700.07
3110.07	2600.07
3110.07	2500.07
3110.07	2400.07
3110.07	2300.07
3110.07	2200.07
3110.07	2100.07
3110.07	2000.07
3110.07	1900.07
3110.07	1800.07
3110.07	1700.07
3110.07	1600.07
3110.07	1500.07
3110.07	1400.07
3110.07	2900.07
3110.07	2800.07
3110.07	2700.07
3110.07	2600.07
3110.07	2500.07
3110.07	2400.07
3110.07	2300.07
3110.07	2200.07
3110.07	2100.07
3110.07	2000.07
3110.07	1900.07
3110.07	1800.07
3110.07	1700.07
3110.07	1600.07
3110.07	1500.07
3110.07	1400.07
3110.07	1300.07
3120.07	2900.07
3120.07	2800.07
3120.07	2700.07
3120.07	2600.07
3120.07	2500.07
3120.07	2400.07
3120.07	2300.07
3120.07	2200.07
3120.07	2100.07
3120.07	2000.07
3120.07	1900.07
3120.07	1800.07
3120.07	1700.07
3120.07	1600.07
3120.07	1500.07
3120.07	1400.07
3120.07	2900.07
3120.07	2800.07
3120.07	2700.07
3120.07	2600.07
3120.07	2500.07
3120.07	2400.07
3120.07	2300.07
3120.07	2200.07
3120.07	2100.07
3120.07	2000.07
3120.07	1900.07
3120.07	1800.07
3120.07	1700.07
3120.07	1600.07
3120.07	1500.07
3120.07	1400.07
3120.07	1300.07
3130.07	2900.07
3130.07	2800.07
3130.07	2700.07
3130.07	2600.07
3130.07	2500.07
3130.07	2400.07
3130.07	2300.07
3130.07	2200.07
3130.07	2100.07
3130.07	2000.07
3130.07	1900.07
3130.07	1800.07
3130.07	1700.07
3130.07	1600.07
3130.07	1500.07
3130.07	1400.07
3130.07	2900.07
3130.07	2800.07
3130.07	2700.07
3130.07	2600.07
3130.07	2500.07
3130.07	2400.07
3130.07	2300.07
3130.07	2200.07
3130.07	2100.07
3130.07	2000.07
3130.07	1900.07
3130.07	1800.07
3130.07	1700.07
3130.07	1600.07
3130.07	1500.07
3130.07	1400.07
3130.07	1300.07
3140.07	2900.07
3140.07	2800.07
3140.07	2700.07
3140.07	2600.07
3140.07	2500.07
3140.07	2400.07
3140.07	2300.07
3140.07	2200.07
3140.07	2100.07
3140.07	2000.07
3140.07	1900.07
3140.07	1800.07
3140.07	1700.07
3140.07	1600.07
3140.07	1500.07
3140.07	1400.07
3140.07	2900.07
3140.07	2800.07
3140.07	2700.07
3140.07	2600.07
3140.07	2500.07
3140.07	2400.07
3140.07	2300.07
3140.07	2200.07
3140.07	2100.07
3140.07	2000.07
3140.07	1900.07
3140.07	1800.07
3140.07	1700.07
3140.07	1600.07
3140.07	1500.07
3140.07	1400.07
3140.07	1300.07
3150.07	2900.07
3150.07	2800.07
3150.07	2700.07
3150.07	2600.07
3150.07	2500.07
3150.07	2400.07
3150.07	2300.07
3150.07	2200.07
3150.07	2100.07
3150.07	2000.07
3150.07	1900.07
3150.07	1800.07
3150.07	1700.07
3150.07	1600.07
3150.07	1500.07
3150.07	1400.07
3150.07	2900.07
3150.07	2800.07
3150.07	2700.07
3150.07	2600.07
3150.07	2500.07
3150.07	2400.07
3150.07	2300.07
3150.07	2200.07
3150.07	2100.07
3150.07	2000.07
3150.07	1900.07
3150.07	1800.07
3150.07	1700.07
3150.07	1600.07
3150.07	1500.07
3150.07	1400.07
3150.07	1300.07
3158.07	3158.07
3158.07	3148.07
3158.07	3138.07
3158.07	3128.07
3158.07	3118.07
3158.07	3108.07
3158.07	3098.07
3158.07	3088.07
3158.07	3078.07
3158.07	3068.07
3158.07	3058.07
3158.07	3048.07
3158.07	3038.07
3158.07	3028.07
3158.07	3018.07
3158.07	3008.07
3158.07	3158.07
3158.07	3148.07
3158.07	3138.07
3158.07	3128.07
3158.07	3118.07
3158.07	3108.07
3158.07	3098.07
3158.07	3088.07
3158.07	3078.07
3158.07	3068.07
3158.07	3058.07
3158.07	3048.07
3158.07	3038.07
3158.07	3028.07
3158.07	3018.07
3158.07	3008.07
3160.07	3000.07
3160.07	2900.07
3160.07	2800.07
3160.07	2700.07
3160.07	2600.07
3160.07	2500.07
3160.07	2400.07
3160.07	2300.07
3160.07	2200.07
3160.07	2100.07
3160.07	2000.07
3160.07	1900.07
3160.07	1800.07
3160.07	1700.07
3160.07	1600.07
3160.07	1500.07
3160.07	1400.07
3160.07	3000.07
3160.07	2900.07
3160.07	2800.07
3160.07	2700.07
3160.07	2600.07
3160.07	2500.07
3160.07	2400.07
3160.07	2300.07
3160.07	2200.07
3160.07	2100.07
3160.07	2000.07
3160.07	1900.07
3160.07	1800.07
3160.07	1700.07
3160.07	1600.07
3160.07	1500.07
3160.07	1400.07
3160.07	1300.07
3170.07	3000.07
3170.07	2900.07
3170.07	2800.07
3170.07	2700.07
3170.07	2600.07
3170.07	2500.07
3170.07	2400.07
3170.07	2300.07
3170.07	2200.07
3170.07	2100.07
3170.07	2000.07
3170.07	1900.07
3170.07	1800.07
3170.07	1700.07
3170.07	1600.07
3170.07	1500.07
3170.07	1400.07
3170.07	3000.07
3170.07	2900.07
3170.07	2800.07
3170.07	2700.07
3170.07	2600.07
3170.07	2500.07
3170.07	2400.07
3170.07	2300.07
3170.07	2200.07
3170.07	2100.07
3170.07	2000.07
3170.07	1900.07
3170.07	1800.07
3170.07	1700.07
3170.07	1600.07
3170.07	1500.07
3170.07	1400.07
3170.07	1300.07
3180.07	3000.07
3180.07	2900.07
3180.07	2800.07
3180.07	2700.07
3180.07	2600.07
3180.07	2500.07
3180.07	2400.07
3180.07	2300.07
3180.07	2200.07
3180.07	2100.07
3180.07	2000.07
3180.07	1900.07
3180.07	1800.07
3180.07	1700.07
3180.07	1600.07
3180.07	1500.07
3180.07	1400.07
3180.07	3000.07
3180.07	2900.07
3180.07	2800.07
3180.07	2700.07
3180.07	2600.07
3180.07	2500.07
3180.07	2400.07
3180.07	2300.07
3180.07	2200.07
3180.07	2100.07
3180.07	2000.07
3180.07	1900.07
3180.07	1800.07
3180.07	1700.07
3180.07	1600.07
3180.07	1500.07
3180.07	1400.07
3180.07	1300.07
3190.07	3000.07
3190.07	2900.07
3190.07	2800.07
3190.07	2700.07
3190.07	2600.07
3190.07	2500.07
3190.07	2400.07
3190.07	2300.07
3190.07	2200.07
3190.07	2100.07
3190.07	2000.07
3190.07	1900.07
3190.07	1800.07
3190.07	1700.07
3190.07	1600.07
3190.07	1500.07
3190.07	1400.07
3190.07	3000.07
3190.07	2900.07
3190.07	2800.07
3190.07	2700.07
3190.07	2600.07
3190.07	2500.07
3190.07	2400.07
3190.07	2300.07
3190.07	2200.07
3190.07	2100.07
3190.07	2000.07
3190.07	1900.07
3190.07	1800.07
3190.07	1700.07
3190.07	1600.07
3190.07	1500.07
3190.07	1400.07
3190.07	1300.07
3200.07	3000.07
3200.07	2900.07
3200.07	2800.07
3200.07	2700.07
3200.07	2600.07
3200.07	2500.07
3200.07	2400.07
3200.07	2300.07
3200.07	2200.07
3200.07	2100.07
3200.07	2000.07
3200.07	1900.07
3200.07	1800.07
3200.07	1700.07
3200.07	1600.07
3200.07	1500.07
3200.07	1400.07
3200.07	3000.07
3200.07	2900.07
3200.07	2800.07
3200.07	2700.07
3200.07	2600.07
3200.07	2500.07
3200.07	2400.07
3200.07	2300.07
3200.07	2200.07
3200.07	2100.07
3200.07	2000.07
3200.07	1900.07
3200.07	1800.07
3200.07	1700.07
3200.07	1600.07
3200.07	1500.07
3200.07	1400.07
3200.07	1300.07
3210.07	3000.07
3210.07	2900.07
3210.07	2800.07
3210.07	2700.07
3210.07	2600.07
3210.07	2500.07
3210.07	2400.07
3210.07	2300.07
3210.07	2200.07
3210.07	2100.07
3210.07	2000.07
3210.07	1900.07
3210.07	1800.07
3210.07	1700.07
3210.07	1600.07
3210.07	1500.07
3210.07	1400.07
3210.07	3000.07
3210.07	2900.07
3210.07	2800.07
3210.07	2700.07
3210.07	2600.07
3210.07	2500.07
3210.07	2400.07
3210.07	2300.07
3210.07	2200.07
3210.07	2100.07
3210.07	2000.07
3210.07	1900.07
3210.07	1800.07
3210.07	1700.07
3210.07	1600.07
3210.07	1500.07
3210.07	1400.07
3210.07	1300.07
3220.07	3000.07
3220.07	2900.07
3220.07	2800.07
3220.07	2700.07
3220.07	2600.07
3220.07	2500.07
3220.07	2400.07
3220.07	2300.07
3220.07	2200.07
3220.07	2100.07
3220.07	2000.07
3220.07	1900.07
3220.07	1800.07
3220.07	1700.07
3220.07	1600.07
3220.07	1500.07
3220.07	1400.07
3220.07	3000.07
3220.07	2900.07
3220.07	2800.07
3220.07	2700.07
3220.07	2600.07
3220.07	2500.07
3220.07	2400.07
3220.07	2300.07
3220.07	2200.07
3220.07	2100.07
3220.07	2000.07
3220.07	1900.07
3220.07	1800.07
3220.07	1700.07
3220.07	1600.07
3220.07	1500.07
3220.07	1400.07
3220.07	1300.07
3230.07	3000.07
3230.07	2900.07
3230.07	2800.07
3230.07	2700.07
3230.07	2600.07
3230.07	2500.07
3230.07	2400.07
3230.07	2300.07
3230.07	2200.07
3230.07	2100.07
3230.07	2000.07
3230.07	1900.07
3230.07	1800.07
3230.07	1700.07
3230.07	1600.07
3230.07	1500.07
3230.07	1400.07
3230.07	3000.07
3230.07	2900.07
3230.07	2800.07
3230.07	2700.07
3230.07	2600.07
3230.07	2500.07
3230.07	2400.07
3230.07	2300.07
3230.07	2200.07
3230.07	2100.07
3230.07	2000.07
3230.07	1900.07
3230.07	1800.07
3230.07	1700.07
3230.07	1600.07
3230.07	1500.07
3230.07	1400.07
3230.07	1300.07
3240.07	3000.07
3240.07	2900.07
3240.07	2800.07
3240.07	2700.07
3240.07	2600.07
3240.07	2500.07
3240.07	2400.07
3240.07	2300.07
3240.07	2200.07
3240.07	2100.07
3240.07	2000.07
3240.07	1900.07
3240.07	1800.07
3240.07	1700.07
3240.07	1600.07
3240.07	1500.07
3240.07	1400.07
3240.07	3000.07
3240.07	2900.07
3240.07	2800.07
3240.07	2700.07
3240.07	2600.07
3240.07	2500.07
3240.07	2400.07
3240.07	2300.07
3240.07	2200.07
3240.07	2100.07
3240.07	2000.07
3240.07	1900.07
3240.07	1800.07
3240.07	1700.07
3240.07	1600.07
3240.07	1500.07
3240.07	1400.07
3240.07	1300.07
3250.07	3000.07
3250.07	2900.07
3250.07	2800.07
3250.07	2700.07
3250.07	2600.07
3250.07	2500.07
3250.07	2400.07
3250.07	2300.07
3250.07	2200.07
3250.07	2100.07
3250.07	2000.07
3250.07	1900.07
3250.07	1800.07
3250.07	1700.07
3250.07	1600.07
3250.07	1500.07
3250.07	1400.07
3250.07	3000.07
3250.07	2900.07
3250.07	2800.07
3250.07	2700.07
3250.07	2600.07
3250.07	2500.07
3250.07	2400.07
3250.07	2300.07
3250.07	2200.07
3250.07	2100.07
3250.07	2000.07
3250.07	1900.07
3250.07	1800.07
3250.07	1700.07
3250.07	1600.07
3250.07	1500.07
3250.07	1400.07
3250.07	1300.07
3258.07	3258.07
3258.07	3248.07
3258.07	3238.07
3258.07	3228.07
3258.07	3218.07
3258.07	3208.07
3258.07	3198.07
3258.07	3188.07
3258.07	3178.07
3258.07	3168.07
3258.07	3158.07
3258.07	3148.07
3258.07	3138.07
3258.07	3128.07
3258.07	3118.07
3258.07	3108.07
3260.07	3100.07
3260.07	3000.07
3260.07	2900.07
3260.07	2800.07
3260.07	2700.07
3260.07	2600.07
3260.07	2500.07
3260.07	2400.07
3260.07	2300.07
3260.07	2200.07
3260.07	2100.07
3260.07	2000.07
3260.07	1900.07
3260.07	1800.07
3260.07	1700.07
3260.07	1600.07
3260.07	1500.07
3260.07	1400.07
3270.07	3100.07
3270.07	3000.07
3270.07	2900.07
3270.07	2800.07
3270.07	2700.07
3270.07	2600.07
3270.07	2500.07
3270.07	2400.07
3270.07	2300.07
3270.07	2200.07
3270.07	2100.07
3270.07	2000.07
3270.07	1900.07
3270.07	1800.07
3270.07	1700.07
3270.07	1600.07
3270.07	1500.07
3270.07	1400.07
3280.07	3100.07
3280.07	3000.07
3280.07	2900.07
3280.07	2800.07
3280.07	2700.07
3280.07	2600.07
3280.07	2500.07
3280.07	2400.07
3280.07	2300.07
3280.07	2200.07
3280.07	2100.07
3280.07	2000.07
3280.07	1900.07
3280.07	1800.07
3280.07	1700.07
3280.07	1600.07
3280.07	1500.07
3280.07	1400.07
3290.07	3100.07
3290.07	3000.07
3290.07	2900.07
3290.07	2800.07
3290.07	2700.07
3290.07	2600.07
3290.07	2500.07
3290.07	2400.07
3290.07	2300.07
3290.07	2200.07
3290.07	2100.07
3290.07	2000.07
3290.07	1900.07
3290.07	1800.07
3290.07	1700.07
3290.07	1600.07
3290.07	1500.07
3290.07	1400.07
3300.07	3100.07
3300.07	3000.07
3300.07	2900.07
3300.07	2800.07
3300.07	2700.07
3300.07	2600.07
3300.07	2500.07
3300.07	2400.07
3300.07	2300.07
3300.07	2200.07
3300.07	2100.07
3300.07	2000.07
3300.07	1900.07
3300.07	1800.07
3300.07	1700.07
3300.07	1600.07
3300.07	1500.07
3300.07	1400.07
3310.07	3100.07
3310.07	3000.07
3310.07	2900.07
3310.07	2800.07
3310.07	2700.07
3310.07	2600.07
3310.07	2500.07
3310.07	2400.07
3310.07	2300.07
3310.07	2200.07
3310.07	2100.07
3310.07	2000.07
3310.07	1900.07
3310.07	1800.07
3310.07	1700.07
3310.07	1600.07
3310.07	1500.07
3310.07	1400.07
3320.07	3100.07
3320.07	3000.07
3320.07	2900.07
3320.07	2800.07
3320.07	2700.07
3320.07	2600.07
3320.07	2500.07
3320.07	2400.07
3320.07	2300.07
3320.07	2200.07
3320.07	2100.07
3320.07	2000.07
3320.07	1900.07
3320.07	1800.07
3320.07	1700.07
3320.07	1600.07
3320.07	1500.07
3320.07	1400.07
3330.07	3100.07
3330.07	3000.07
3330.07	2900.07
3330.07	2800.07
3330.07	2700.07
3330.07	2600.07
3330.07	2500.07
3330.07	2400.07
3330.07	2300.07
3330.07	2200.07
3330.07	2100.07
3330.07	2000.07
3330.07	1900.07
3330.07	1800.07
3330.07	1700.07
3330.07	1600.07
3330.07	1500.07
3330.07	1400.07
3340.07	3100.07
3340.07	3000.07
3340.07	2900.07
3340.07	2800.07
3340.07	2700.07
3340.07	2600.07
3340.07	2500.07
3340.07	2400.07
3340.07	2300.07
3340.07	2200.07
3340.07	2100.07
3340.07	2000.07
3340.07	1900.07
3340.07	1800.07
3340.07	1700.07
3340.07	1600.07
3340.07	1500.07
3340.07	1400.07
3350.07	3100.07
3350.07	3000.07
3350.07	2900.07
3350.07	2800.07
3350.07	2700.07
3350.07	2600.07
3350.07	2500.07
3350.07	2400.07
3350.07	2300.07
3350.07	2200.07
3350.07	2100.07
3350.07	2000.07
3350.07	1900.07
3350.07	1800.07
3350.07	1700.07
3350.07	1600.07
3350.07	1500.07
3350.07	1400.07
3358.07	3358.07
3358.07	3348.07
3358.07	3338.07
3358.07	3328.07
3358.07	3318.07
3358.07	3308.07
3358.07	3298.07
3358.07	3288.07
3358.07	3278.07
3358.07	3268.07
3358.07	3258.07
3358.07	3248.07
3358.07	3238.07
3358.07	3228.07
3358.07	3218.07
3358.07	3208.07
3360.07	3200.07
3360.07	3100.07
3360.07	3000.07
3360.07	2900.07
3360.07	2800.07
3360.07	2700.07
3360.07	2600.07
3360.07	2500.07
3360.07	2400.07
3360.07	2300.07
3360.07	2200.07
3360.07	2100.07
3360.07	2000.07
3360.07	1900.07
3360.07	1800.07
3360.07	1700.07
3360.07	1600.07
3360.07	1500.07
3370.07	3200.07
3370.07	3100.07
3370.07	3000.07
3370.07	2900.07
3370.07	2800.07
3370.07	2700.07
3370.07	2600.07
3370.07	2500.07
3370.07	2400.07
3370.07	2300.07
3370.07	2200.07
3370.07	2100.07
3370.07	2000.07
3370.07	1900.07
3370.07	1800.07
3370.07	1700.07
3370.07	1600.07
3370.07	1500.07
3380.07	3200.07
3380.07	3100.07
3380.07	3000.07
3380.07	2900.07
3380.07	2800.07
3380.07	2700.07
3380.07	2600.07
3380.07	2500.07
3380.07	2400.07
3380.07	2300.07
3380.07	2200.07
3380.07	2100.07
3380.07	2000.07
3380.07	1900.07
3380.07	1800.07
3380.07	1700.07
3380.07	1600.07
3380.07	1500.07
3390.07	3200.07
3390.07	3100.07
3390.07	3000.07
3390.07	2900.07
3390.07	2800.07
3390.07	2700.07
3390.07	2600.07
3390.07	2500.07
3390.07	2400.07
3390.07	2300.07
3390.07	2200.07
3390.07	2100.07
3390.07	2000.07
3390.07	1900.07
3390.07	1800.07
3390.07	1700.07
3390.07	1600.07
3390.07	1500.07
3400.07	3200.07
3400.07	3100.07
3400.07	3000.07
3400.07	2900.07
3400.07	2800.07
3400.07	2700.07
3400.07	2600.07
3400.07	2500.07
3400.07	2400.07
3400.07	2300.07
3400.07	2200.07
3400.07	2100.07
3400.07	2000.07
3400.07	1900.07
3400.07	1800.07
3400.07	1700.07
3400.07	1600.07
3400.07	1500.07
3410.07	3200.07
3410.07	3100.07
3410.07	3000.07
3410.07	2900.07
3410.07	2800.07
3410.07	2700.07
3410.07	2600.07
3410.07	2500.07
3410.07	2400.07
3410.07	2300.07
3410.07	2200.07
3410.07	2100.07
3410.07	2000.07
3410.07	1900.07
3410.07	1800.07
3410.07	1700.07
3410.07	1600.07
3410.07	1500.07
4560.09	1300.09
4570.09	1300.09
4580.09	1300.09
4590.09	1300.09
4600.09	1300.09
4610.09	1300.09
4620.09	1300.09
4630.09	1300.09
4640.09	1300.09
8820.09	5470.09
8820.09	5560.09
8820.09	5460.09
8820.09	5550.09
8820.09	5450.09
8820.09	5540.09
8820.09	5440.09
8820.09	5530.09
8820.09	5430.09
8820.09	5520.09
8820.09	5420.09
8820.09	5510.09
8820.09	5410.09
8820.09	5500.09
8820.09	5400.09
8820.09	5490.09
8820.09	5390.09
8820.09	5480.09
8820.09	5380.09
8820.09	5370.09
8820.09	5360.09
8820.09	5350.09
8820.09	5340.09
8820.09	5330.09
8820.09	5320.09
8820.09	5310.09
8820.09	5300.09
8820.09	5290.09
8820.09	5280.09
8820.09	5270.09
8820.09	5260.09
8820.09	5250.09
8820.09	5240.09
8820.09	5230.09
8820.09	5220.09
8820.09	5210.09
8820.09	5200.09
8820.09	5190.09
8820.09	5180.09
8820.09	5170.09
8820.09	5160.09
8820.09	5150.09
8820.09	5140.09
8820.09	5130.09
8820.09	5120.09
8820.09	5110.09
8820.09	5100.09
8820.09	5090.09
8820.09	5080.09
8820.09	5070.09
8820.09	5060.09
8820.09	5050.09
8820.09	5040.09
8820.09	5030.09
8820.09	5020.09
8820.09	5010.09
8820.09	5000.09
8820.09	4990.09
8820.09	4980.09
8820.09	4970.09
8820.09	4960.09
8820.09	4910.09
8820.09	4810.09
8820.09	4900.09
8820.09	4800.09
8820.09	4890.09
8820.09	4790.09
8820.09	4880.09
8820.09	4780.09
8820.09	4870.09
8820.09	4770.09
8820.09	4860.09
8820.09	4760.09
8820.09	4950.09
8820.09	4850.09
8820.09	4750.09
8820.09	4940.09
8820.09	4840.09
8820.09	4740.09
8820.09	4930.09
8820.09	4830.09
8820.09	4730.09
8820.09	4920.09
8820.09	4820.09
8820.09	4720.09
8820.09	4910.09
8820.09	4810.09
8820.09	4710.09
8820.09	4900.09
8820.09	4800.09
8820.09	4700.09
8820.09	4890.09
8820.09	4790.09
8820.09	4690.09
8820.09	4880.09
8820.09	4780.09
8820.09	4680.09
8820.09	4870.09
8820.09	4770.09
8820.09	4670.09
8820.09	4860.09
8820.09	4760.09
8820.09	4660.09
8820.09	4950.09
8820.09	4850.09
8820.09	4750.09
8820.09	4650.09
8820.09	4940.09
8820.09	4840.09
8820.09	4740.09
8820.09	4640.09
8820.09	4930.09
8820.09	4830.09
8820.09	4730.09
8820.09	4630.09
8820.09	4920.09
8820.09	4820.09
8820.09	4720.09
8820.09	4620.09
8820.09	4910.09
8820.09	4810.09
8820.09	4710.09
8820.09	4610.09
8820.09	4600.09
8820.09	4590.09
8820.09	4580.09
8820.09	4570.09
8820.09	4560.09
8820.09	4550.09
8820.09	4540.09
8820.09	4530.09
8820.09	4520.09
8820.09	4510.09
8820.09	4500.09
8820.09	4490.09
8820.09	4480.09
8820.09	4470.09
8820.09	4460.09
8820.09	4450.09
8820.09	4440.09
8820.09	4430.09
8820.09	4420.09
8820.09	4410.09
8820.09	4900.09
8820.09	4800.09
8820.09	4700.09
8820.09	4890.09
8820.09	4790.09
8820.09	4690.09
8820.09	4880.09
8820.09	4780.09
8820.09	4680.09
8820.09	4870.09
8820.09	4770.09
8820.09	4670.09
8820.09	4860.09
8820.09	4760.09
8820.09	4660.09
8820.09	4950.09
8820.09	4850.09
8820.09	4750.09
8820.09	4650.09
8820.09	4940.09
8820.09	4840.09
8820.09	4740.09
8820.09	4640.09
8820.09	4930.09
8820.09	4830.09
8820.09	4730.09
8820.09	4630.09
8820.09	4920.09
8820.09	4820.09
8820.09	4720.09
8820.09	4620.09
8820.09	4910.09
8820.09	4810.09
8820.09	4710.09
8820.09	4610.09
8820.09	4600.09
8820.09	4590.09
8820.09	4580.09
8820.09	4570.09
8820.09	4560.09
8820.09	4550.09
8820.09	4540.09
8820.09	4530.09
8820.09	4520.09
8820.09	4510.09
8820.09	4500.09
8820.09	4400.09
8820.09	4490.09
8820.09	4390.09
8820.09	4480.09
8820.09	4380.09
8820.09	4470.09
8820.09	4370.09
8820.09	4460.09
8820.09	4360.09
8820.09	4450.09
8820.09	4350.09
8820.09	4440.09
8820.09	4340.09
8820.09	4430.09
8820.09	4330.09
8820.09	4420.09
8820.09	4320.09
8820.09	4410.09
8820.09	4310.09
8820.09	4900.09
8820.09	4800.09
8820.09	4700.09
8820.09	4890.09
8820.09	4790.09
8820.09	4690.09
8820.09	4880.09
8820.09	4780.09
8820.09	4680.09
8820.09	4870.09
8820.09	4770.09
8820.09	4670.09
8820.09	4860.09
8820.09	4760.09
8820.09	4660.09
8820.09	4950.09
8820.09	4850.09
8820.09	4750.09
8820.09	4650.09
8820.09	4940.09
8820.09	4840.09
8820.09	4740.09
8820.09	4640.09
8820.09	4930.09
8820.09	4830.09
8820.09	4730.09
8820.09	4630.09
8820.09	4920.09
8820.09	4820.09
8820.09	4720.09
8820.09	4620.09
8820.09	4910.09
8820.09	4810.09
8820.09	4710.09
8820.09	4610.09
8820.09	4600.09
8820.09	4590.09
8820.09	4580.09
8820.09	4570.09
8820.09	4560.09
8820.09	4550.09
8820.09	4540.09
8820.09	4530.09
8820.09	4520.09
8820.09	4510.09
8820.09	4500.09
8820.09	4400.09
8820.09	4300.09
8820.09	4490.09
8820.09	4390.09
8820.09	4290.09
8820.09	4480.09
8820.09	4380.09
8820.09	4280.09
8820.09	4470.09
8820.09	4370.09
8820.09	4270.09
8820.09	4460.09
8820.09	4360.09
8820.09	4260.09
8820.09	4450.09
8820.09	4350.09
8820.09	4250.09
8820.09	4440.09
8820.09	4340.09
8820.09	4240.09
8820.09	4430.09
8820.09	4330.09
8820.09	4230.09
8820.09	4420.09
8820.09	4320.09
8820.09	4220.09
8820.09	4410.09
8820.09	4310.09
8820.09	4210.09
8820.09	4900.09
8820.09	4800.09
8820.09	4700.09
8820.09	4890.09
8820.09	4790.09
8820.09	4690.09
8820.09	4880.09
8820.09	4780.09
8820.09	4680.09
8820.09	4870.09
8820.09	4770.09
8820.09	4670.09
8820.09	4860.09
8820.09	4760.09
8820.09	4660.09
8820.09	4950.09
8820.09	4850.09
8820.09	4750.09
8820.09	4650.09
8820.09	4940.09
8820.09	4840.09
8820.09	4740.09
8820.09	4640.09
8820.09	4930.09
8820.09	4830.09
8820.09	4730.09
8820.09	4630.09
8820.09	4920.09
8820.09	4820.09
8820.09	4720.09
8820.09	4620.09
8820.09	4910.09
8820.09	4810.09
8820.09	4710.09
8820.09	4610.09
8820.09	4600.09
8820.09	4590.09
8820.09	4580.09
8820.09	4570.09
8820.09	4560.09
8820.09	4550.09
8820.09	4540.09
8820.09	4530.09
8820.09	4520.09
8820.09	4510.09
8820.09	4500.09
8820.09	4400.09
8820.09	4300.09
8820.09	4200.09
8820.09	4490.09
8820.09	4390.09
8820.09	4290.09
8820.09	4190.09
8820.09	4480.09
8820.09	4380.09
8820.09	4280.09
8820.09	4180.09
8820.09	1300.09
8830.09	1300.09
8840.09	1300.09
8850.09	1300.09
8860.09	1300.09
8870.09	1300.09
8880.09	1300.09
8890.09	1300.09
8900.09	1300.09
8910.09	1300.09
8920.09	5570.09
8920.09	5660.09
8920.09	5560.09
8920.09	5650.09
8920.09	5550.09
8920.09	5640.09
8920.09	5540.09
8920.09	5630.09
8920.09	5530.09
8920.09	5620.09
8920.09	5520.09
8920.09	5610.09
8920.09	5510.09
8920.09	5600.09
8920.09	5500.09
8920.09	5590.09
8920.09	5490.09
8920.09	5580.09
8920.09	5480.09
8920.09	5470.09
8920.09	5460.09
8920.09	5450.09
8920.09	5440.09
8920.09	5430.09
8920.09	5420.09
8920.09	5410.09
8920.09	5400.09
8920.09	5390.09
8920.09	5380.09
8920.09	5370.09
8920.09	5360.09
8920.09	5350.09
8920.09	5340.09
8920.09	5330.09
8920.09	5320.09
8920.09	5310.09
8920.09	5300.09
8920.09	5290.09
8920.09	5280.09
8920.09	5270.09
8920.09	5260.09
8920.09	5250.09
8920.09	5240.09
8920.09	5230.09
8920.09	5220.09
8920.09	5210.09
8920.09	5200.09
8920.09	5190.09
8920.09	5180.09
8920.09	5170.09
8920.09	5160.09
8920.09	5150.09
8920.09	5140.09
8920.09	5130.09
8920.09	5120.09
8920.09	5110.09
8920.09	5100.09
8920.09	5090.09
8920.09	5080.09
8920.09	5070.09
8920.09	5060.09
8920.09	5010.09
8920.09	4910.09
8920.09	5000.09
8920.09	4900.09
8920.09	4990.09
8920.09	4890.09
8920.09	4980.09
8920.09	4880.09
8920.09	4970.09
8920.09	4870.09
8920.09	4960.09
8920.09	4860.09
8920.09	5050.09
8920.09	4950.09
8920.09	4850.09
8920.09	5040.09
8920.09	4940.09
8920.09	4840.09
8920.09	5030.09
8920.09	4930.09
8920.09	4830.09
8920.09	5020.09
8920.09	4920.09
8920.09	4820.09
8920.09	4810.09
8920.09	4800.09
8920.09	4790.09
8920.09	4780.09
8920.09	4770.09
8920.09	4760.09
8920.09	4750.09
8920.09	4740.09
8920.09	4730.09
8920.09	4720.09
8920.09	4710.09
8920.09	4700.09
8920.09	4690.09
8920.09	4680.09
8920.09	4670.09
8920.09	4660.09
8920.09	4650.09
8920.09	4640.09
8920.09	4630.09
8920.09	4620.09
8920.09	4610.09
8920.09	4600.09
8920.09	4590.09
8920.09	4580.09
8920.09	4570.09
8920.09	4560.09
8920.09	4550.09
8920.09	4540.09
8920.09	4530.09
8920.09	4520.09
8920.09	4510.09
8920.09	4500.09
8920.09	4490.09
8920.09	4480.09
8920.09	4470.09
8920.09	4460.09
8920.09	4450.09
8920.09	4440.09
8920.09	4430.09
8920.09	4420.09
8920.09	4410.09
8920.09	4400.09
8920.09	4390.09
8920.09	4380.09
8920.09	4370.09
8920.09	4360.09
8920.09	4350.09
8920.09	4340.09
8920.09	4330.09
8920.09	4320.09
8920.09	4310.09
8920.09	4300.09
8920.09	4290.09
8920.09	4280.09
8920.09	1400.09
8920.09	1300.09
8930.09	1400.09
8930.09	1300.09
8940.09	1400.09
8940.09	1300.09
8950.09	1400.09
8950.09	1300.09
8960.09	1400.09
8960.09	1300.09
8970.09	1400.09
8970.09	1300.09
8980.09	1400.09
8980.09	1300.09
8990.09	1400.09
8990.09	1300.09
9000.09	1400.09
9000.09	1300.09
9010.09	1400.09
9010.09	1300.09
9020.09	5670.09
9020.09	5760.09
9020.09	5660.09
9020.09	5750.09
9020.09	5650.09
9020.09	5740.09
9020.09	5640.09
9020.09	5730.09
9020.09	5630.09
9020.09	5720.09
9020.09	5620.09
9020.09	5710.09
9020.09	5610.09
9020.09	5700.09
9020.09	5600.09
9020.09	5690.09
9020.09	5590.09
9020.09	5680.09
9020.09	5580.09
9020.09	5570.09
9020.09	5560.09
9020.09	5550.09
9020.09	5540.09
9020.09	5530.09
9020.09	5520.09
9020.09	5510.09
9020.09	5500.09
9020.09	5490.09
9020.09	5480.09
9020.09	5470.09
9020.09	5460.09
9020.09	5450.09
9020.09	5440.09
9020.09	5430.09
9020.09	5420.09
9020.09	5410.09
9020.09	5400.09
9020.09	5390.09
9020.09	5380.09
9020.09	5370.09
9020.09	5360.09
9020.09	5350.09
9020.09	5340.09
9020.09	5330.09
9020.09	5320.09
9020.09	5310.09
9020.09	5300.09
9020.09	5290.09
9020.09	5280.09
9020.09	5270.09
9020.09	5260.09
9020.09	5250.09
9020.09	5240.09
9020.09	5230.09
9020.09	5220.09
9020.09	5210.09
9020.09	5200.09
9020.09	5190.09
9020.09	5180.09
9020.09	5170.09
9020.09	5160.09
9020.09	5110.09
9020.09	5010.09
9020.09	5100.09
9020.09	5000.09
9020.09	5090.09
9020.09	4990.09
9020.09	5080.09
9020.09	4980.09
9020.09	5070.09
9020.09	4970.09
9020.09	5060.09
9020.09	4960.09
9020.09	5150.09
9020.09	5050.09
9020.09	4950.09
9020.09	5140.09
9020.09	5040.09
9020.09	4940.09
9020.09	5130.09
9020.09	5030.09
9020.09	4930.09
9020.09	5120.09
9020.09	5020.09
9020.09	4920.09
9020.09	4910.09
9020.09	4900.09
9020.09	4890.09
9020.09	4880.09
9020.09	4870.09
9020.09	4860.09
9020.09	4850.09
9020.09	4840.09
9020.09	4830.09
9020.09	4820.09
9020.09	4810.09
9020.09	4800.09
9020.09	4790.09
9020.09	4780.09
9020.09	4770.09
9020.09	4760.09
9020.09	4750.09
9020.09	4740.09
9020.09	4730.09
9020.09	4720.09
9020.09	4710.09
9020.09	4700.09
9020.09	4690.09
9020.09	4680.09
9020.09	4670.09
9020.09	4660.09
9020.09	4650.09
9020.09	4640.09
9020.09	4630.09
9020.09	4620.09
9020.09	4610.09
9020.09	4600.09
9020.09	4590.09
9020.09	4580.09
9020.09	4570.09
9020.09	4560.09
9020.09	4550.09
9020.09	4540.09
9020.09	4530.09
9020.09	4520.09
9020.09	4510.09
9020.09	4500.09
9020.09	4490.09
9020.09	4480.09
9020.09	4470.09
9020.09	4460.09
9020.09	4450.09
9020.09	4440.09
9020.09	4430.09
9020.09	4420.09
9020.09	4410.09
9020.09	4400.09
9020.09	4390.09
9020.09	4380.09
9020.09	1500.09
9020.09	1400.09
9020.09	1300.09
9030.09	1500.09
9030.09	1400.09
9030.09	1300.09
9320.07	1300.07
9330.07	1300.07
9340.07	1300.07
9395.07	1345.07
9395.07	1335.07
9395.07	1325.07
9395.07	1315.07
9395.07	1305.07
9400.07	1300.07
9410.07	1300.07
9420.07	1400.07
9420.07	1300.07
9430.07	1400.07
9430.07	1300.07
9440.07	1400.07
9440.07	1300.07
9450.07	1300.07
9460.07	1300.07
9470.07	1300.07
9480.07	1300.07
9490.07	1300.07
9495.07	1445.07
9495.07	1435.07
9495.07	1425.07
9495.07	1415.07
9495.07	1405.07
9500.07	1400.07
9500.07	1300.07
9510.07	1400.07
9510.07	1300.07
9520.07	1500.07
9520.07	1400.07
9520.07	1300.07
9530.07	1500.07
9530.07	1400.07
9530.07	1300.07
9540.07	1500.07
9540.07	1400.07
9540.07	1300.07
9550.07	1400.07
9550.07	1300.07
9560.07	1400.07
9560.07	1300.07
9570.07	1400.07
9570.07	1300.07
9580.07	1400.07
9580.07	1300.07
9590.07	1400.07
9590.07	1300.07
9595.07	1545.07
9595.07	1535.07
9595.07	1525.07
9595.07	1515.07
9595.07	1505.07
9600.07	1500.07
9600.07	1400.07
9600.07	1300.07
9610.07	1500.07
9610.07	1400.07
9610.07	1300.07
9620.07	1600.07
9620.07	1500.07
9620.07	1400.07
9620.07	1300.07
9630.07	1600.07
9630.07	1500.07
9630.07	1400.07
9630.07	1300.07
9640.07	1600.07
9640.07	1500.07
9640.07	1400.07
9640.07	1300.07
9650.07	1500.07
9650.07	1400.07
9650.07	1300.07
9660.07	1500.07
9660.07	1400.07
9660.07	1300.07
9670.07	1500.07
9670.07	1400.07
9670.07	1300.07
9680.07	1500.07
9680.07	1400.07
9680.07	1300.07
9690.07	1500.07
9690.07	1400.07
9690.07	1300.07
9695.07	1645.07
9695.07	1635.07
9695.07	1625.07
9695.07	1615.07
9695.07	1605.07
9700.07	1600.07
9700.07	1500.07
9700.07	1400.07
9700.07	1300.07
9710.07	1600.07
9710.07	1500.07
9710.07	1400.07
9710.07	1300.07
9720.07	1700.07
9720.07	1600.07
9720.07	1500.07
9720.07	1400.07
9720.07	1300.07
9730.07	1700.07
9730.07	1600.07
9730.07	1500.07
9730.07	1400.07
9730.07	1300.07
9740.07	1700.07
9740.07	1600.07
9740.07	1500.07
9740.07	1400.07
9740.07	1300.07
9750.07	1600.07
9750.07	1500.07
9750.07	1400.07
9750.07	1300.07
9760.07	1600.07
9760.07	1500.07
9760.07	1400.07
9760.07	1300.07
9770.07	1600.07
9770.07	1500.07
9770.07	1400.07
9770.07	1300.07
9780.07	1600.07
9780.07	1500.07
9780.07	1400.07
9780.07	1300.07
9790.07	1600.07
9790.07	1500.07
9790.07	1400.07
9790.07	1300.07
9795.07	1745.07
9795.07	1735.07
9795.07	1725.07
9795.07	1715.07
9795.07	1705.07
9800.07	1700.07
9800.07	1600.07
9800.07	1500.07
9800.07	1400.07
9800.07	1300.07
9810.07	1700.07
9810.07	1600.07
9810.07	1500.07
9810.07	1400.07
9810.07	1300.07
9820.07	1800.07
9820.07	1700.07
9820.07	1600.07
9820.07	1500.07
9820.07	1400.07
9820.07	1300.07
9830.07	1800.07
9830.07	1700.07
9830.07	1600.07
9830.07	1500.07
9830.07	1400.07
9830.07	1300.07
9840.07	1800.07
9840.07	1700.07
9840.07	1600.07
9840.07	1500.07
9840.07	1400.07
9840.07	1300.07
9850.07	1700.07
9850.07	1600.07
9850.07	1500.07
9850.07	1400.07
9850.07	1300.07
9860.07	1700.07
9860.07	1600.07
9860.07	1500.07
9860.07	1400.07
9860.07	1300.07
9870.07	1700.07
9870.07	1600.07
9870.07	1500.07
9870.07	1400.07
9870.07	1300.07
9880.07	1700.07
9880.07	1600.07
9880.07	1500.07
9880.07	1400.07
9880.07	1300.07
9890.07	1700.07
9890.07	1600.07
9890.07	1500.07
9890.07	1400.07
9890.07	1300.07
9895.07	1845.07
9895.07	1835.07
9895.07	1825.07
9895.07	1815.07
9895.07	1805.07
9900.07	1800.07
9900.07	1700.07
9900.07	1600.07
9900.07	1500.07
9900.07	1400.07
9900.07	1300.07
9910.07	1800.07
9910.07	1700.07
9910.07	1600.07
9910.07	1500.07
9910.07	1400.07
9910.07	1300.07
9920.07	1900.07
9920.07	1800.07
9920.07	1700.07
9920.07	1600.07
9920.07	1500.07
9920.07	1400.07
9920.07	1300.07
9930.07	1900.07
9930.07	1800.07
9930.07	1700.07
9930.07	1600.07
9930.07	1500.07
9930.07	1400.07
9930.07	1300.07
9940.07	1900.07
9940.07	1800.07
9940.07	1700.07
9940.07	1600.07
9940.07	1500.07
9940.07	1400.07
9940.07	1300.07
9950.07	1800.07
9950.07	1700.07
9950.07	1600.07
9950.07	1500.07
9950.07	1400.07
9950.07	1300.07
9960.07	1800.07
9960.07	1700.07
9960.07	1600.07
9960.07	1500.07
9960.07	1400.07
9960.07	1300.07
9970.07	1800.07
9970.07	1700.07
9970.07	1600.07
9970.07	1500.07
9970.07	1400.07
9970.07	1300.07
9980.07	1800.07
9980.07	1700.07
9980.07	1600.07
9980.07	1500.07
9980.07	1400.07
9980.07	1300.07
9990.07	1800.07
9990.07	1700.07
9990.07	1600.07
9990.07	1500.07
9990.07	1400.07
9990.07	1300.07
9995.07	1945.07
9995.07	1935.07
9995.07	1925.07
9995.07	1915.07
9995.07	1905.07
10000.07	1900.07
10000.07	1800.07
10000.07	1700.07
10000.07	1600.07
10000.07	1500.07
10000.07	1400.07
10000.07	1300.07
10010.07	1900.07
10010.07	1800.07
10010.07	1700.07
10010.07	1600.07
10010.07	1500.07
10010.07	1400.07
10010.07	1300.07
10020.07	2000.07
10020.07	1900.07
10020.07	1800.07
10020.07	1700.07
10020.07	1600.07
10020.07	1500.07
10020.07	1400.07
10020.07	1300.07
10030.07	2000.07
10030.07	1900.07
10030.07	1800.07
10030.07	1700.07
10030.07	1600.07
10030.07	1500.07
10030.07	1400.07
10030.07	1300.07
10040.07	2000.07
10040.07	1900.07
10040.07	1800.07
10040.07	1700.07
10040.07	1600.07
10040.07	1500.07
10040.07	1400.07
10040.07	1300.07
10050.07	1900.07
10050.07	1800.07
10050.07	1700.07
10050.07	1600.07
10050.07	1500.07
10050.07	1400.07
10050.07	1300.07
10060.07	1900.07
10060.07	1800.07
10060.07	1700.07
10060.07	1600.07
10060.07	1500.07
10060.07	1400.07
10060.07	1300.07
10070.07	1900.07
10070.07	1800.07
10070.07	1700.07
10070.07	1600.07
10070.07	1500.07
10070.07	1400.07
10070.07	1300.07
10080.07	1900.07
10080.07	1800.07
10080.07	1700.07
10080.07	1600.07
10080.07	1500.07
10080.07	1400.07
10080.07	1300.07
10090.07	1900.07
10090.07	1800.07
10090.07	1700.07
10090.07	1600.07
10090.07	1500.07
10090.07	1400.07
10090.07	1300.07
10095.07	2045.07
10095.07	2035.07
10095.07	2025.07
10095.07	2015.07
10095.07	2005.07
10100.07	2000.07
10100.07	1900.07
10100.07	1800.07
10100.07	1700.07
10100.07	1600.07
10100.07	1500.07
10100.07	1400.07
10100.07	1300.07
10110.07	2000.07
10110.07	1900.07
10110.07	1800.07
10110.07	1700.07
10110.07	1600.07
10110.07	1500.07
10110.07	1400.07
10110.07	1300.07
10120.07	2100.07
10120.07	2000.07
10120.07	1900.07
10120.07	1800.07
10120.07	1700.07
10120.07	1600.07
10120.07	1500.07
10120.07	1400.07
10120.07	1300.07
10130.07	2100.07
10130.07	2000.07
10130.07	1900.07
10130.07	1800.07
10130.07	1700.07
10130.07	1600.07
10130.07	1500.07
10130.07	1400.07
10130.07	1300.07
10140.07	2100.07
10140.07	2000.07
10140.07	1900.07
10140.07	1800.07
10140.07	1700.07
10140.07	1600.07
10140.07	1500.07
10140.07	1400.07
10140.07	1300.07
10150.07	2000.07
10150.07	1900.07
10150.07	1800.07
10150.07	1700.07
10150.07	1600.07
10150.07	1500.07
10150.07	1400.07
10150.07	1300.07
10160.07	2000.07
10160.07	1900.07
10160.07	1800.07
10160.07	1700.07
10160.07	1600.07
10160.07	1500.07
10160.07	1400.07
10160.07	1300.07
10170.07	2000.07
10170.07	1900.07
10170.07	1800.07
10170.07	1700.07
10170.07	1600.07
10170.07	1500.07
10170.07	1400.07
10170.07	1300.07
10180.07	2000.07
10180.07	1900.07
10180.07	1800.07
10180.07	1700.07
10180.07	1600.07
10180.07	1500.07
10180.07	1400.07
10180.07	1300.07
10190.07	2000.07
10190.07	1900.07
10190.07	1800.07
10190.07	1700.07
10190.07	1600.07
10190.07	1500.07
10190.07	1400.07
10190.07	1300.07
10195.07	2145.07
10195.07	2135.07
10195.07	2125.07
10195.07	2115.07
10195.07	2105.07
10200.07	2100.07
10200.07	2000.07
10200.07	1900.07
10200.07	1800.07
10200.07	1700.07
10200.07	1600.07
10200.07	1500.07
10200.07	1400.07
10200.07	1300.07
10210.07	2100.07
10210.07	2000.07
10210.07	1900.07
10210.07	1800.07
10210.07	1700.07
10210.07	1600.07
10210.07	1500.07
10210.07	1400.07
10210.07	1300.07
10220.07	2200.07
10220.07	2100.07
10220.07	2000.07
10220.07	1900.07
10220.07	1800.07
10220.07	1700.07
10220.07	1600.07
10220.07	1500.07
10220.07	1400.07
10230.07	2200.07
10230.07	2100.07
10230.07	2000.07
10230.07	1900.07
10230.07	1800.07
10230.07	1700.07
10230.07	1600.07
10230.07	1500.07
10230.07	1400.07
10240.07	2200.07
10240.07	2100.07
10240.07	2000.07
10240.07	1900.07
10240.07	1800.07
10240.07	1700.07
10240.07	1600.07
10240.07	1500.07
10240.07	1400.07
10250.07	2100.07
10250.07	2000.07
10250.07	1900.07
10250.07	1800.07
10250.07	1700.07
10250.07	1600.07
10250.07	1500.07
10250.07	1400.07
10260.07	2100.07
10260.07	2000.07
10260.07	1900.07
10260.07	1800.07
10260.07	1700.07
10260.07	1600.07
10260.07	1500.07
10260.07	1400.07
10270.07	2100.07
10270.07	2000.07
10270.07	1900.07
10270.07	1800.07
10270.07	1700.07
10270.07	1600.07
10270.07	1500.07
10270.07	1400.07
10280.07	2100.07
10280.07	2000.07
10280.07	1900.07
10280.07	1800.07
10280.07	1700.07
10280.07	1600.07
10280.07	1500.07
10280.07	1400.07
10290.07	2100.07
10290.07	2000.07
10290.07	1900.07
10290.07	1800.07
10290.07	1700.07
10290.07	1600.07
10290.07	1500.07
10290.07	1400.07
10295.07	2245.07
10295.07	2235.07
10295.07	2225.07
10295.07	2215.07
10295.07	2205.07
10300.07	2200.07
10300.07	2100.07
10300.07	2000.07
10300.07	1900.07
10300.07	1800.07
10300.07	1700.07
10300.07	1600.07
10300.07	1500.07
10300.07	1400.07
10310.07	2200.07
10310.07	2100.07
10310.07	2000.07
10310.07	1900.07
10310.07	1800.07
10310.07	1700.07
10310.07	1600.07
10310.07	1500.07
10310.07	1400.07
10320.07	2300.07
10320.07	2200.07
10320.07	2100.07
10320.07	2000.07
10320.07	1900.07
10320.07	1800.07
10320.07	1700.07
10320.07	1600.07
10320.07	1500.07
10330.07	2300.07
10330.07	2200.07
10330.07	2100.07
10330.07	2000.07
10330.07	1900.07
10330.07	1800.07
10330.07	1700.07
10330.07	1600.07
10330.07	1500.07
