m horizon +0
a contact +1 +6 3 5 1195312933
a range +1 +6 3 5 1.12
a contact +3 +6.8 2 4 1065256503
a range +3 +6.8 2 4 1.35
a contact +3 +8 2 5 1119707564
a range +3 +8 2 5 1.05
a contact +4 +7.8 1 2 837645835
a range +4 +7.8 1 2 0.12
a contact +5 +10 1 3 1189067263
a range +5 +10 1 3 0.12
a contact +6 +11 1 3 1032933833
a range +6 +11 1 3 0.12
a contact +7 +54 4 6 1027442056
a range +7 +54 4 6 0.13
a contact +8 +11.8 2 3 1111066104
a range +8 +11.8 2 3 0.12
a contact +9 +13 2 3 1094142310
a range +9 +13 2 3 0.12
a contact +12 +17 2 3 956198376
a range +12 +17 2 3 0.12
a contact +12 +16 2 3 1145382918
a range +12 +16 2 3 0.12
a contact +12 +16 2 5 907689167
a range +12 +16 2 5 1.36
a contact +13 +17 2 4 1180019496
a range +13 +17 2 4 1.14
a contact +15 +18.8 1 2 880652818
a range +15 +18.8 1 2 0.12
a contact +15 +20 2 5 1089818719
a range +15 +20 2 5 1.07
a contact +16 +21 1 2 1026383805
a range +16 +21 1 2 0.12
a contact +16 +19.8 1 2 952570899
a range +16 +19.8 1 2 0.12
a contact +16 +21 1 2 964625596
a range +16 +21 1 2 0.12
a contact +16 +18.8 2 3 1133524238
a range +16 +18.8 2 3 0.12
a contact +16 +21 3 4 957734184
a range +16 +21 3 4 1.11
a contact +17 +19.8 1 3 1143796349
a range +17 +19.8 1 3 0.12
a contact +19 +23 1 3 1142612976
a range +19 +23 1 3 0.12
a contact +19 +23 3 4 897874488
a range +19 +23 3 4 1.02
a contact +20 +23.8 2 4 1071961799
a range +20 +23.8 2 4 1.15
a contact +22 +27 2 4 1007104556
a range +22 +27 2 4 1.27
a contact +23 +27 2 3 1108103835
a range +23 +27 2 3 0.12
a contact +24 +28 2 4 1082430734
a range +24 +28 2 4 1.33
a contact +24 +29 3 4 886434033
a range +24 +29 3 4 1.21
a contact +24 +28 3 4 1094952614
a range +24 +28 3 4 1.31
a contact +25 +30 1 2 913411559
a range +25 +30 1 2 0.12
a contact +26 +30 3 4 1036778249
a range +26 +30 3 4 1.34
a contact +28 +33 1 3 1193756977
a range +28 +33 1 3 0.12
a contact +30 +32.8 2 4 1020256533
a range +30 +32.8 2 4 1.11
a contact +30 +34 3 5 1159747969
a range +30 +34 3 5 1.03
a contact +31 +36 1 2 1076187745
a range +31 +36 1 2 0.12
a contact +31 +36 3 4 1078685519
a range +31 +36 3 4 1.12
a contact +33 +36.8 1 2 957593943
a range +33 +36.8 1 2 0.12
a contact +34 +38 2 5 1005485305
a range +34 +38 2 5 1.08
a contact +35 +39 1 2 1161753615
a range +35 +39 1 2 0.12
a contact +38 +43 1 3 827038803
a range +38 +43 1 3 0.12
a contact +40 +44 2 5 1048158611
a range +40 +44 2 5 1.19
a contact +41 +45 1 2 1122937077
a range +41 +45 1 2 0.12
a contact +43 +47 1 3 972293287
a range +43 +47 1 3 0.12
a contact +45 +47.8 3 5 942721150
a range +45 +47.8 3 5 1.3
a contact +46 +50 1 2 1102560582
a range +46 +50 1 2 0.12
a contact +46 +51 3 4 1043241710
a range +46 +51 3 4 1.28
a contact +47 +52 2 4 932438388
a range +47 +52 2 4 1.28
a contact +49 +53 3 4 971773296
a range +49 +53 3 4 1.08
a contact +49 +53 3 5 1089310702
a range +49 +53 3 5 1.13
a contact +50 +55 3 4 1065009007
a range +50 +55 3 4 1.33
a contact +51 +56 1 2 1017178203
a range +51 +56 1 2 0.12
a contact +51 +54.8 3 4 993228044
a range +51 +54.8 3 4 1.03
a contact +53 +58 1 2 978955210
a range +53 +58 1 2 0.12
a contact +55 +59 1 3 802950601
a range +55 +59 1 3 0.12
a contact +55 +59 2 5 928963691
a range +55 +59 2 5 1.09
a contact +56 +61 2 3 1033755582
a range +56 +61 2 3 0.12
a contact +57 +62 2 3 1194569721
a range +57 +62 2 3 0.12
a contact +57 +62 3 4 1040117433
a range +57 +62 3 4 1.09
a contact +58 +61.8 1 2 904546493
a range +58 +61.8 1 2 0.12
a contact +58 +62 1 3 906646771
a range +58 +62 1 3 0.12
a contact +59 +61.8 3 5 1073276664
a range +59 +61.8 3 5 1.18
a contact +60 +64 1 2 1180982471
a range +60 +64 1 2 0.12
a contact +63 +68 2 5 1106848646
a range +63 +68 2 5 1.18
a contact +65 +69 2 5 960904123
a range +65 +69 2 5 1.18
a contact +69 +73 1 2 1096331475
a range +69 +73 1 2 0.12
a contact +70 +75 1 2 964224966
a range +70 +75 1 2 0.12
a contact +70 +75 1 3 1072063149
a range +70 +75 1 3 0.12
a contact +71 +75 2 4 1177080654
a range +71 +75 2 4 1.11
a contact +71 +73.8 2 5 869003613
a range +71 +73.8 2 5 1.12
a contact +72 +75.8 2 3 1154930505
a range +72 +75.8 2 3 0.12
a contact +72 +76 3 5 1112636013
a range +72 +76 3 5 1.02
a contact +74 +78 3 4 1118253172
a range +74 +78 3 4 1.04
a contact +74 +78 3 5 1092246797
a range +74 +78 3 5 1.06
a contact +75 +80 1 2 801840906
a range +75 +80 1 2 0.12
a contact +75 +77.8 3 4 802993473
a range +75 +77.8 3 4 1.34
a contact +76 +80 1 2 1179530054
a range +76 +80 1 2 0.12
a contact +77 +81 2 5 859742886
a range +77 +81 2 5 1.07
a contact +79 +84 1 2 936803655
a range +79 +84 1 2 0.12
a contact +79 +84 1 3 1061413340
a range +79 +84 1 3 0.12
a contact +80 +85 1 2 933729823
a range +80 +85 1 2 0.12
a contact +80 +82.8 2 3 1024078800
a range +80 +82.8 2 3 0.12
a contact +81 +85 1 3 1037498884
a range +81 +85 1 3 0.12
a contact +81 +85 2 5 931517371
a range +81 +85 2 5 1.3
a contact +81 +84.8 3 4 1105956123
a range +81 +84.8 3 4 1.18
a contact +83 +85.8 2 3 1115903335
a range +83 +85.8 2 3 0.12
a contact +83 +86.8 2 5 849500680
a range +83 +86.8 2 5 1.02
a contact +83 +88 3 5 1138489119
a range +83 +88 3 5 1.17
a contact +84 +87.8 1 2 1188034364
a range +84 +87.8 1 2 0.12
a contact +84 +89 2 5 1017226807
a range +84 +89 2 5 1.26
a contact +84 +122 5 6 1172314126
a range +84 +122 5 6 0.13
a contact +86 +91 1 2 1180577658
a range +86 +91 1 2 0.12
a contact +87 +92 2 3 904681670
a range +87 +92 2 3 0.12
a contact +89 +94 1 3 1144557502
a range +89 +94 1 3 0.12
a contact +89 +93 3 4 1082474006
a range +89 +93 3 4 1.29
a contact +92 +95.8 2 3 841369575
a range +92 +95.8 2 3 0.12
a contact +93 +97 2 3 1087624501
a range +93 +97 2 3 0.12
a contact +93 +97 2 5 1076324975
a range +93 +97 2 5 1.06
a contact +94 +99 1 3 831771108
a range +94 +99 1 3 0.12
a contact +95 +100 2 3 1094660960
a range +95 +100 2 3 0.12
a contact +96 +99.8 3 5 956300106
a range +96 +99.8 3 5 1.13
a contact +97 +101 2 5 855633913
a range +97 +101 2 5 1.24
a contact +98 +102 1 2 875686705
a range +98 +102 1 2 0.12
a contact +98 +103 2 3 1138856784
a range +98 +103 2 3 0.12
a contact +102 +105.8 2 5 1139086362
a range +102 +105.8 2 5 1.32
a contact +104 +109 2 3 998417825
a range +104 +109 2 3 0.12
a contact +104 +109 2 3 964536132
a range +104 +109 2 3 0.12
a contact +104 +109 2 4 1163785245
a range +104 +109 2 4 1.11
a contact +108 +110.8 2 5 1004182083
a range +108 +110.8 2 5 1.37
a contact +109 +113 1 3 1010002237
a range +109 +113 1 3 0.12
a contact +109 +113 2 5 878033198
a range +109 +113 2 5 1.32
a contact +114 +118 3 4 1007683369
a range +114 +118 3 4 1.16
a contact +114 +118 3 4 1167917130
a range +114 +118 3 4 1.06
a contact +115 +120 3 5 1044471761
a range +115 +120 3 5 1.14
a contact +116 +121 2 4 835282322
a range +116 +121 2 4 1.18
a contact +119 +124 1 2 808837163
a range +119 +124 1 2 0.12
a contact +120 +122.8 3 5 1160012150
a range +120 +122.8 3 5 1.06
a contact +121 +125 1 2 1120680310
a range +121 +125 1 2 0.12
a contact +122 +125.8 2 3 1106624470
a range +122 +125.8 2 3 0.12
a contact +122 +125.8 1 3 988331260
a range +122 +125.8 1 3 0.12
a contact +124 +126.8 2 3 918439607
a range +124 +126.8 2 3 0.12
a contact +124 +126.8 2 5 1047121331
a range +124 +126.8 2 5 1.02
a contact +125 +130 1 3 1040186904
a range +125 +130 1 3 0.12
a contact +125 +128.8 2 4 841046972
a range +125 +128.8 2 4 1.1
a contact +125 +127.8 3 5 966834448
a range +125 +127.8 3 5 1.11
a contact +126 +130 1 2 1114514889
a range +126 +130 1 2 0.12
a contact +126 +131 2 3 812935525
a range +126 +131 2 3 0.12
a contact +126 +131 1 3 818355687
a range +126 +131 1 3 0.12
a contact +126 +129.8 3 4 1012335752
a range +126 +129.8 3 4 1.06
a contact +126 +163 5 6 1019873599
a range +126 +163 5 6 0.13
a contact +127 +132 2 5 905323761
a range +127 +132 2 5 1.17
a contact +128 +131.8 3 5 871439492
a range +128 +131.8 3 5 1.37
a contact +129 +132.8 1 3 1167138461
a range +129 +132.8 1 3 0.12
a contact +129 +131.8 1 3 968141002
a range +129 +131.8 1 3 0.12
a contact +132 +134.8 2 4 896510872
a range +132 +134.8 2 4 1.32
a contact +133 +138 1 3 810863271
a range +133 +138 1 3 0.12
a contact +133 +135.8 2 4 1031113976
a range +133 +135.8 2 4 1.04
a contact +135 +140 1 2 842695286
a range +135 +140 1 2 0.12
a contact +136 +141 3 4 867839943
a range +136 +141 3 4 1.2
a contact +137 +142 1 2 1130948503
a range +137 +142 1 2 0.12
a contact +138 +142 2 3 1035246895
a range +138 +142 2 3 0.12
a contact +139 +143 2 5 801831178
a range +139 +143 2 5 1.22
a contact +141 +146 3 5 925588142
a range +141 +146 3 5 1.24
a contact +141 +146 3 5 894350306
a range +141 +146 3 5 1.19
a contact +142 +146 2 3 1180934235
a range +142 +146 2 3 0.12
a contact +143 +147 1 2 1104185148
a range +143 +147 1 2 0.12
a contact +144 +149 1 3 940270913
a range +144 +149 1 3 0.12
a contact +144 +185 4 5 950664177
a range +144 +185 4 5 0.13
a contact +146 +150 3 5 915552878
a range +146 +150 3 5 1.15
a contact +147 +152 2 4 834229731
a range +147 +152 2 4 1.17
a contact +147 +152 2 4 1140543503
a range +147 +152 2 4 1.2
a contact +147 +152 2 5 808508926
a range +147 +152 2 5 1.1
a contact +148 +153 2 3 1111985394
a range +148 +153 2 3 0.12
a contact +151 +196 4 5 931662652
a range +151 +196 4 5 0.13
a contact +154 +157.8 1 3 1124659159
a range +154 +157.8 1 3 0.12
a contact +154 +158 2 5 834251216
a range +154 +158 2 5 1.14
a contact +155 +158.8 3 4 840771988
a range +155 +158.8 3 4 1.32
a contact +155 +158.8 3 5 934476710
a range +155 +158.8 3 5 1.29
a contact +156 +159.8 1 2 1108497793
a range +156 +159.8 1 2 0.12
a contact +157 +159.8 1 3 830159130
a range +157 +159.8 1 3 0.12
a contact +157 +161 1 3 956191995
a range +157 +161 1 3 0.12
a contact +159 +164 3 5 1100000893
a range +159 +164 3 5 1.21
a contact +160 +165 2 3 911580840
a range +160 +165 2 3 0.12
a contact +160 +164 1 3 1086416955
a range +160 +164 1 3 0.12
a contact +162 +167 2 3 1030228280
a range +162 +167 2 3 0.12
a contact +162 +166 2 4 1137716655
a range +162 +166 2 4 1.32
a contact +163 +165.8 2 3 1120816173
a range +163 +165.8 2 3 0.12
a contact +163 +167 3 5 943198879
a range +163 +167 3 5 1.1
a contact +165 +170 2 4 1034630484
a range +165 +170 2 4 1.21
a contact +168 +171.8 1 2 947387080
a range +168 +171.8 1 2 0.12
a contact +168 +172 3 4 1145959333
a range +168 +172 3 4 1.28
a contact +171 +206 5 6 918306375
a range +171 +206 5 6 0.13
a contact +173 +176.8 1 2 892899912
a range +173 +176.8 1 2 0.12
a contact +173 +178 2 3 1084614814
a range +173 +178 2 3 0.12
a contact +173 +177 3 4 1185531407
a range +173 +177 3 4 1.21
a contact +174 +179 2 5 1159002536
a range +174 +179 2 5 1.31
a contact +178 +180.8 2 4 1185236891
a range +178 +180.8 2 4 1.25
a contact +178 +181.8 3 4 1079345011
a range +178 +181.8 3 4 1.16
a contact +178 +183 3 4 1091996735
a range +178 +183 3 4 1.29
a contact +179 +184 2 5 1169433575
a range +179 +184 2 5 1.18
a contact +180 +182.8 1 3 929147469
a range +180 +182.8 1 3 0.12
a contact +180 +183.8 3 5 1147762118
a range +180 +183.8 3 5 1.08
a contact +181 +185 2 3 1097944065
a range +181 +185 2 3 0.12
a contact +181 +185 3 4 1010519563
a range +181 +185 3 4 1.08
a contact +182 +187 2 4 1126054070
a range +182 +187 2 4 1.09
a contact +184 +188 3 5 854833284
a range +184 +188 3 5 1.15
a contact +185 +189 1 3 997664348
a range +185 +189 1 3 0.12
a contact +185 +189 3 5 1069685779
a range +185 +189 3 5 1.2
a contact +185 +187.8 3 5 1102545868
a range +185 +187.8 3 5 1.19
a contact +186 +188.8 1 3 1043595008
a range +186 +188.8 1 3 0.12
a contact +186 +191 2 5 879577852
a range +186 +191 2 5 1.11
a contact +187 +224 4 5 930015194
a range +187 +224 4 5 0.13
a contact +188 +191.8 3 5 854887297
a range +188 +191.8 3 5 1.26
a contact +188 +238 4 6 923114568
a range +188 +238 4 6 0.13
a contact +189 +193 2 3 1119449410
a range +189 +193 2 3 0.12
a contact +189 +193 2 5 851916595
a range +189 +193 2 5 1.07
a contact +190 +195 1 3 888741325
a range +190 +195 1 3 0.12
a contact +190 +192.8 2 4 951744831
a range +190 +192.8 2 4 1.1
a contact +190 +192.8 2 5 828529825
a range +190 +192.8 2 5 1.23
a contact +190 +195 3 4 1011696637
a range +190 +195 3 4 1.21
a contact +191 +195 2 5 1045974123
a range +191 +195 2 5 1.02
a contact +191 +195 2 5 850036783
a range +191 +195 2 5 1.35
a contact +192 +196 1 2 1034612838
a range +192 +196 1 2 0.12
a contact +196 +200 1 2 1023217448
a range +196 +200 1 2 0.12
a contact +197 +200.8 1 3 887455982
a range +197 +200.8 1 3 0.12
a contact +197 +202 3 4 1026871320
a range +197 +202 3 4 1.28
a contact +197 +202 3 5 1187750562
a range +197 +202 3 5 1.25
a contact +198 +202 2 3 968458062
a range +198 +202 2 3 0.12
a contact +198 +203 3 5 813139561
a range +198 +203 3 5 1.18
a contact +200 +204 2 3 904785458
a range +200 +204 2 3 0.12
a contact +200 +204 3 5 893264200
a range +200 +204 3 5 1.24
a contact +204 +208 2 4 850902186
a range +204 +208 2 4 1.03
a contact +204 +209 3 4 971496212
a range +204 +209 3 4 1.3
a contact +204 +208 3 4 803488813
a range +204 +208 3 4 1.32
a contact +205 +207.8 1 2 991148744
a range +205 +207.8 1 2 0.12
a contact +205 +210 2 5 1017520750
a range +205 +210 2 5 1.23
a contact +206 +208.8 3 5 925282214
a range +206 +208.8 3 5 1.31
a contact +208 +213 3 5 940916280
a range +208 +213 3 5 1.28
a contact +212 +214.8 3 4 934534798
a range +212 +214.8 3 4 1.14
a contact +214 +217.8 1 3 828767561
a range +214 +217.8 1 3 0.12
a contact +216 +221 1 3 834388406
a range +216 +221 1 3 0.12
a contact +216 +221 1 3 1192869615
a range +216 +221 1 3 0.12
a contact +219 +222.8 1 3 950278830
a range +219 +222.8 1 3 0.12
a contact +220 +222.8 2 4 898330703
a range +220 +222.8 2 4 1.1
a contact +220 +223.8 3 4 974613018
a range +220 +223.8 3 4 1.32
a contact +220 +263 4 5 1078219713
a range +220 +263 4 5 0.13
a contact +221 +226 1 3 1046485967
a range +221 +226 1 3 0.12
a contact +221 +226 2 5 859476168
a range +221 +226 2 5 1.04
a contact +223 +266 4 5 1034227455
a range +223 +266 4 5 0.13
a contact +224 +229 2 4 847173121
a range +224 +229 2 4 1.19
a contact +224 +228 3 4 1115394738
a range +224 +228 3 4 1.31
a contact +224 +226.8 3 5 824808781
a range +224 +226.8 3 5 1.33
a contact +226 +231 2 4 926048129
a range +226 +231 2 4 1.08
a contact +226 +230 3 4 961395607
a range +226 +230 3 4 1.16
a contact +228 +232 1 2 1017604128
a range +228 +232 1 2 0.12
a contact +228 +232 3 5 1178096450
a range +228 +232 3 5 1.06
a contact +228 +232 3 5 1127124661
a range +228 +232 3 5 1.28
a contact +229 +234 2 3 1101477867
a range +229 +234 2 3 0.12
a contact +229 +234 3 5 1160849338
a range +229 +234 3 5 1.25
a contact +230 +235 1 2 976460208
a range +230 +235 1 2 0.12
a contact +230 +232.8 3 5 999382126
a range +230 +232.8 3 5 1.17
a contact +235 +239 1 3 831764560
a range +235 +239 1 3 0.12
a contact +235 +239 2 5 1014899484
a range +235 +239 2 5 1.16
a contact +237 +241 1 3 1008523777
a range +237 +241 1 3 0.12
a contact +237 +241 2 5 808424039
a range +237 +241 2 5 1.3
a contact +239 +241.8 3 4 885207018
a range +239 +241.8 3 4 1.31
a contact +241 +246 1 2 975338151
a range +241 +246 1 2 0.12
a contact +242 +245.8 2 4 842414003
a range +242 +245.8 2 4 1.25
a contact +242 +247 3 4 1085250306
a range +242 +247 3 4 1.28
a contact +245 +248.8 2 5 1020253177
a range +245 +248.8 2 5 1.37
a contact +247 +251 3 4 893819929
a range +247 +251 3 4 1.12
a contact +248 +253 1 3 1071630558
a range +248 +253 1 3 0.12
a contact +250 +252.8 3 5 943997836
a range +250 +252.8 3 5 1.18
a contact +251 +256 1 3 903426617
a range +251 +256 1 3 0.12
a contact +251 +255 1 3 1152149972
a range +251 +255 1 3 0.12
a contact +252 +254.8 2 5 951527697
a range +252 +254.8 2 5 1.05
a contact +254 +258 3 5 1187707794
a range +254 +258 3 5 1.22
a contact +255 +258.8 2 5 1159562125
a range +255 +258.8 2 5 1.24
a contact +255 +258.8 2 5 1121124369
a range +255 +258.8 2 5 1.22
a contact +255 +259 3 5 1156830017
a range +255 +259 3 5 1.12
a contact +255 +292 4 5 1002021630
a range +255 +292 4 5 0.13
a contact +256 +259.8 2 3 951163180
a range +256 +259.8 2 3 0.12
a contact +256 +260 2 3 1001895699
a range +256 +260 2 3 0.12
a contact +257 +259.8 3 5 1170047838
a range +257 +259.8 3 5 1.05
a contact +258 +263 1 2 1177943244
a range +258 +263 1 2 0.12
a contact +258 +263 3 4 942984383
a range +258 +263 3 4 1.24
a contact +258 +263 3 5 1114339317
a range +258 +263 3 5 1.21
a contact +259 +263 2 3 1005139845
a range +259 +263 2 3 0.12
a contact +260 +263.8 1 2 1085794938
a range +260 +263.8 1 2 0.12
a contact +260 +265 3 4 1146291452
a range +260 +265 3 4 1.28
a contact +263 +268 1 3 803414399
a range +263 +268 1 3 0.12
a contact +269 +271.8 2 5 1147747472
a range +269 +271.8 2 5 1.34
a contact +270 +272.8 2 3 963572147
a range +270 +272.8 2 3 0.12
a contact +270 +274 2 4 1020761796
a range +270 +274 2 4 1.1
a contact +272 +277 1 3 1052679800
a range +272 +277 1 3 0.12
a contact +273 +277 1 2 1177341794
a range +273 +277 1 2 0.12
a contact +273 +277 3 4 1047212370
a range +273 +277 3 4 1.06
a contact +273 +278 3 4 868355267
a range +273 +278 3 4 1.3
a contact +275 +279 3 4 934193050
a range +275 +279 3 4 1.08
a contact +276 +281 3 4 1179994552
a range +276 +281 3 4 1.07
a contact +282 +287 2 5 1078893122
a range +282 +287 2 5 1.06
a contact +284 +288 1 3 800796680
a range +284 +288 1 3 0.12
a contact +286 +291 1 3 988748550
a range +286 +291 1 3 0.12
a contact +287 +291 1 2 1134633904
a range +287 +291 1 2 0.12
a contact +287 +291 2 4 804134474
a range +287 +291 2 4 1.1
a contact +288 +293 2 3 870609291
a range +288 +293 2 3 0.12
a contact +288 +290.8 3 5 918400322
a range +288 +290.8 3 5 1.25
a contact +289 +293 2 3 808061689
a range +289 +293 2 3 0.12
a contact +290 +293.8 2 3 1110910506
a range +290 +293.8 2 3 0.12
a contact +290 +295 1 3 930329587
a range +290 +295 1 3 0.12
a contact +290 +294 2 4 1031758615
a range +290 +294 2 4 1.33
a contact +291 +296 2 3 1176774480
a range +291 +296 2 3 0.12
a contact +291 +296 2 4 939166626
a range +291 +296 2 4 1.37
a contact +291 +293.8 3 5 1110706910
a range +291 +293.8 3 5 1.14
a contact +293 +298 3 4 950811753
a range +293 +298 3 4 1.19
a contact +294 +298 1 3 1035094588
a range +294 +298 1 3 0.12
a contact +295 +298.8 1 2 967593471
a range +295 +298.8 1 2 0.12
a contact +295 +299 1 3 1131319446
a range +295 +299 1 3 0.12
a contact +296 +301 2 3 938240226
a range +296 +301 2 3 0.12
a contact +297 +302 1 3 1098699199
a range +297 +302 1 3 0.12
a contact +298 +302 2 4 900887225
a range +298 +302 2 4 1.24
a contact +299 +301.8 2 4 830884125
a range +299 +301.8 2 4 1.33
a contact +300 +305 1 3 985964783
a range +300 +305 1 3 0.12
a contact +300 +305 3 4 1090685963
a range +300 +305 3 4 1.38
a contact +301 +339 4 6 967466796
a range +301 +339 4 6 0.13
a contact +304 +308 2 3 950564083
a range +304 +308 2 3 0.12
a contact +305 +308.8 2 4 967426354
a range +305 +308.8 2 4 1.06
a contact +306 +310 2 3 1104279518
a range +306 +310 2 3 0.12
a contact +306 +311 3 4 1106181983
a range +306 +311 3 4 1.13
a contact +307 +311 2 5 1021108249
a range +307 +311 2 5 1.3
a contact +308 +313 2 4 1171403453
a range +308 +313 2 4 1.18
a contact +308 +311.8 3 4 1165818991
a range +308 +311.8 3 4 1.05
a contact +308 +310.8 3 4 1082715734
a range +308 +310.8 3 4 1.35
a contact +309 +314 2 3 1001722070
a range +309 +314 2 3 0.12
a contact +310 +315 2 5 1102610217
a range +310 +315 2 5 1.3
a contact +311 +315 3 5 966753986
a range +311 +315 3 5 1.28
a contact +312 +316 3 5 892222191
a range +312 +316 3 5 1.27
a contact +313 +317 2 5 980069604
a range +313 +317 2 5 1.24
a contact +313 +348 4 6 973004701
a range +313 +348 4 6 0.13
a contact +317 +322 3 4 880330847
a range +317 +322 3 4 1.35
a contact +318 +323 2 3 823024182
a range +318 +323 2 3 0.12
a contact +319 +324 1 3 900816721
a range +319 +324 1 3 0.12
a contact +321 +326 3 4 959180739
a range +321 +326 3 4 1.19
a contact +323 +327 2 4 1038485691
a range +323 +327 2 4 1.09
a contact +324 +328 2 3 1027751934
a range +324 +328 2 3 0.12
a contact +324 +326.8 3 4 920378007
a range +324 +326.8 3 4 1.37
a contact +328 +332 3 5 1159098578
a range +328 +332 3 5 1.05
a contact +329 +334 2 4 930041401
a range +329 +334 2 4 1.33
a contact +330 +335 1 3 958469621
a range +330 +335 1 3 0.12
a contact +330 +332.8 2 5 1009987449
a range +330 +332.8 2 5 1.33
a contact +331 +334.8 2 3 1100145481
a range +331 +334.8 2 3 0.12
a contact +332 +336 2 4 1170910601
a range +332 +336 2 4 1.36
a contact +332 +336 3 4 1099912898
a range +332 +336 3 4 1.05
a contact +333 +335.8 3 4 936597117
a range +333 +335.8 3 4 1.04
a contact +333 +337 3 5 984130326
a range +333 +337 3 5 1.14
a contact +333 +376 5 6 860509868
a range +333 +376 5 6 0.13
a contact +334 +339 3 4 838241919
a range +334 +339 3 4 1.27
a contact +337 +339.8 1 2 899875719
a range +337 +339.8 1 2 0.12
a contact +338 +342 1 3 897305663
a range +338 +342 1 3 0.12
a contact +339 +344 2 5 1045609216
a range +339 +344 2 5 1.06
a contact +340 +342.8 1 2 1075298990
a range +340 +342.8 1 2 0.12
a contact +343 +348 1 2 1063664732
a range +343 +348 1 2 0.12
a contact +343 +386 4 5 825513476
a range +343 +386 4 5 0.13
a contact +345 +349 2 4 1116420124
a range +345 +349 2 4 1.11
a contact +346 +351 3 4 890052472
a range +346 +351 3 4 1.24
a contact +348 +352 2 5 1013884194
a range +348 +352 2 5 1.18
a contact +349 +353 1 3 933105171
a range +349 +353 1 3 0.12
a contact +349 +351.8 3 4 1087316948
a range +349 +351.8 3 4 1.14
a contact +349 +352.8 3 5 1020169765
a range +349 +352.8 3 5 1.22
a contact +350 +355 2 3 926083728
a range +350 +355 2 3 0.12
a contact +350 +353.8 2 5 1058312653
a range +350 +353.8 2 5 1.31
a contact +356 +359.8 1 2 1048224126
a range +356 +359.8 1 2 0.12
a contact +356 +361 1 2 1018127594
a range +356 +361 1 2 0.12
a contact +356 +361 2 4 955140638
a range +356 +361 2 4 1.21
a contact +356 +403 4 5 1049557688
a range +356 +403 4 5 0.13
a contact +357 +362 2 5 1117548851
a range +357 +362 2 5 1.1
a contact +357 +360.8 3 4 1059839046
a range +357 +360.8 3 4 1.1
a contact +358 +363 2 5 911067205
a range +358 +363 2 5 1.37
a contact +358 +363 3 4 1078031113
a range +358 +363 3 4 1.04
a contact +358 +362 3 5 911467675
a range +358 +362 3 5 1.26
a contact +359 +364 2 3 924500025
a range +359 +364 2 3 0.12
a contact +359 +364 2 4 860691805
a range +359 +364 2 4 1.35
a contact +360 +409 5 6 853334492
a range +360 +409 5 6 0.13
a contact +361 +366 1 2 931256715
a range +361 +366 1 2 0.12
a contact +361 +366 2 5 1070058622
a range +361 +366 2 5 1.11
a contact +362 +367 2 3 1043352776
a range +362 +367 2 3 0.12
a contact +363 +368 1 2 1174605351
a range +363 +368 1 2 0.12
a contact +363 +366.8 2 5 983356499
a range +363 +366.8 2 5 1.08
a contact +363 +400 5 6 881028297
a range +363 +400 5 6 0.13
a contact +364 +368 1 2 1062453014
a range +364 +368 1 2 0.12
a contact +365 +370 2 3 1194927814
a range +365 +370 2 3 0.12
a contact +366 +370 2 4 1079114990
a range +366 +370 2 4 1.27
a contact +367 +371 1 2 812918648
a range +367 +371 1 2 0.12
a contact +368 +372 1 2 981514587
a range +368 +372 1 2 0.12
a contact +368 +373 2 5 1167216192
a range +368 +373 2 5 1.38
a contact +368 +373 3 4 1183091013
a range +368 +373 3 4 1.31
a contact +371 +373.8 3 4 1085234348
a range +371 +373.8 3 4 1.23
a contact +371 +375 3 5 891234895
a range +371 +375 3 5 1.35
a contact +373 +377 1 3 951510017
a range +373 +377 1 3 0.12
a contact +375 +380 1 3 1125452407
a range +375 +380 1 3 0.12
a contact +375 +379 2 5 946204424
a range +375 +379 2 5 1.12
a contact +375 +423 5 6 904139239
a range +375 +423 5 6 0.13
a contact +376 +381 1 3 1030824623
a range +376 +381 1 3 0.12
a contact +377 +381 1 3 1144056675
a range +377 +381 1 3 0.12
a contact +377 +379.8 2 5 908394048
a range +377 +379.8 2 5 1.04
a contact +377 +415 4 6 1090207616
a range +377 +415 4 6 0.13
a contact +378 +383 2 5 805053990
a range +378 +383 2 5 1.07
a contact +378 +383 3 4 1129103911
a range +378 +383 3 4 1.18
a contact +379 +384 2 4 1135681064
a range +379 +384 2 4 1.32
a contact +380 +382.8 2 5 1008719411
a range +380 +382.8 2 5 1.2
a contact +382 +387 2 5 1066093188
a range +382 +387 2 5 1.21
a contact +382 +385.8 3 4 953886314
a range +382 +385.8 3 4 1.37
a contact +383 +386.8 3 5 1084003570
a range +383 +386.8 3 5 1.25
a contact +385 +390 1 2 820578710
a range +385 +390 1 2 0.12
a contact +387 +390.8 2 4 830962362
a range +387 +390.8 2 4 1.11
a contact +388 +393 1 3 1186732731
a range +388 +393 1 3 0.12
a contact +389 +392.8 2 5 1165631931
a range +389 +392.8 2 5 1.32
a contact +390 +394 2 5 822702511
a range +390 +394 2 5 1.29
a contact +391 +396 2 5 1182989283
a range +391 +396 2 5 1.15
a contact +394 +399 2 3 936237727
a range +394 +399 2 3 0.12
a contact +394 +398 2 5 1100486457
a range +394 +398 2 5 1.24
a contact +394 +398 3 4 949830882
a range +394 +398 3 4 1.37
a contact +395 +399 1 2 905191653
a range +395 +399 1 2 0.12
a contact +397 +400.8 3 5 924003999
a range +397 +400.8 3 5 1.05
a contact +398 +403 2 4 915667275
a range +398 +403 2 4 1.19
a contact +398 +402 3 5 1159555022
a range +398 +402 3 5 1.35
a contact +399 +403 2 5 1098501515
a range +399 +403 2 5 1.28
a contact +402 +404.8 2 5 1046116574
a range +402 +404.8 2 5 1.33
a contact +403 +405.8 2 3 1114538529
a range +403 +405.8 2 3 0.12
a contact +404 +408 1 3 886572177
a range +404 +408 1 3 0.12
a contact +405 +407.8 2 5 1073952186
a range +405 +407.8 2 5 1.37
a contact +406 +410 1 3 1094709781
a range +406 +410 1 3 0.12
a contact +406 +408.8 1 3 1151287078
a range +406 +408.8 1 3 0.12
a contact +407 +410.8 1 2 835921499
a range +407 +410.8 1 2 0.12
a contact +407 +411 1 3 875726461
a range +407 +411 1 3 0.12
a contact +407 +411 2 5 897190851
a range +407 +411 2 5 1.1
a contact +407 +412 3 5 1119124664
a range +407 +412 3 5 1.12
a contact +408 +412 1 2 1127841903
a range +408 +412 1 2 0.12
a contact +409 +414 1 2 1154165825
a range +409 +414 1 2 0.12
a contact +409 +412.8 3 5 1111646848
a range +409 +412.8 3 5 1.11
a contact +409 +411.8 3 5 926942982
a range +409 +411.8 3 5 1.15
a contact +410 +414 1 3 1193686473
a range +410 +414 1 3 0.12
a contact +410 +414 1 3 1150226842
a range +410 +414 1 3 0.12
a contact +411 +413.8 2 4 1011091232
a range +411 +413.8 2 4 1.26
a contact +411 +413.8 2 4 1121660057
a range +411 +413.8 2 4 1.2
a contact +412 +416 2 4 1137961854
a range +412 +416 2 4 1.11
a contact +414 +418 3 5 881528247
a range +414 +418 3 5 1.32
a contact +416 +421 2 4 1022579932
a range +416 +421 2 4 1.05
a contact +417 +421 3 5 1130418429
a range +417 +421 3 5 1.25
a contact +419 +424 1 2 1017384108
a range +419 +424 1 2 0.12
a contact +420 +424 1 2 864764765
a range +420 +424 1 2 0.12
a contact +423 +427 2 3 1023224048
a range +423 +427 2 3 0.12
a contact +423 +427 3 5 1045336155
a range +423 +427 3 5 1.03
a contact +424 +429 2 4 961338417
a range +424 +429 2 4 1.06
a contact +425 +428.8 2 3 1102142134
a range +425 +428.8 2 3 0.12
a contact +428 +433 1 2 1119059511
a range +428 +433 1 2 0.12
a contact +428 +432 3 4 1170681940
a range +428 +432 3 4 1.19
a contact +428 +432 3 4 878413172
a range +428 +432 3 4 1.22
a contact +429 +433 2 3 980317569
a range +429 +433 2 3 0.12
a contact +430 +434 1 2 1036801089
a range +430 +434 1 2 0.12
a contact +430 +432.8 3 4 1130417174
a range +430 +432.8 3 4 1.3
a contact +431 +433.8 2 4 1121725905
a range +431 +433.8 2 4 1.34
a contact +433 +437 1 2 892321977
a range +433 +437 1 2 0.12
a contact +435 +437.8 2 5 924983378
a range +435 +437.8 2 5 1.22
a contact +435 +440 3 4 819154898
a range +435 +440 3 4 1.38
a contact +435 +437.8 3 5 877200369
a range +435 +437.8 3 5 1.33
a contact +436 +439.8 3 4 1137887580
a range +436 +439.8 3 4 1.2
a contact +437 +440.8 2 3 840701312
a range +437 +440.8 2 3 0.12
a contact +437 +441 2 3 880787527
a range +437 +441 2 3 0.12
a contact +437 +439.8 3 5 1005135617
a range +437 +439.8 3 5 1.33
a contact +438 +443 2 3 1067549627
a range +438 +443 2 3 0.12
a contact +439 +441.8 1 3 1053119720
a range +439 +441.8 1 3 0.12
a contact +440 +443.8 3 5 936730208
a range +440 +443.8 3 5 1.1
a contact +445 +449 2 3 1156694505
a range +445 +449 2 3 0.12
a contact +445 +450 1 3 1198914769
a range +445 +450 1 3 0.12
a contact +446 +449.8 2 5 1056601852
a range +446 +449.8 2 5 1.11
a contact +448 +453 3 5 1038505371
a range +448 +453 3 5 1.19
a contact +449 +453 1 2 1180541800
a range +449 +453 1 2 0.12
a contact +450 +454 2 3 895776518
a range +450 +454 2 3 0.12
a contact +451 +455 2 4 964094372
a range +451 +455 2 4 1.22
a contact +452 +456 2 4 858303186
a range +452 +456 2 4 1.14
a contact +453 +457 3 5 1163367997
a range +453 +457 3 5 1.04
a contact +455 +457.8 1 3 887121879
a range +455 +457.8 1 3 0.12
a contact +455 +460 2 5 1014593765
a range +455 +460 2 5 1.31
a contact +455 +457.8 3 5 824886935
a range +455 +457.8 3 5 1.33
a contact +456 +459.8 3 5 958779800
a range +456 +459.8 3 5 1.15
a contact +457 +460.8 2 5 1178194618
a range +457 +460.8 2 5 1.04
a contact +460 +465 1 3 859369517
a range +460 +465 1 3 0.12
a contact +463 +466.8 1 2 839559756
a range +463 +466.8 1 2 0.12
a contact +463 +467 2 3 1055479228
a range +463 +467 2 3 0.12
a contact +463 +467 2 4 1066247412
a range +463 +467 2 4 1.25
a contact +464 +467.8 1 3 1199366071
a range +464 +467.8 1 3 0.12
a contact +465 +470 3 4 982003978
a range +465 +470 3 4 1.24
a contact +466 +468.8 2 5 1015342861
a range +466 +468.8 2 5 1.3
a contact +467 +471 2 5 919204716
a range +467 +471 2 5 1.09
a contact +470 +473.8 2 3 915794905
a range +470 +473.8 2 3 0.12
a contact +471 +476 3 4 1032144130
a range +471 +476 3 4 1.24
a contact +472 +477 3 5 846783203
a range +472 +477 3 5 1.03
a contact +474 +479 1 3 1071619165
a range +474 +479 1 3 0.12
a contact +475 +479 2 3 827363070
a range +475 +479 2 3 0.12
a contact +477 +482 2 3 857251602
a range +477 +482 2 3 0.12
a contact +478 +481.8 2 3 1147778036
a range +478 +481.8 2 3 0.12
a contact +479 +481.8 2 4 845128460
a range +479 +481.8 2 4 1.34
a contact +480 +485 2 4 848041425
a range +480 +485 2 4 1.02
a contact +481 +486 1 3 835246403
a range +481 +486 1 3 0.12
a contact +482 +484.8 2 3 972026582
a range +482 +484.8 2 3 0.12
a contact +483 +486.8 1 3 1189505091
a range +483 +486.8 1 3 0.12
a contact +484 +489 2 4 935816153
a range +484 +489 2 4 1.29
a contact +485 +488.8 3 4 1024188073
a range +485 +488.8 3 4 1.17
a contact +487 +491 3 5 990207079
a range +487 +491 3 5 1.25
a contact +490 +493.8 3 5 1113165223
a range +490 +493.8 3 5 1.25
a contact +491 +496 3 4 1140091666
a range +491 +496 3 4 1.28
a contact +493 +498 3 4 1046614651
a range +493 +498 3 4 1.09
a contact +495 +498.8 2 4 1073250246
a range +495 +498.8 2 4 1.34
a contact +495 +498.8 2 5 936564173
a range +495 +498.8 2 5 1.37
a contact +499 +502.8 2 4 1074445396
a range +499 +502.8 2 4 1.08
a contact +500 +504 1 3 1029613100
a range +500 +504 1 3 0.12
a contact +500 +505 2 5 965788904
a range +500 +505 2 5 1.3
a contact +501 +506 2 4 875891753
a range +501 +506 2 4 1.38
a contact +501 +505 2 4 1163260776
a range +501 +505 2 4 1.19
a contact +501 +505 2 5 1133698685
a range +501 +505 2 5 1.09
a contact +503 +507 3 4 1035739357
a range +503 +507 3 4 1.3
a contact +504 +509 1 3 1081746832
a range +504 +509 1 3 0.12
a contact +505 +509 3 5 1014420597
a range +505 +509 3 5 1.11
a contact +507 +543 4 5 1049531103
a range +507 +543 4 5 0.13
a contact +508 +510.8 1 3 826646132
a range +508 +510.8 1 3 0.12
a contact +509 +513 2 4 1088532249
a range +509 +513 2 4 1.05
a contact +509 +513 3 5 832423257
a range +509 +513 3 5 1.31
a contact +510 +514 1 2 1014256673
a range +510 +514 1 2 0.12
a contact +510 +514 1 3 1026418871
a range +510 +514 1 3 0.12
a contact +511 +516 3 4 1074867163
a range +511 +516 3 4 1.04
a contact +513 +517 2 5 1051955813
a range +513 +517 2 5 1.14
a contact +514 +518 2 5 1163305671
a range +514 +518 2 5 1.18
a contact +515 +519 3 4 1172676126
a range +515 +519 3 4 1.32
a contact +517 +520.8 1 3 912011264
a range +517 +520.8 1 3 0.12
a contact +517 +522 3 5 1000248591
a range +517 +522 3 5 1.31
a contact +521 +525 2 4 860666448
a range +521 +525 2 4 1.05
a contact +523 +527 2 3 973505539
a range +523 +527 2 3 0.12
a contact +523 +528 2 4 1177902769
a range +523 +528 2 4 1.09
a contact +523 +557 5 6 1173703886
a range +523 +557 5 6 0.13
a contact +524 +529 2 4 1162038267
a range +524 +529 2 4 1.25
a contact +525 +529 2 4 938231848
a range +525 +529 2 4 1.14
a contact +525 +562 5 6 1036188699
a range +525 +562 5 6 0.13
a contact +526 +530 3 5 946067515
a range +526 +530 3 5 1.25
a contact +527 +530.8 1 3 800684655
a range +527 +530.8 1 3 0.12
a contact +527 +532 3 5 1004123813
a range +527 +532 3 5 1.22
a contact +528 +533 3 4 1192886458
a range +528 +533 3 4 1.12
a contact +530 +535 1 2 941594531
a range +530 +535 1 2 0.12
a contact +530 +533.8 2 4 957516192
a range +530 +533.8 2 4 1.13
a contact +531 +536 1 2 1144677290
a range +531 +536 1 2 0.12
a contact +531 +535 3 4 942944334
a range +531 +535 3 4 1.22
a contact +533 +535.8 3 5 1187487577
a range +533 +535.8 3 5 1.18
a contact +534 +538 3 4 873850844
a range +534 +538 3 4 1.19
a contact +536 +541 1 3 1161370931
a range +536 +541 1 3 0.12
a contact +537 +541 2 3 1160042631
a range +537 +541 2 3 0.12
a contact +537 +541 3 4 848328464
a range +537 +541 3 4 1.29
a contact +538 +543 2 4 883232577
a range +538 +543 2 4 1.25
a contact +538 +575 5 6 1174689430
a range +538 +575 5 6 0.13
a contact +540 +542.8 1 3 924650972
a range +540 +542.8 1 3 0.12
a contact +540 +542.8 3 5 1101089661
a range +540 +542.8 3 5 1.23
a contact +541 +546 2 5 804304505
a range +541 +546 2 5 1.13
a contact +541 +546 3 5 946422908
a range +541 +546 3 5 1.23
a contact +542 +545.8 1 2 989310906
a range +542 +545.8 1 2 0.12
a contact +544 +546.8 1 3 1103778230
a range +544 +546.8 1 3 0.12
a contact +544 +547.8 1 3 887491730
a range +544 +547.8 1 3 0.12
a contact +544 +549 3 4 1043933213
a range +544 +549 3 4 1.27
a contact +545 +550 2 4 1180034136
a range +545 +550 2 4 1.33
a contact +545 +549 2 4 1185449439
a range +545 +549 2 4 1.26
a contact +545 +549 2 5 978198363
a range +545 +549 2 5 1.37
a contact +549 +551.8 2 3 1155345683
a range +549 +551.8 2 3 0.12
a contact +549 +553 2 3 1004385495
a range +549 +553 2 3 0.12
a contact +549 +553 3 4 914590625
a range +549 +553 3 4 1.17
a contact +550 +552.8 2 5 820824017
a range +550 +552.8 2 5 1.04
a contact +550 +552.8 3 4 828211127
a range +550 +552.8 3 4 1.2
a contact +552 +557 2 3 915315481
a range +552 +557 2 3 0.12
a contact +556 +558.8 1 2 1089346729
a range +556 +558.8 1 2 0.12
a contact +560 +565 2 3 1011195033
a range +560 +565 2 3 0.12
a contact +560 +563.8 2 4 865521476
a range +560 +563.8 2 4 1.28
a contact +560 +565 2 5 896182161
a range +560 +565 2 5 1.33
a contact +561 +563.8 1 2 1084798248
a range +561 +563.8 1 2 0.12
a contact +561 +565 2 3 962911170
a range +561 +565 2 3 0.12
a contact +563 +567 2 3 1150556373
a range +563 +567 2 3 0.12
a contact +563 +566.8 2 3 852358291
a range +563 +566.8 2 3 0.12
a contact +563 +565.8 2 5 1107305196
a range +563 +565.8 2 5 1.3
a contact +564 +566.8 3 4 1115947667
a range +564 +566.8 3 4 1.04
a contact +565 +570 2 4 951396947
a range +565 +570 2 4 1.03
a contact +568 +572 2 4 1133770252
a range +568 +572 2 4 1.3
a contact +569 +574 1 2 845886948
a range +569 +574 1 2 0.12
a contact +570 +574 2 5 825907952
a range +570 +574 2 5 1.24
a contact +570 +575 3 5 807463088
a range +570 +575 3 5 1.04
a contact +571 +576 2 4 1155886842
a range +571 +576 2 4 1.1
a contact +574 +577.8 1 2 1148930894
a range +574 +577.8 1 2 0.12
a contact +575 +579 1 2 871145834
a range +575 +579 1 2 0.12
a contact +575 +580 2 4 1073402782
a range +575 +580 2 4 1.18
a contact +576 +581 3 5 986813740
a range +576 +581 3 5 1.11
a contact +577 +581 2 4 1051644678
a range +577 +581 2 4 1.04
a contact +580 +585 3 4 1072046028
a range +580 +585 3 4 1.22
a contact +580 +619 4 5 849208648
a range +580 +619 4 5 0.13
a contact +581 +585 1 3 1196534375
a range +581 +585 1 3 0.12
a contact +581 +583.8 3 4 864476179
a range +581 +583.8 3 4 1.23
a contact +582 +585.8 2 4 942627988
a range +582 +585.8 2 4 1.19
a contact +582 +584.8 3 4 825234906
a range +582 +584.8 3 4 1.04
a contact +582 +632 4 5 1140236832
a range +582 +632 4 5 0.13
a contact +583 +585.8 1 2 911957758
a range +583 +585.8 1 2 0.12
a contact +583 +587 1 2 974409973
a range +583 +587 1 2 0.12
a contact +583 +587 2 4 804602272
a range +583 +587 2 4 1.37
a contact +584 +589 2 4 836567765
a range +584 +589 2 4 1.26
a contact +588 +591.8 1 2 1110631727
a range +588 +591.8 1 2 0.12
a contact +588 +593 1 2 1066714563
a range +588 +593 1 2 0.12
a contact +588 +593 2 4 1023337934
a range +588 +593 2 4 1.09
a contact +588 +592 2 4 898865274
a range +588 +592 2 4 1.16
a contact +592 +596 2 4 1052204935
a range +592 +596 2 4 1.09
a contact +592 +596 2 5 1137640585
a range +592 +596 2 5 1.27
a contact +592 +595.8 3 5 1149267328
a range +592 +595.8 3 5 1.16
a contact +593 +598 1 2 856209424
a range +593 +598 1 2 0.12
a contact +593 +598 2 3 874829646
a range +593 +598 2 3 0.12
a contact +593 +597 3 4 1110101261
a range +593 +597 3 4 1.17
a contact +597 +600.8 1 2 1077932447
a range +597 +600.8 1 2 0.12
a contact +597 +602 2 4 1118478954
a range +597 +602 2 4 1.13
a contact +599 +602.8 1 3 1071300882
a range +599 +602.8 1 3 0.12
a contact +599 +601.8 2 4 951381102
a range +599 +601.8 2 4 1.05
a contact +601 +606 1 3 1102973410
a range +601 +606 1 3 0.12
a contact +601 +603.8 1 3 963003378
a range +601 +603.8 1 3 0.12
a contact +605 +607.8 3 4 912639881
a range +605 +607.8 3 4 1.35
a contact +606 +610 1 2 832939981
a range +606 +610 1 2 0.12
a contact +606 +611 3 5 979816789
a range +606 +611 3 5 1.14
a contact +609 +614 1 3 1150207335
a range +609 +614 1 3 0.12
a contact +611 +616 2 3 956174345
a range +611 +616 2 3 0.12
a contact +611 +613.8 2 5 839648384
a range +611 +613.8 2 5 1.07
a contact +612 +616 1 2 948741019
a range +612 +616 1 2 0.12
a contact +613 +615.8 2 3 1019294768
a range +613 +615.8 2 3 0.12
a contact +613 +617 3 4 1181378056
a range +613 +617 3 4 1.29
a contact +613 +615.8 3 5 994772185
a range +613 +615.8 3 5 1.06
a contact +614 +619 2 3 988917875
a range +614 +619 2 3 0.12
a contact +614 +619 2 5 957812408
a range +614 +619 2 5 1.29
a contact +616 +621 2 4 1103923665
a range +616 +621 2 4 1.06
a contact +617 +621 1 2 1041764113
a range +617 +621 1 2 0.12
a contact +617 +622 2 4 868483743
a range +617 +622 2 4 1.33
a contact +617 +619.8 2 5 959862034
a range +617 +619.8 2 5 1.11
a contact +618 +623 2 3 858696337
a range +618 +623 2 3 0.12
a contact +618 +622 3 5 1106064992
a range +618 +622 3 5 1.36
a contact +619 +622.8 1 2 1034005576
a range +619 +622.8 1 2 0.12
a contact +619 +621.8 2 5 822158212
a range +619 +621.8 2 5 1.2
a contact +620 +623.8 1 3 1187386999
a range +620 +623.8 1 3 0.12
a contact +620 +625 1 3 814805905
a range +620 +625 1 3 0.12
a contact +620 +624 2 4 1034906761
a range +620 +624 2 4 1.17
a contact +620 +624 2 5 988581264
a range +620 +624 2 5 1.04
a contact +621 +626 2 3 964621269
a range +621 +626 2 3 0.12
a contact +621 +626 2 3 1147928666
a range +621 +626 2 3 0.12
a contact +621 +625 2 3 846060842
a range +621 +625 2 3 0.12
a contact +622 +627 1 2 1030943413
a range +622 +627 1 2 0.12
a contact +623 +625.8 2 4 875008647
a range +623 +625.8 2 4 1.03
a contact +624 +672 5 6 1056033885
a range +624 +672 5 6 0.13
a contact +625 +628.8 1 2 1080886930
a range +625 +628.8 1 2 0.12
a contact +625 +629 1 3 1074765170
a range +625 +629 1 3 0.12
a contact +625 +630 3 5 964046357
a range +625 +630 3 5 1.35
a contact +626 +630 1 2 863458811
a range +626 +630 1 2 0.12
a contact +626 +631 3 5 882776052
a range +626 +631 3 5 1.03
a contact +628 +633 2 5 1033727093
a range +628 +633 2 5 1.07
a contact +628 +633 3 4 1048771622
a range +628 +633 3 4 1.34
a contact +628 +632 3 4 885888473
a range +628 +632 3 4 1.31
a contact +629 +632.8 3 5 1100823175
a range +629 +632.8 3 5 1.09
a contact +629 +634 3 5 966666335
a range +629 +634 3 5 1.16
a contact +630 +634 1 2 1101384838
a range +630 +634 1 2 0.12
a contact +630 +633.8 1 3 1015898401
a range +630 +633.8 1 3 0.12
a contact +633 +638 2 3 1003657494
a range +633 +638 2 3 0.12
a contact +633 +637 3 4 1031893693
a range +633 +637 3 4 1.24
a contact +634 +638 2 4 1026656038
a range +634 +638 2 4 1.33
a contact +634 +639 3 4 828758198
a range +634 +639 3 4 1.26
a contact +635 +639 2 5 844977760
a range +635 +639 2 5 1.36
a contact +636 +640 1 3 808053305
a range +636 +640 1 3 0.12
a contact +636 +639.8 3 4 1114710103
a range +636 +639.8 3 4 1.19
a contact +637 +642 1 3 1041245507
a range +637 +642 1 3 0.12
a contact +637 +641 2 5 910378761
a range +637 +641 2 5 1.24
a contact +638 +643 3 4 1156337361
a range +638 +643 3 4 1.16
a contact +640 +642.8 1 3 1048875271
a range +640 +642.8 1 3 0.12
a contact +641 +643.8 2 4 966755544
a range +641 +643.8 2 4 1.03
a contact +641 +646 3 5 1030350266
a range +641 +646 3 5 1.33
a contact +642 +646 1 2 977099181
a range +642 +646 1 2 0.12
a contact +642 +647 1 3 1072769586
a range +642 +647 1 3 0.12
a contact +642 +646 2 5 833561466
a range +642 +646 2 5 1.18
a contact +643 +646.8 3 5 1132351569
a range +643 +646.8 3 5 1.05
a contact +643 +681 4 6 1095856792
a range +643 +681 4 6 0.13
a contact +644 +646.8 3 5 815855429
a range +644 +646.8 3 5 1.18
a contact +645 +650 1 2 1001300325
a range +645 +650 1 2 0.12
a contact +645 +650 1 2 810426472
a range +645 +650 1 2 0.12
a contact +645 +649 2 4 854236541
a range +645 +649 2 4 1.26
a contact +646 +651 3 4 1084518070
a range +646 +651 3 4 1.17
a contact +647 +651 1 2 904599682
a range +647 +651 1 2 0.12
a contact +650 +655 2 5 1072016006
a range +650 +655 2 5 1.11
a contact +654 +658 1 2 871267683
a range +654 +658 1 2 0.12
a contact +654 +659 2 3 1061567025
a range +654 +659 2 3 0.12
a contact +654 +656.8 2 3 808628798
a range +654 +656.8 2 3 0.12
a contact +657 +662 1 2 1115329012
a range +657 +662 1 2 0.12
a contact +657 +661 2 4 874004938
a range +657 +661 2 4 1.09
a contact +657 +662 3 5 802158820
a range +657 +662 3 5 1.03
a contact +659 +664 1 3 1140350190
a range +659 +664 1 3 0.12
a contact +660 +665 1 3 877229243
a range +660 +665 1 3 0.12
a contact +661 +665 1 2 901903623
a range +661 +665 1 2 0.12
a contact +661 +664.8 2 5 1003839041
a range +661 +664.8 2 5 1.27
a contact +662 +664.8 2 3 876495056
a range +662 +664.8 2 3 0.12
a contact +663 +665.8 3 4 900039344
a range +663 +665.8 3 4 1.24
a contact +667 +670.8 1 2 896677580
a range +667 +670.8 1 2 0.12
a contact +667 +669.8 2 3 1112107714
a range +667 +669.8 2 3 0.12
a contact +668 +673 2 5 872267764
a range +668 +673 2 5 1.11
a contact +671 +673.8 3 4 1036222839
a range +671 +673.8 3 4 1.08
a contact +674 +679 2 4 808771287
a range +674 +679 2 4 1.15
a contact +674 +709 4 5 809350035
a range +674 +709 4 5 0.13
a contact +675 +677.8 3 4 1023654690
a range +675 +677.8 3 4 1.25
a contact +676 +678.8 1 3 1126047798
a range +676 +678.8 1 3 0.12
a contact +677 +682 1 2 955359830
a range +677 +682 1 2 0.12
a contact +679 +681.8 3 4 893471437
a range +679 +681.8 3 4 1.29
a contact +680 +685 1 2 904207454
a range +680 +685 1 2 0.12
a contact +681 +685 3 4 1036415907
a range +681 +685 3 4 1.34
a contact +682 +687 3 5 929247747
a range +682 +687 3 5 1.08
a contact +684 +688 1 2 951341584
a range +684 +688 1 2 0.12
a contact +684 +689 2 3 1000937292
a range +684 +689 2 3 0.12
a contact +685 +690 1 2 888433256
a range +685 +690 1 2 0.12
a contact +686 +691 3 4 1021504839
a range +686 +691 3 4 1.09
a contact +687 +692 2 4 805900389
a range +687 +692 2 4 1.17
a contact +691 +693.8 1 2 959480058
a range +691 +693.8 1 2 0.12
a contact +692 +696 2 3 1080140214
a range +692 +696 2 3 0.12
a contact +693 +697 1 2 814625537
a range +693 +697 1 2 0.12
a contact +693 +697 2 3 1159774678
a range +693 +697 2 3 0.12
a contact +693 +696.8 2 3 844773708
a range +693 +696.8 2 3 0.12
a contact +693 +698 2 5 1099238682
a range +693 +698 2 5 1.19
a contact +693 +698 3 5 881675104
a range +693 +698 3 5 1.28
a contact +695 +700 3 4 1049320288
a range +695 +700 3 4 1.11
a contact +695 +697.8 3 4 1058177915
a range +695 +697.8 3 4 1.21
a contact +695 +700 3 4 1066353435
a range +695 +700 3 4 1.33
a contact +696 +701 2 3 1027942987
a range +696 +701 2 3 0.12
a contact +697 +702 1 3 867318939
a range +697 +702 1 3 0.12
a contact +697 +700.8 2 4 912779594
a range +697 +700.8 2 4 1.03
a contact +698 +701.8 1 2 1131551079
a range +698 +701.8 1 2 0.12
a contact +698 +703 1 3 942259462
a range +698 +703 1 3 0.12
a contact +699 +742 4 6 924413989
a range +699 +742 4 6 0.13
a contact +700 +704 1 2 1099792870
a range +700 +704 1 2 0.12
a contact +700 +705 3 5 1118537588
a range +700 +705 3 5 1.3
a contact +703 +708 1 3 1087097299
a range +703 +708 1 3 0.12
a contact +705 +709 3 5 1160016962
a range +705 +709 3 5 1.24
a contact +706 +709.8 2 4 822428702
a range +706 +709.8 2 4 1.18
a contact +706 +710 3 4 909206390
a range +706 +710 3 4 1.22
a contact +708 +710.8 2 5 1124090517
a range +708 +710.8 2 5 1.21
a contact +708 +713 3 5 1018868592
a range +708 +713 3 5 1.09
a contact +709 +713 2 3 1067070352
a range +709 +713 2 3 0.12
a contact +710 +712.8 2 4 874878809
a range +710 +712.8 2 4 1.16
a contact +710 +712.8 2 5 1140177643
a range +710 +712.8 2 5 1.09
a contact +711 +715 1 2 1120273596
a range +711 +715 1 2 0.12
a contact +712 +717 1 2 1092592532
a range +712 +717 1 2 0.12
a contact +712 +715.8 2 4 902406882
a range +712 +715.8 2 4 1.32
a contact +713 +718 1 3 922108798
a range +713 +718 1 3 0.12
a contact +714 +718 2 5 874876396
a range +714 +718 2 5 1.05
a contact +714 +719 3 5 1078646488
a range +714 +719 3 5 1.11
a contact +715 +718.8 1 2 836540295
a range +715 +718.8 1 2 0.12
a contact +715 +720 2 4 1109516125
a range +715 +720 2 4 1.11
a contact +715 +719 2 5 1119726040
a range +715 +719 2 5 1.04
a contact +718 +723 2 3 1067668720
a range +718 +723 2 3 0.12
a contact +718 +723 2 3 1150995329
a range +718 +723 2 3 0.12
a contact +720 +722.8 3 5 855791513
a range +720 +722.8 3 5 1.24
a contact +721 +723.8 1 3 1077570159
a range +721 +723.8 1 3 0.12
a contact +721 +725 2 5 990923989
a range +721 +725 2 5 1.16
a contact +721 +766 5 6 964611671
a range +721 +766 5 6 0.13
a contact +722 +724.8 2 3 1047548568
a range +722 +724.8 2 3 0.12
a contact +722 +727 3 4 1029612056
a range +722 +727 3 4 1.11
a contact +724 +727.8 2 5 918260114
a range +724 +727.8 2 5 1.14
a contact +726 +730 3 5 864492351
a range +726 +730 3 5 1.06
a contact +729 +732.8 3 5 1091316484
a range +729 +732.8 3 5 1.28
a contact +730 +733.8 2 5 919605412
a range +730 +733.8 2 5 1.14
a contact +735 +737.8 1 3 1178638551
a range +735 +737.8 1 3 0.12
a contact +735 +740 3 5 923054768
a range +735 +740 3 5 1.28
a contact +736 +740 2 4 884381099
a range +736 +740 2 4 1.02
a contact +736 +738.8 3 5 1133543464
a range +736 +738.8 3 5 1.26
a contact +737 +741 2 5 1122225065
a range +737 +741 2 5 1.29
a contact +738 +742 2 4 802385450
a range +738 +742 2 4 1.23
a contact +738 +740.8 3 4 808999445
a range +738 +740.8 3 4 1.37
a contact +739 +742.8 2 5 1070695786
a range +739 +742.8 2 5 1.36
a contact +740 +745 2 4 1109749172
a range +740 +745 2 4 1.07
a contact +740 +778 4 6 1106879098
a range +740 +778 4 6 0.13
a contact +741 +743.8 2 3 1051987722
a range +741 +743.8 2 3 0.12
a contact +741 +787 4 6 1014688692
a range +741 +787 4 6 0.13
a contact +743 +782 4 6 871941575
a range +743 +782 4 6 0.13
a contact +744 +747.8 1 2 1092657653
a range +744 +747.8 1 2 0.12
a contact +744 +749 3 5 1108627806
a range +744 +749 3 5 1.17
a contact +745 +750 1 2 975915560
a range +745 +750 1 2 0.12
a contact +745 +748.8 2 3 926586522
a range +745 +748.8 2 3 0.12
a contact +748 +751.8 2 4 990013174
a range +748 +751.8 2 4 1.12
a contact +750 +753.8 2 3 874174283
a range +750 +753.8 2 3 0.12
a contact +750 +753.8 2 4 863228405
a range +750 +753.8 2 4 1.32
a contact +750 +752.8 2 5 1185578173
a range +750 +752.8 2 5 1.2
a contact +751 +754.8 3 5 1071729306
a range +751 +754.8 3 5 1.08
a contact +753 +756.8 2 4 847596425
a range +753 +756.8 2 4 1.32
a contact +754 +759 1 3 802448962
a range +754 +759 1 3 0.12
a contact +755 +759 3 5 1148081676
a range +755 +759 3 5 1.09
a contact +756 +760 1 3 1122310377
a range +756 +760 1 3 0.12
a contact +757 +759.8 1 2 971819192
a range +757 +759.8 1 2 0.12
a contact +757 +760.8 3 5 1161081445
a range +757 +760.8 3 5 1.19
a contact +761 +765 3 5 838930820
a range +761 +765 3 5 1.18
a contact +764 +769 2 3 1158172730
a range +764 +769 2 3 0.12
a contact +765 +770 2 4 1091791311
a range +765 +770 2 4 1.32
a contact +767 +771 1 3 906611541
a range +767 +771 1 3 0.12
a contact +767 +771 2 5 1191276470
a range +767 +771 2 5 1.23
a contact +768 +773 1 3 977738848
a range +768 +773 1 3 0.12
a contact +768 +773 2 5 975392282
a range +768 +773 2 5 1.13
a contact +768 +817 5 6 937295674
a range +768 +817 5 6 0.13
a contact +772 +776 2 5 986264818
a range +772 +776 2 5 1.2
a contact +773 +777 2 4 1133289178
a range +773 +777 2 4 1.37
a contact +775 +780 1 3 880695706
a range +775 +780 1 3 0.12
a contact +776 +780 1 3 877623657
a range +776 +780 1 3 0.12
a contact +776 +779.8 1 3 1182133322
a range +776 +779.8 1 3 0.12
a contact +778 +780.8 1 2 925855386
a range +778 +780.8 1 2 0.12
a contact +780 +785 3 4 802243615
a range +780 +785 3 4 1.16
a contact +784 +788 3 5 815565489
a range +784 +788 3 5 1.18
a contact +786 +789.8 3 4 847716953
a range +786 +789.8 3 4 1.02
a contact +788 +793 2 3 964756006
a range +788 +793 2 3 0.12
a contact +789 +794 2 3 1181803760
a range +789 +794 2 3 0.12
a contact +789 +792.8 1 3 1163707637
a range +789 +792.8 1 3 0.12
a contact +790 +793.8 3 5 815734696
a range +790 +793.8 3 5 1.32
a contact +792 +797 1 2 1086130605
a range +792 +797 1 2 0.12
a contact +793 +797 2 3 1112680017
a range +793 +797 2 3 0.12
a contact +794 +799 3 4 869341118
a range +794 +799 3 4 1.24
a contact +796 +798.8 2 4 1193626010
a range +796 +798.8 2 4 1.13
a contact +796 +801 3 5 1143112950
a range +796 +801 3 5 1.29
a contact +797 +799.8 1 3 947090384
a range +797 +799.8 1 3 0.12
a contact +797 +801 2 5 1009965466
a range +797 +801 2 5 1.21
a contact +798 +802 1 2 826619555
a range +798 +802 1 2 0.12
a contact +798 +802 2 3 1088747104
a range +798 +802 2 3 0.12
a contact +800 +804 2 3 1105662790
a range +800 +804 2 3 0.12
a contact +801 +806 1 3 1180665144
a range +801 +806 1 3 0.12
a contact +802 +804.8 3 4 1003078215
a range +802 +804.8 3 4 1.35
a contact +803 +844 5 6 959014049
a range +803 +844 5 6 0.13
a contact +804 +809 2 3 1103788657
a range +804 +809 2 3 0.12
a contact +804 +808 3 5 802698696
a range +804 +808 3 5 1.35
a contact +808 +813 3 5 856663247
a range +808 +813 3 5 1.15
a contact +809 +812.8 3 5 1095514197
a range +809 +812.8 3 5 1.1
a contact +810 +813.8 2 3 1106049924
a range +810 +813.8 2 3 0.12
a contact +810 +812.8 2 4 1160693462
a range +810 +812.8 2 4 1.05
a contact +811 +813.8 1 3 823106778
a range +811 +813.8 1 3 0.12
a contact +812 +817 3 4 1107040277
a range +812 +817 3 4 1.14
a contact +813 +818 1 2 858428838
a range +813 +818 1 2 0.12
a contact +814 +819 3 5 1147236717
a range +814 +819 3 5 1.36
a contact +815 +819 2 3 828053454
a range +815 +819 2 3 0.12
a contact +817 +821 3 4 1077973154
a range +817 +821 3 4 1.28
a contact +820 +825 2 3 1063431576
a range +820 +825 2 3 0.12
a contact +821 +824.8 2 3 887545010
a range +821 +824.8 2 3 0.12
a contact +823 +827 2 3 1086748643
a range +823 +827 2 3 0.12
a contact +825 +830 2 5 1146150860
a range +825 +830 2 5 1.22
a contact +825 +830 3 5 992351185
a range +825 +830 3 5 1.21
a contact +826 +831 2 5 1107474084
a range +826 +831 2 5 1.13
a contact +827 +831 1 3 870212585
a range +827 +831 1 3 0.12
a contact +827 +831 2 4 1022598209
a range +827 +831 2 4 1.21
a contact +828 +832 1 3 802953765
a range +828 +832 1 3 0.12
a contact +828 +832 2 4 1182756940
a range +828 +832 2 4 1.34
a contact +828 +832 2 4 976627432
a range +828 +832 2 4 1.25
a contact +829 +833 2 3 876792436
a range +829 +833 2 3 0.12
a contact +829 +831.8 3 4 994491804
a range +829 +831.8 3 4 1.05
a contact +830 +835 2 3 1195558056
a range +830 +835 2 3 0.12
a contact +832 +836 1 3 924666393
a range +832 +836 1 3 0.12
a contact +835 +839 2 4 1102871723
a range +835 +839 2 4 1.13
a contact +836 +839.8 2 5 831657781
a range +836 +839.8 2 5 1.24
a contact +837 +842 1 3 1124177408
a range +837 +842 1 3 0.12
a contact +839 +843 1 2 858665149
a range +839 +843 1 2 0.12
a contact +841 +846 3 5 971077339
a range +841 +846 3 5 1.34
a contact +844 +849 1 2 839148334
a range +844 +849 1 2 0.12
a contact +845 +847.8 1 2 1182667770
a range +845 +847.8 1 2 0.12
a contact +845 +848.8 2 3 1105319454
a range +845 +848.8 2 3 0.12
a contact +845 +848.8 3 5 982460610
a range +845 +848.8 3 5 1.34
a contact +846 +851 2 3 1133438332
a range +846 +851 2 3 0.12
a contact +847 +851 3 4 1133739023
a range +847 +851 3 4 1.2
a contact +849 +853 2 4 910153101
a range +849 +853 2 4 1.22
a contact +849 +853 2 5 924628055
a range +849 +853 2 5 1.12
a contact +850 +855 1 3 1009849362
a range +850 +855 1 3 0.12
a contact +856 +861 2 5 884401903
a range +856 +861 2 5 1.26
a contact +856 +858.8 2 5 1105256427
a range +856 +858.8 2 5 1.18
a contact +856 +895 4 5 934618901
a range +856 +895 4 5 0.13
a contact +857 +860.8 1 2 981629523
a range +857 +860.8 1 2 0.12
a contact +857 +859.8 3 4 1092754049
a range +857 +859.8 3 4 1.11
a contact +857 +860.8 3 4 912962221
a range +857 +860.8 3 4 1.09
a contact +857 +862 3 5 908386408
a range +857 +862 3 5 1.06
a contact +858 +860.8 3 4 1002357690
a range +858 +860.8 3 4 1.27
a contact +859 +863 2 5 981407327
a range +859 +863 2 5 1.33
a contact +862 +867 3 4 1146429038
a range +862 +867 3 4 1.22
a contact +862 +867 3 5 960998921
a range +862 +867 3 5 1.33
a contact +863 +868 2 4 1176500200
a range +863 +868 2 4 1.29
a contact +863 +868 3 5 1052856837
a range +863 +868 3 5 1.22
a contact +866 +870 1 2 1189266521
a range +866 +870 1 2 0.12
a contact +866 +870 1 3 1152416222
a range +866 +870 1 3 0.12
a contact +868 +873 2 4 1053764111
a range +868 +873 2 4 1.29
a contact +869 +874 2 3 1141617102
a range +869 +874 2 3 0.12
a contact +869 +872.8 3 5 1165917903
a range +869 +872.8 3 5 1.27
a contact +870 +872.8 1 2 1154374276
a range +870 +872.8 1 2 0.12
a contact +871 +876 1 3 1057559516
a range +871 +876 1 3 0.12
a contact +872 +877 3 4 1042544326
a range +872 +877 3 4 1.24
a contact +873 +878 3 5 858524931
a range +873 +878 3 5 1.22
a contact +874 +879 2 5 1011249839
a range +874 +879 2 5 1.26
a contact +876 +880 2 4 951585382
a range +876 +880 2 4 1.07
a contact +877 +882 1 2 1041388910
a range +877 +882 1 2 0.12
a contact +877 +881 3 4 1154052657
a range +877 +881 3 4 1.08
a contact +878 +882 2 4 1034267975
a range +878 +882 2 4 1.06
a contact +878 +883 3 5 820369550
a range +878 +883 3 5 1.07
a contact +879 +883 1 3 1144861600
a range +879 +883 1 3 0.12
a contact +882 +884.8 2 4 867167927
a range +882 +884.8 2 4 1.17
a contact +885 +887.8 2 5 938873600
a range +885 +887.8 2 5 1.14
a contact +886 +891 1 2 952432998
a range +886 +891 1 2 0.12
a contact +886 +888.8 2 3 915758391
a range +886 +888.8 2 3 0.12
a contact +886 +888.8 2 3 916355183
a range +886 +888.8 2 3 0.12
a contact +887 +889.8 2 4 912367670
a range +887 +889.8 2 4 1.03
a contact +889 +893 1 2 1062986162
a range +889 +893 1 2 0.12
a contact +891 +896 3 5 1176207197
a range +891 +896 3 5 1.07
a contact +893 +897 2 4 1075545735
a range +893 +897 2 4 1.23
a contact +896 +901 3 4 1120596743
a range +896 +901 3 4 1.37
a contact +897 +902 1 2 861181371
a range +897 +902 1 2 0.12
a contact +898 +903 2 5 1120760413
a range +898 +903 2 5 1.27
a contact +900 +903.8 3 5 988353754
a range +900 +903.8 3 5 1.15
a contact +900 +939 4 5 1113756726
a range +900 +939 4 5 0.13
a contact +901 +906 3 4 821633622
a range +901 +906 3 4 1.33
a contact +902 +904.8 2 4 803264084
a range +902 +904.8 2 4 1.06
a contact +902 +906 2 4 1148871220
a range +902 +906 2 4 1.07
a contact +902 +907 3 4 1157402467
a range +902 +907 3 4 1.19
a contact +903 +908 2 3 842995749
a range +903 +908 2 3 0.12
a contact +904 +908 1 2 981364205
a range +904 +908 1 2 0.12
a contact +906 +911 1 2 1127883095
a range +906 +911 1 2 0.12
a contact +909 +914 2 4 837405821
a range +909 +914 2 4 1.29
a contact +909 +914 3 4 878074233
a range +909 +914 3 4 1.33
a contact +909 +953 4 6 820282717
a range +909 +953 4 6 0.13
a contact +910 +913.8 3 4 923581753
a range +910 +913.8 3 4 1.33
a contact +911 +916 2 4 998990960
a range +911 +916 2 4 1.17
a contact +912 +914.8 2 3 910293631
a range +912 +914.8 2 3 0.12
a contact +912 +914.8 3 5 1165934776
a range +912 +914.8 3 5 1.35
a contact +915 +920 2 3 973109709
a range +915 +920 2 3 0.12
a contact +917 +919.8 2 5 1010720402
a range +917 +919.8 2 5 1.37
a contact +918 +920.8 2 4 931103571
a range +918 +920.8 2 4 1.23
a contact +923 +927 2 3 850739782
a range +923 +927 2 3 0.12
a contact +923 +927 3 4 963416510
a range +923 +927 3 4 1.18
a contact +923 +928 3 5 1152412327
a range +923 +928 3 5 1.06
a contact +924 +929 1 3 899512411
a range +924 +929 1 3 0.12
a contact +925 +930 2 4 1110477232
a range +925 +930 2 4 1.35
a contact +925 +928.8 3 5 1147007012
a range +925 +928.8 3 5 1.04
a contact +926 +928.8 1 3 1017805964
a range +926 +928.8 1 3 0.12
a contact +926 +931 3 4 1196991312
a range +926 +931 3 4 1.17
a contact +930 +933.8 2 5 885575233
a range +930 +933.8 2 5 1.35
a contact +930 +933.8 2 5 1052536116
a range +930 +933.8 2 5 1.09
a contact +931 +936 1 2 906424404
a range +931 +936 1 2 0.12
a contact +932 +970 4 6 893102550
a range +932 +970 4 6 0.13
a contact +934 +939 1 3 802468006
a range +934 +939 1 3 0.12
a contact +934 +939 2 5 1008444231
a range +934 +939 2 5 1.24
a contact +934 +938 2 5 980678362
a range +934 +938 2 5 1.27
a contact +935 +937.8 2 5 1199946867
a range +935 +937.8 2 5 1.23
a contact +936 +940 1 2 920071608
a range +936 +940 1 2 0.12
a contact +936 +939.8 2 5 874764155
a range +936 +939.8 2 5 1.32
a contact +939 +944 3 4 1164231692
a range +939 +944 3 4 1.16
a contact +939 +943 3 5 1005328637
a range +939 +943 3 5 1.07
a contact +940 +943.8 2 3 1192170404
a range +940 +943.8 2 3 0.12
a contact +941 +946 2 4 1065567428
a range +941 +946 2 4 1.15
a contact +942 +946 2 5 1146726255
a range +942 +946 2 5 1.1
a contact +942 +946 2 5 839160446
a range +942 +946 2 5 1.16
a contact +943 +945.8 3 5 883418853
a range +943 +945.8 3 5 1.33
a contact +944 +946.8 1 3 1073045899
a range +944 +946.8 1 3 0.12
a contact +944 +948 2 4 1002915337
a range +944 +948 2 4 1.17
a contact +945 +950 2 4 935821881
a range +945 +950 2 4 1.27
a contact +945 +950 2 4 848127007
a range +945 +950 2 4 1.33
a contact +945 +949 3 5 854391547
a range +945 +949 3 5 1.28
a contact +946 +948.8 2 4 1022977752
a range +946 +948.8 2 4 1.12
a contact +946 +949.8 3 5 938366362
a range +946 +949.8 3 5 1.25
a contact +947 +952 1 2 1061293584
a range +947 +952 1 2 0.12
a contact +949 +954 2 5 1164599885
a range +949 +954 2 5 1.25
a contact +950 +955 2 5 811263611
a range +950 +955 2 5 1.36
a contact +951 +953.8 3 5 1147667673
a range +951 +953.8 3 5 1.14
a contact +952 +995 4 6 983965301
a range +952 +995 4 6 0.13
a contact +954 +958 1 2 859541736
a range +954 +958 1 2 0.12
a contact +956 +960 2 5 865288497
a range +956 +960 2 5 1.26
a contact +957 +960.8 3 5 887441350
a range +957 +960.8 3 5 1.18
a contact +958 +963 3 5 895362874
a range +958 +963 3 5 1.22
a contact +959 +963 3 4 897355341
a range +959 +963 3 4 1.17
a contact +959 +963 3 4 1094123456
a range +959 +963 3 4 1.3
a contact +960 +965 2 4 1036792664
a range +960 +965 2 4 1.28
a contact +960 +964 3 5 1082280103
a range +960 +964 3 5 1.24
a contact +961 +965 1 2 908855656
a range +961 +965 1 2 0.12
a contact +961 +1000 4 5 918649454
a range +961 +1000 4 5 0.13
a contact +961 +1000 5 6 1094013400
a range +961 +1000 5 6 0.13
a contact +963 +967 1 3 875796177
a range +963 +967 1 3 0.12
a contact +964 +969 1 3 1119798421
a range +964 +969 1 3 0.12
a contact +965 +969 2 4 1053960049
a range +965 +969 2 4 1.29
a contact +966 +971 3 4 844902595
a range +966 +971 3 4 1.23
a contact +966 +971 3 4 1096830616
a range +966 +971 3 4 1.27
a contact +967 +970.8 3 5 1005880178
a range +967 +970.8 3 5 1.36
a contact +968 +972 2 5 1086583534
a range +968 +972 2 5 1.2
a contact +969 +974 2 3 1046685936
a range +969 +974 2 3 0.12
a contact +969 +974 2 5 1091954462
a range +969 +974 2 5 1.29
a contact +969 +1000 4 6 928000444
a range +969 +1000 4 6 0.13
a contact +970 +1000 4 6 1052713150
a range +970 +1000 4 6 0.13
a contact +973 +978 1 2 1158683553
a range +973 +978 1 2 0.12
a contact +974 +978 1 3 898636260
a range +974 +978 1 3 0.12
a contact +975 +980 2 3 846156718
a range +975 +980 2 3 0.12
a contact +975 +980 2 3 816236330
a range +975 +980 2 3 0.12
a contact +975 +980 2 3 899393401
a range +975 +980 2 3 0.12
a contact +981 +985 1 3 926795572
a range +981 +985 1 3 0.12
a contact +981 +986 1 3 906146714
a range +981 +986 1 3 0.12
a contact +981 +985 1 3 1077644360
a range +981 +985 1 3 0.12
a contact +981 +983.8 2 4 1064709293
a range +981 +983.8 2 4 1.28
a contact +982 +986 2 3 1196832772
a range +982 +986 2 3 0.12
a contact +983 +985.8 2 3 824293760
a range +983 +985.8 2 3 0.12
a contact +983 +986.8 2 3 1005068344
a range +983 +986.8 2 3 0.12
a contact +983 +988 1 3 1154422476
a range +983 +988 1 3 0.12
a contact +984 +986.8 1 2 958716842
a range +984 +986.8 1 2 0.12
a contact +986 +991 2 3 805945006
a range +986 +991 2 3 0.12
a contact +986 +990 2 5 1072822142
a range +986 +990 2 5 1.13
a contact +988 +992 1 2 1193103570
a range +988 +992 1 2 0.12
a contact +988 +993 2 3 804098653
a range +988 +993 2 3 0.12
a contact +988 +993 3 4 1001477076
a range +988 +993 3 4 1.12
a contact +989 +994 2 4 1031143583
a range +989 +994 2 4 1.19
a contact +992 +996 2 4 1021565062
a range +992 +996 2 4 1.22
a contact +992 +997 2 4 859741713
a range +992 +997 2 4 1.08
a contact +994 +997.8 3 5 1007379671
a range +994 +997.8 3 5 1.17
a contact +996 +1000 2 3 904424579
a range +996 +1000 2 3 0.12
a contact +998 +998.8 1 2 1175842035
a range +998 +998.8 1 2 0.12
a contact +998 +1000 2 5 851516572
a range +998 +1000 2 5 1.23
a contact +999 +1000 1 3 1018356073
a range +999 +1000 1 3 0.12
a contact +1000 +1000 3 4 1043256971
a range +1000 +1000 3 4 1.02

