m horizon +0
a contact +12 +70 1 3 961042543
a range +12 +70 1 3 0.12
a contact +14 +372 6 4 906345365
a range +14 +372 6 4 0.13
a contact +14 +66 2 5 1185307648
a range +14 +66 2 5 1.23
a contact +28 +79 2 1 832688961
a range +28 +79 2 1 0.12
a contact +66 +131 2 4 854666170
a range +66 +131 2 4 1.37
a contact +78 +465 4 5 950560861
a range +78 +465 4 5 0.13
a contact +85 +135 2 1 1159118404
a range +85 +135 2 1 0.12
a contact +86 +585.8 6 5 1035088028
a range +86 +585.8 6 5 0.13
a contact +97 +145 1 3 868375278
a range +97 +145 1 3 0.12
a contact +112 +511.8 4 6 1011821268
a range +112 +511.8 4 6 0.13
a contact +143 +204.8 4 3 822266714
a range +143 +204.8 4 3 1.32
a contact +144 +208 1 3 1041832712
a range +144 +208 1 3 0.12
a contact +145 +204 3 5 1156615728
a range +145 +204 3 5 1.08
a contact +160 +517 4 6 883014628
a range +160 +517 4 6 0.13
a contact +172 +647 4 6 1001423655
a range +172 +647 4 6 0.13
a contact +172 +657 4 5 1152225156
a range +172 +657 4 5 0.13
a contact +201 +260 3 4 1174546349
a range +201 +260 3 4 1.28
a contact +220 +268 5 2 919872918
a range +220 +268 5 2 1.21
a contact +225 +275 3 5 1130573472
a range +225 +275 3 5 1.34
a contact +225 +663 6 4 1126264402
a range +225 +663 6 4 0.13
a contact +242 +293 3 1 896928387
a range +242 +293 3 1 0.12
a contact +243 +292 2 3 1198319617
a range +243 +292 2 3 0.12
a contact +253 +313 3 1 807991745
a range +253 +313 3 1 0.12
a contact +265 +313 2 1 1090805340
a range +265 +313 2 1 0.12
a contact +272 +323.8 4 2 964375604
a range +272 +323.8 4 2 1.26
a contact +289 +345 5 3 909223062
a range +289 +345 5 3 1.19
a contact +293 +354.8 4 3 1180545671
a range +293 +354.8 4 3 1.31
a contact +312 +359 5 2 991679677
a range +312 +359 5 2 1.08
a contact +318 +378 5 2 1161526331
a range +318 +378 5 2 1.12
a contact +319 +792.8 6 4 960035471
a range +319 +792.8 6 4 0.13
a contact +324 +376 2 4 1026327608
a range +324 +376 2 4 1.17
a contact +342 +400.8 5 3 899503227
a range +342 +400.8 5 3 1.29
a contact +345 +397 3 4 874071062
a range +345 +397 3 4 1.25
a contact +351 +397 4 2 954774224
a range +351 +397 4 2 1.1
a contact +353 +830 6 5 865023105
a range +353 +830 6 5 0.13
a contact +364 +408 3 2 855435229
a range +364 +408 3 2 0.12
a contact +365 +425 3 4 858305308
a range +365 +425 3 4 1.09
a contact +374 +424 1 3 1082079515
a range +374 +424 1 3 0.12
a contact +390 +823 5 6 965917013
a range +390 +823 5 6 0.13
a contact +410 +464 1 2 1032368583
a range +410 +464 1 2 0.12
a contact +468 +532 5 3 842525986
a range +468 +532 5 3 1.08
a contact +486 +531 2 4 902425659
a range +486 +531 2 4 1.06
a contact +508 +562 3 5 1001888311
a range +508 +562 3 5 1.34
a contact +520 +578 5 3 886451360
a range +520 +578 5 3 1.31
a contact +540 +585 3 2 884238539
a range +540 +585 3 2 0.12
a contact +541 +936 5 4 1099758892
a range +541 +936 5 4 0.13
a contact +544 +596 3 2 816133321
a range +544 +596 3 2 0.12
a contact +551 +611 2 4 998977268
a range +551 +611 2 4 1.08
a contact +569 +622 4 2 835252751
a range +569 +622 4 2 1.11
a contact +580 +981 4 6 1073997460
a range +580 +981 4 6 0.13
a contact +631 +679.8 5 2 914286433
a range +631 +679.8 5 2 1.33
a contact +632 +690 2 5 855327218
a range +632 +690 2 5 1.19
a contact +640 +689 4 2 811328685
a range +640 +689 4 2 1.21
a contact +648 +701 4 2 1127979789
a range +648 +701 4 2 1.22
a contact +659 +717 2 3 920272043
a range +659 +717 2 3 0.12
a contact +665 +713 2 4 1122392243
a range +665 +713 2 4 1.03
a contact +668 +734 4 3 1133632318
a range +668 +734 4 3 1.05
a contact +676 +739 3 1 926162801
a range +676 +739 3 1 0.12
a contact +685 +740 3 1 841109661
a range +685 +740 3 1 0.12
a contact +689 +1093 5 4 958767748
a range +689 +1093 5 4 0.13
a contact +706 +759 4 2 942943444
a range +706 +759 4 2 1.02
a contact +714 +774 2 3 1077204618
a range +714 +774 2 3 0.12
a contact +746 +793 1 2 882611983
a range +746 +793 1 2 0.12
a contact +772 +1209.8 4 5 908954807
a range +772 +1209.8 4 5 0.13
a contact +791 +1269 4 6 1095556087
a range +791 +1269 4 6 0.13
a contact +793 +844 2 4 956911482
a range +793 +844 2 4 1.07
a contact +805 +1276 6 4 858322544
a range +805 +1276 6 4 0.13
a contact +814 +1222.8 4 5 1185902247
a range +814 +1222.8 4 5 0.13
a contact +814 +879 3 5 1069452776
a range +814 +879 3 5 1.11
a contact +818 +879.8 5 3 959555546
a range +818 +879.8 5 3 1.13
a contact +833 +896 4 2 913779184
a range +833 +896 4 2 1.09
a contact +843 +908 1 2 855863544
a range +843 +908 1 2 0.12
a contact +856 +912 2 4 854878973
a range +856 +912 2 4 1.22
a contact +861 +928 1 2 1093357954
a range +861 +928 1 2 0.12
a contact +867 +1322.8 5 4 1096619704
a range +867 +1322.8 5 4 0.13
a contact +886 +944 3 4 1026159840
a range +886 +944 3 4 1.06
a contact +892 +940 3 2 1124756528
a range +892 +940 3 2 0.12
a contact +922 +988 2 3 894314868
a range +922 +988 2 3 0.12
a contact +932 +1382.8 5 6 1093293311
a range +932 +1382.8 5 6 0.13
a contact +963 +1319 6 5 925025239
a range +963 +1319 6 5 0.13
a contact +997 +1043 2 4 831232749
a range +997 +1043 2 4 1.14
a contact +1002 +1054 1 2 969841269
a range +1002 +1054 1 2 0.12
a contact +1025 +1078.8 4 2 1193307073
a range +1025 +1078.8 4 2 1.16
a contact +1027 +1511 4 5 835478299
a range +1027 +1511 4 5 0.13
a contact +1028 +1079 4 3 1013683222
a range +1028 +1079 4 3 1.02
a contact +1048 +1111 3 1 836604958
a range +1048 +1111 3 1 0.12
a contact +1051 +1116 2 5 911513535
a range +1051 +1116 2 5 1.02
a contact +1058 +1462 4 5 1036579359
a range +1058 +1462 4 5 0.13
a contact +1064 +1118 5 2 939326840
a range +1064 +1118 5 2 1.14
a contact +1065 +1455 5 6 851868387
a range +1065 +1455 5 6 0.13
a contact +1082 +1127 2 3 1180221052
a range +1082 +1127 2 3 0.12
a contact +1085 +1572 6 4 1080536456
a range +1085 +1572 6 4 0.13
a contact +1108 +1158 2 5 939980436
a range +1108 +1158 2 5 1.19
a contact +1118 +1171 2 4 989381861
a range +1118 +1171 2 4 1.07
a contact +1189 +1247 2 3 842617094
a range +1189 +1247 2 3 0.12
a contact +1196 +1256 5 3 1090344395
a range +1196 +1256 5 3 1.23
a contact +1200 +1260 3 1 1186462415
a range +1200 +1260 3 1 0.12
a contact +1201 +1679 6 5 839409535
a range +1201 +1679 6 5 0.13
a contact +1206 +1268.8 4 2 922515124
a range +1206 +1268.8 4 2 1.16
a contact +1212 +1265 2 1 969976249
a range +1212 +1265 2 1 0.12
a contact +1239 +1604 5 4 956803413
a range +1239 +1604 5 4 0.13
a contact +1255 +1317.8 4 3 1192658767
a range +1255 +1317.8 4 3 1.12
a contact +1258 +1321 2 1 887058616
a range +1258 +1321 2 1 0.12
a contact +1261 +1327 2 5 1002150827
a range +1261 +1327 2 5 1.35
a contact +1268 +1313 1 3 1083529533
a range +1268 +1313 1 3 0.12
a contact +1279 +1726 5 4 941744153
a range +1279 +1726 5 4 0.13
a contact +1296 +1363 5 2 850786973
a range +1296 +1363 5 2 1.08
a contact +1305 +1369 3 5 884058201
a range +1305 +1369 3 5 1.36
a contact +1320 +1383.8 4 3 908974861
a range +1320 +1383.8 4 3 1.04
a contact +1332 +1387 1 2 1081408161
a range +1332 +1387 1 2 0.12
a contact +1333 +1801 6 4 1193832849
a range +1333 +1801 6 4 0.13
a contact +1334 +1396 1 3 1171214245
a range +1334 +1396 1 3 0.12
a contact +1335 +1400 2 1 1035972926
a range +1335 +1400 2 1 0.12
a contact +1336 +1401 5 2 1019871672
a range +1336 +1401 5 2 1.33
a contact +1353 +1405 2 3 1025217401
a range +1353 +1405 2 3 0.12
a contact +1357 +1403 2 3 1027208834
a range +1357 +1403 2 3 0.12
a contact +1398 +1454 3 5 1040157442
a range +1398 +1454 3 5 1.02
a contact +1409 +1474 2 4 1027051807
a range +1409 +1474 2 4 1.18
a contact +1429 +1477 2 4 1013269158
a range +1429 +1477 2 4 1.14
a contact +1431 +1485 1 3 836728223
a range +1431 +1485 1 3 0.12
a contact +1436 +1870.8 6 5 1133602720
a range +1436 +1870.8 6 5 0.13
a contact +1437 +1934 6 5 1177487883
a range +1437 +1934 6 5 0.13
a contact +1450 +1500 4 2 994079579
a range +1450 +1500 4 2 1.36
a contact +1451 +1505 4 3 1188787930
a range +1451 +1505 4 3 1.37
a contact +1464 +1529 2 3 1008662480
a range +1464 +1529 2 3 0.12
a contact +1471 +1524 2 1 852787976
a range +1471 +1524 2 1 0.12
a contact +1472 +1982 6 5 976598338
a range +1472 +1982 6 5 0.13
a contact +1479 +1538 1 3 835025911
a range +1479 +1538 1 3 0.12
a contact +1513 +1573 3 2 1037536006
a range +1513 +1573 3 2 0.12
a contact +1518 +1583 4 3 1016896114
a range +1518 +1583 4 3 1.11
a contact +1527 +1575 3 1 957495728
a range +1527 +1575 3 1 0.12
a contact +1534 +2005.8 5 4 938055273
a range +1534 +2005.8 5 4 0.13
a contact +1537 +1594 1 2 976906439
a range +1537 +1594 1 2 0.12
a contact +1545 +1600 2 5 1046016149
a range +1545 +1600 2 5 1.3
a contact +1561 +1626 3 4 993056012
a range +1561 +1626 3 4 1.27
a contact +1571 +1637 5 3 1002381643
a range +1571 +1637 5 3 1.29
a contact +1578 +2011 4 6 1031624255
a range +1578 +2011 4 6 0.13
a contact +1582 +1646 3 2 1053772725
a range +1582 +1646 3 2 0.12
a contact +1603 +1664 5 3 1188255975
a range +1603 +1664 5 3 1.21
a contact +1611 +1670 1 3 1180477011
a range +1611 +1670 1 3 0.12
a contact +1628 +2071 4 6 956030363
a range +1628 +2071 4 6 0.13
a contact +1635 +1684 2 4 1112547457
a range +1635 +1684 2 4 1.36
a contact +1651 +2089 4 6 947137740
a range +1651 +2089 4 6 0.13
a contact +1653 +2090.8 6 4 804701001
a range +1653 +2090.8 6 4 0.13
a contact +1655 +1714 2 5 814303240
a range +1655 +1714 2 5 1.16
a contact +1664 +1729 4 3 1105231861
a range +1664 +1729 4 3 1.1
a contact +1689 +1752 3 2 1054460423
a range +1689 +1752 3 2 0.12
a contact +1695 +1741 5 3 1057679903
a range +1695 +1741 5 3 1.1
a contact +1705 +2090 4 6 1080431274
a range +1705 +2090 4 6 0.13
a contact +1712 +1765 4 2 834563701
a range +1712 +1765 4 2 1.09
a contact +1751 +2160 6 5 931034281
a range +1751 +2160 6 5 0.13
a contact +1757 +2159.8 5 6 1140618317
a range +1757 +2159.8 5 6 0.13
a contact +1762 +2108.8 4 5 812890097
a range +1762 +2108.8 4 5 0.13
a contact +1770 +1822 2 1 994039837
a range +1770 +1822 2 1 0.12
a contact +1771 +2208 4 5 1122872850
a range +1771 +2208 4 5 0.13
a contact +1781 +1829 3 4 809294134
a range +1781 +1829 3 4 1.27
a contact +1781 +2267 4 5 1066783044
a range +1781 +2267 4 5 0.13
a contact +1790 +2267 6 4 1092677103
a range +1790 +2267 6 4 0.13
a contact +1809 +1855 4 2 1034602317
a range +1809 +1855 4 2 1.11
a contact +1836 +1888 2 5 1079784241
a range +1836 +1888 2 5 1.04
a contact +1840 +1903 1 2 859661634
a range +1840 +1903 1 2 0.12
a contact +1845 +1908 3 5 1032843771
a range +1845 +1908 3 5 1.21
a contact +1847 +2303.8 5 4 910116037
a range +1847 +2303.8 5 4 0.13
a contact +1849 +2329 4 6 1075238603
a range +1849 +2329 4 6 0.13
a contact +1876 +1927 2 3 939566721
a range +1876 +1927 2 3 0.12
a contact +1880 +1935 2 4 892842495
a range +1880 +1935 2 4 1.23
a contact +1881 +2248 6 5 1152265492
a range +1881 +2248 6 5 0.13
a contact +1904 +1959 1 3 893062062
a range +1904 +1959 1 3 0.12
a contact +1915 +1962.8 5 2 1084627150
a range +1915 +1962.8 5 2 1.29
a contact +1933 +1990 4 2 916878132
a range +1933 +1990 4 2 1.35
a contact +1974 +2472.8 5 4 1156107285
a range +1974 +2472.8 5 4 0.13
a contact +2000 +2062 3 4 1098627117
a range +2000 +2062 3 4 1.12
a contact +2001 +2066 3 5 814414603
a range +2001 +2066 3 5 1.36
a contact +2016 +2077 3 1 875707425
a range +2016 +2077 3 1 0.12
a contact +2018 +2399 6 5 946063685
a range +2018 +2399 6 5 0.13
a contact +2031 +2082.8 4 2 967542588
a range +2031 +2082.8 4 2 1.05
a contact +2042 +2088 3 4 876144329
a range +2042 +2088 3 4 1.26
a contact +2066 +2126 2 4 867901734
a range +2066 +2126 2 4 1.25
a contact +2073 +2132 4 2 1109963483
a range +2073 +2132 4 2 1.18
a contact +2076 +2126 5 2 902543456
a range +2076 +2126 5 2 1.24
a contact +2087 +2149.8 4 2 892033426
a range +2087 +2149.8 4 2 1.07
a contact +2089 +2149 5 2 917245162
a range +2089 +2149 5 2 1.32
a contact +2124 +2171 2 1 819881606
a range +2124 +2171 2 1 0.12
a contact +2156 +2221 1 3 1198394807
a range +2156 +2221 1 3 0.12
a contact +2173 +2221 1 2 892027991
a range +2173 +2221 1 2 0.12
a contact +2178 +2232.8 5 2 960005604
a range +2178 +2232.8 5 2 1.22
a contact +2179 +2232 1 3 839237623
a range +2179 +2232 1 3 0.12
a contact +2180 +2243 3 4 922902846
a range +2180 +2243 3 4 1.07
a contact +2182 +2620.8 6 4 847781301
a range +2182 +2620.8 6 4 0.13
a contact +2189 +2253 2 1 1059610126
a range +2189 +2253 2 1 0.12
a contact +2195 +2257 2 4 1068094185
a range +2195 +2257 2 4 1.38
a contact +2197 +2257 5 3 860876284
a range +2197 +2257 5 3 1.33
a contact +2210 +2277 2 3 1132278296
a range +2210 +2277 2 3 0.12
a contact +2211 +2561 5 4 1168404544
a range +2211 +2561 5 4 0.13
a contact +2223 +2269 1 3 926604566
a range +2223 +2269 1 3 0.12
a contact +2228 +2292 3 5 866064583
a range +2228 +2292 3 5 1.08
a contact +2228 +2282 3 4 1128637392
a range +2228 +2282 3 4 1.2
a contact +2229 +2605 6 4 978992599
a range +2229 +2605 6 4 0.13
a contact +2236 +2283 3 2 1028276993
a range +2236 +2283 3 2 0.12
a contact +2273 +2768 6 5 893812602
a range +2273 +2768 6 5 0.13
a contact +2275 +2340 2 3 1156309671
a range +2275 +2340 2 3 0.12
a contact +2280 +2336 3 5 1124801703
a range +2280 +2336 3 5 1.09
a contact +2281 +2345 3 4 871683527
a range +2281 +2345 3 4 1.12
a contact +2300 +2347 2 3 888771040
a range +2300 +2347 2 3 0.12
a contact +2338 +2401 5 3 826318225
a range +2338 +2401 5 3 1.32
a contact +2343 +2393 2 3 837465789
a range +2343 +2393 2 3 0.12
a contact +2349 +2403 3 2 875995596
a range +2349 +2403 3 2 0.12
a contact +2365 +2410 4 2 934908163
a range +2365 +2410 4 2 1.07
a contact +2370 +2422 2 3 1086318232
a range +2370 +2422 2 3 0.12
a contact +2376 +2422 4 2 1081524228
a range +2376 +2422 4 2 1.15
a contact +2385 +2438 5 3 898621212
a range +2385 +2438 5 3 1.16
a contact +2393 +2451 1 3 1199503727
a range +2393 +2451 1 3 0.12
a contact +2394 +2441 1 3 970191931
a range +2394 +2441 1 3 0.12
a contact +2420 +2470 1 3 1000794709
a range +2420 +2470 1 3 0.12
a contact +2423 +2472 2 1 831974955
a range +2423 +2472 2 1 0.12
a contact +2433 +2494 3 1 1144701868
a range +2433 +2494 3 1 0.12
a contact +2435 +2499 2 4 823826001
a range +2435 +2499 2 4 1.29
a contact +2442 +2949 4 6 1036958194
a range +2442 +2949 4 6 0.13
a contact +2474 +2534 4 2 1073695992
a range +2474 +2534 4 2 1.21
a contact +2478 +2533 2 3 1094096527
a range +2478 +2533 2 3 0.12
a contact +2485 +2545 4 3 815895129
a range +2485 +2545 4 3 1.27
a contact +2510 +2916 5 6 853670185
a range +2510 +2916 5 6 0.13
a contact +2516 +2570 2 4 1156045391
a range +2516 +2570 2 4 1.09
a contact +2516 +2972.8 4 5 1114701944
a range +2516 +2972.8 4 5 0.13
a contact +2532 +2993.8 5 6 905475322
a range +2532 +2993.8 5 6 0.13
a contact +2538 +2597 2 4 985417351
a range +2538 +2597 2 4 1.07
a contact +2555 +2621 2 3 1169265349
a range +2555 +2621 2 3 0.12
a contact +2555 +3071 6 4 1086272648
a range +2555 +3071 6 4 0.13
a contact +2570 +2616 2 5 886304728
a range +2570 +2616 2 5 1.21
a contact +2570 +2620 2 5 994615437
a range +2570 +2620 2 5 1.04
a contact +2576 +2931 5 6 1036779937
a range +2576 +2931 5 6 0.13
a contact +2576 +2988 5 4 844751847
a range +2576 +2988 5 4 0.13
a contact +2587 +2645 1 2 864507240
a range +2587 +2645 1 2 0.12
a contact +2595 +3086 4 5 868521314
a range +2595 +3086 4 5 0.13
a contact +2602 +3105.8 5 4 1180331403
a range +2602 +3105.8 5 4 0.13
a contact +2609 +3018 4 6 1054049551
a range +2609 +3018 4 6 0.13
a contact +2613 +2674 3 4 966132460
a range +2613 +2674 3 4 1.38
a contact +2617 +2665 1 2 866534916
a range +2617 +2665 1 2 0.12
a contact +2619 +2666 1 3 1096843044
a range +2619 +2666 1 3 0.12
a contact +2622 +2680.8 5 2 912244792
a range +2622 +2680.8 5 2 1.3
a contact +2622 +2685 4 3 820823893
a range +2622 +2685 4 3 1.27
a contact +2646 +3072 4 5 809053057
a range +2646 +3072 4 5 0.13
a contact +2650 +2697 4 3 1120657028
a range +2650 +2697 4 3 1.22
a contact +2682 +3145 6 4 1110292453
a range +2682 +3145 6 4 0.13
a contact +2686 +2737 2 3 923005315
a range +2686 +2737 2 3 0.12
a contact +2691 +2753 5 2 915158716
a range +2691 +2753 5 2 1.24
a contact +2696 +2741 3 1 1001482173
a range +2696 +2741 3 1 0.12
a contact +2706 +2772 1 2 847647807
a range +2706 +2772 1 2 0.12
a contact +2729 +3229 4 5 995681558
a range +2729 +3229 4 5 0.13
a contact +2755 +2817 3 5 929714079
a range +2755 +2817 3 5 1.03
a contact +2756 +2810.8 5 3 892696188
a range +2756 +2810.8 5 3 1.04
a contact +2765 +2812 2 5 1069596717
a range +2765 +2812 2 5 1.23
a contact +2799 +3277 5 4 952147201
a range +2799 +3277 5 4 0.13
a contact +2821 +3173 5 4 918089460
a range +2821 +3173 5 4 0.13
a contact +2823 +2870 1 2 1193396020
a range +2823 +2870 1 2 0.12
a contact +2833 +2891 4 2 1091171833
a range +2833 +2891 4 2 1.12
a contact +2841 +2898 4 3 1009370741
a range +2841 +2898 4 3 1.15
a contact +2850 +2912 3 4 945445557
a range +2850 +2912 3 4 1.08
a contact +2855 +2916 1 3 963481854
a range +2855 +2916 1 3 0.12
a contact +2861 +2921 1 2 845539891
a range +2861 +2921 1 2 0.12
a contact +2877 +2940 3 2 1043810242
a range +2877 +2940 3 2 0.12
a contact +2882 +2932 3 1 1182962419
a range +2882 +2932 3 1 0.12
a contact +2883 +2943.8 4 2 802974160
a range +2883 +2943.8 4 2 1.29
a contact +2885 +2930 3 1 1132542624
a range +2885 +2930 3 1 0.12
a contact +2905 +3418 6 4 1046823966
a range +2905 +3418 6 4 0.13
a contact +2905 +2969 2 3 1155694118
a range +2905 +2969 2 3 0.12
a contact +2934 +2990 2 1 800973565
a range +2934 +2990 2 1 0.12
a contact +2941 +3001 5 2 837684129
a range +2941 +3001 5 2 1.28
a contact +2959 +3007 2 1 880777000
a range +2959 +3007 2 1 0.12
a contact +2962 +3343 6 5 1031528372
a range +2962 +3343 6 5 0.13
a contact +2971 +3425 6 4 879415788
a range +2971 +3425 6 4 0.13
a contact +2986 +3040 3 1 1108014552
a range +2986 +3040 3 1 0.12
a contact +2990 +3406 4 5 1045944188
a range +2990 +3406 4 5 0.13
a contact +2990 +3498 5 4 876924033
a range +2990 +3498 5 4 0.13
a contact +2995 +3393 6 4 1051526143
a range +2995 +3393 6 4 0.13
a contact +3013 +3078 2 5 954909890
a range +3013 +3078 2 5 1.06
a contact +3016 +3079 2 1 900106397
a range +3016 +3079 2 1 0.12
a contact +3028 +3073 1 2 1016550069
a range +3028 +3073 1 2 0.12
a contact +3048 +3556 5 4 1154572107
a range +3048 +3556 5 4 0.13
a contact +3048 +3104 2 3 1109916611
a range +3048 +3104 2 3 0.12
a contact +3049 +3108 3 1 839883804
a range +3049 +3108 3 1 0.12
a contact +3051 +3109 4 3 1118539329
a range +3051 +3109 4 3 1.1
a contact +3055 +3514 6 5 957646281
a range +3055 +3514 6 5 0.13
a contact +3059 +3112 4 2 1016514990
a range +3059 +3112 4 2 1.12
a contact +3059 +3104 4 2 1047892670
a range +3059 +3104 4 2 1.36
a contact +3063 +3119 2 5 1040729559
a range +3063 +3119 2 5 1.35
a contact +3073 +3138 3 4 1187036017
a range +3073 +3138 3 4 1.24
a contact +3079 +3132 2 3 864194727
a range +3079 +3132 2 3 0.12
a contact +3080 +3560 6 5 930022092
a range +3080 +3560 6 5 0.13
a contact +3127 +3190.8 4 2 988648753
a range +3127 +3190.8 4 2 1.28
a contact +3133 +3193 1 2 828805268
a range +3133 +3193 1 2 0.12
a contact +3142 +3207 1 2 1088459258
a range +3142 +3207 1 2 0.12
a contact +3143 +3499.8 4 5 1056173294
a range +3143 +3499.8 4 5 0.13
a contact +3146 +3200 4 3 1056204214
a range +3146 +3200 4 3 1.24
a contact +3147 +3214 5 3 1082072199
a range +3147 +3214 5 3 1.19
a contact +3148 +3207 3 4 892174026
a range +3148 +3207 3 4 1.33
a contact +3154 +3205 1 3 931616686
a range +3154 +3205 1 3 0.12
a contact +3154 +3502 5 4 891178522
a range +3154 +3502 5 4 0.13
a contact +3165 +3220 5 3 1134705671
a range +3165 +3220 5 3 1.13
a contact +3168 +3672 6 4 1152294574
a range +3168 +3672 6 4 0.13
a contact +3183 +3245 3 1 880737411
a range +3183 +3245 3 1 0.12
a contact +3193 +3241.8 5 2 1133855328
a range +3193 +3241.8 5 2 1.33
a contact +3216 +3277 4 3 1044425897
a range +3216 +3277 4 3 1.38
a contact +3227 +3284 1 3 1145298478
a range +3227 +3284 1 3 0.12
a contact +3228 +3290 3 1 1057420563
a range +3228 +3290 3 1 0.12
a contact +3229 +3289 2 1 940269628
a range +3229 +3289 2 1 0.12
a contact +3231 +3278 4 3 1097036534
a range +3231 +3278 4 3 1.16
a contact +3238 +3284 5 2 993824676
a range +3238 +3284 5 2 1.22
a contact +3251 +3307 2 5 923554496
a range +3251 +3307 2 5 1.13
a contact +3253 +3313 1 3 1136402722
a range +3253 +3313 1 3 0.12
a contact +3254 +3741 6 5 904935322
a range +3254 +3741 6 5 0.13
a contact +3260 +3656 4 5 954138685
a range +3260 +3656 4 5 0.13
a contact +3268 +3326 4 2 1172258963
a range +3268 +3326 4 2 1.17
a contact +3273 +3739 4 5 823860266
a range +3273 +3739 4 5 0.13
a contact +3274 +3331 4 3 842843814
a range +3274 +3331 4 3 1.04
a contact +3274 +3340 4 3 930321924
a range +3274 +3340 4 3 1.38
a contact +3277 +3342 5 3 928050545
a range +3277 +3342 5 3 1.24
a contact +3297 +3362 3 1 1120250379
a range +3297 +3362 3 1 0.12
a contact +3305 +3748 5 4 825264307
a range +3305 +3748 5 4 0.13
a contact +3320 +3718 4 5 858871747
a range +3320 +3718 4 5 0.13
a contact +3333 +3398 3 1 952990136
a range +3333 +3398 3 1 0.12
a contact +3344 +3393 2 1 869706393
a range +3344 +3393 2 1 0.12
a contact +3349 +3398 4 2 1080572702
a range +3349 +3398 4 2 1.33
a contact +3359 +3420 3 1 877875556
a range +3359 +3420 3 1 0.12
a contact +3378 +3853 4 6 1029375418
a range +3378 +3853 4 6 0.13
a contact +3381 +3433 4 2 1072366144
a range +3381 +3433 4 2 1.36
a contact +3384 +3440 3 5 1197393378
a range +3384 +3440 3 5 1.13
a contact +3386 +3445 1 2 985272609
a range +3386 +3445 1 2 0.12
a contact +3397 +3806 6 5 891519312
a range +3397 +3806 6 5 0.13
a contact +3400 +3457 3 5 1129725194
a range +3400 +3457 3 5 1.21
a contact +3403 +3785.8 5 6 1050960775
a range +3403 +3785.8 5 6 0.13
a contact +3412 +3479 3 5 900846547
a range +3412 +3479 3 5 1.23
a contact +3421 +3468 1 2 1175599296
a range +3421 +3468 1 2 0.12
a contact +3442 +3497 1 3 1154774053
a range +3442 +3497 1 3 0.12
a contact +3454 +3517 4 3 901663070
a range +3454 +3517 4 3 1.1
a contact +3469 +3535 2 3 923530201
a range +3469 +3535 2 3 0.12
a contact +3477 +3834 4 6 983816492
a range +3477 +3834 4 6 0.13
a contact +3482 +3545 5 3 829018796
a range +3482 +3545 5 3 1.18
a contact +3484 +3952 4 6 1038344619
a range +3484 +3952 4 6 0.13
a contact +3490 +3556 2 3 845815107
a range +3490 +3556 2 3 0.12
a contact +3501 +3562 2 5 983252139
a range +3501 +3562 2 5 1.02
a contact +3502 +3559 2 5 1124190243
a range +3502 +3559 2 5 1.35
a contact +3503 +3906 5 4 991288477
a range +3503 +3906 5 4 0.13
a contact +3511 +3562.8 5 3 857464720
a range +3511 +3562.8 5 3 1.36
a contact +3514 +3578 2 3 808491802
a range +3514 +3578 2 3 0.12
a contact +3514 +3889 6 4 1045542038
a range +3514 +3889 6 4 0.13
a contact +3519 +3574 3 5 1026845993
a range +3519 +3574 3 5 1.21
a contact +3529 +3875 4 6 1092079670
a range +3529 +3875 4 6 0.13
a contact +3541 +4052 6 4 1180973010
a range +3541 +4052 6 4 0.13
a contact +3545 +3921 4 5 1143674830
a range +3545 +3921 4 5 0.13
a contact +3549 +3938.8 6 5 893612088
a range +3549 +3938.8 6 5 0.13
a contact +3550 +3983 6 4 1136377620
a range +3550 +3983 6 4 0.13
a contact +3551 +3617 3 4 1029776969
a range +3551 +3617 3 4 1.21
a contact +3552 +3614 1 2 1127545880
a range +3552 +3614 1 2 0.12
a contact +3553 +3602 5 3 947853310
a range +3553 +3602 5 3 1.19
a contact +3554 +3619 2 4 953639509
a range +3554 +3619 2 4 1.22
a contact +3565 +3623 3 4 1063011654
a range +3565 +3623 3 4 1.04
a contact +3575 +3620 3 5 856480270
a range +3575 +3620 3 5 1.07
a contact +3580 +3637.8 5 2 894756567
a range +3580 +3637.8 5 2 1.15
a contact +3605 +4072 5 4 949567735
a range +3605 +4072 5 4 0.13
a contact +3613 +3665 2 5 1028482167
a range +3613 +3665 2 5 1.34
a contact +3643 +3690 2 5 1068361621
a range +3643 +3690 2 5 1.3
a contact +3651 +3710.8 4 2 870935967
a range +3651 +3710.8 4 2 1.15
a contact +3658 +4172.8 6 5 991052711
a range +3658 +4172.8 6 5 0.13
a contact +3660 +3720 3 1 1026430503
a range +3660 +3720 3 1 0.12
a contact +3670 +4054.8 5 6 1056865288
a range +3670 +4054.8 5 6 0.13
a contact +3670 +3734 1 2 904613390
a range +3670 +3734 1 2 0.12
a contact +3682 +4059.8 5 4 1060258238
a range +3682 +4059.8 5 4 0.13
a contact +3702 +3766 5 2 1092964249
a range +3702 +3766 5 2 1.36
a contact +3704 +3753 2 5 823187523
a range +3704 +3753 2 5 1.08
a contact +3718 +3772.8 4 2 800547750
a range +3718 +3772.8 4 2 1.18
a contact +3734 +4164 6 4 848445264
a range +3734 +4164 6 4 0.13
a contact +3736 +3800 2 3 860628562
a range +3736 +3800 2 3 0.12
a contact +3746 +4175 4 5 1115262845
a range +3746 +4175 4 5 0.13
a contact +3766 +3817.8 4 2 873471219
a range +3766 +3817.8 4 2 1.32
a contact +3821 +4331 5 4 1078169170
a range +3821 +4331 5 4 0.13
a contact +3823 +3870 2 5 933097414
a range +3823 +3870 2 5 1.21
a contact +3842 +3901 3 5 847752900
a range +3842 +3901 3 5 1.32
a contact +3843 +4259.8 5 6 1017370060
a range +3843 +4259.8 5 6 0.13
a contact +3845 +3905 3 1 805322972
a range +3845 +3905 3 1 0.12
a contact +3846 +3897 2 3 1066125062
a range +3846 +3897 2 3 0.12
a contact +3867 +3932 3 4 1061677847
a range +3867 +3932 3 4 1.05
a contact +3867 +4311 5 4 993357453
a range +3867 +4311 5 4 0.13
a contact +3884 +3940 3 1 1066482047
a range +3884 +3940 3 1 0.12
a contact +3887 +3953 5 2 1042053249
a range +3887 +3953 5 2 1.2
a contact +3897 +4335 5 4 1178638653
a range +3897 +4335 5 4 0.13
a contact +3908 +3966.8 5 3 947303458
a range +3908 +3966.8 5 3 1.26
a contact +3909 +3965 3 5 1074307154
a range +3909 +3965 3 5 1.3
a contact +3912 +3978 2 3 1173416058
a range +3912 +3978 2 3 0.12
a contact +3934 +3985 1 3 1003988948
a range +3934 +3985 1 3 0.12
a contact +3938 +3991 3 1 874748822
a range +3938 +3991 3 1 0.12
a contact +3940 +4417 4 6 1145900040
a range +3940 +4417 4 6 0.13
a contact +3941 +3988 3 1 948374816
a range +3941 +3988 3 1 0.12
a contact +3954 +4356 5 4 1000980110
a range +3954 +4356 5 4 0.13
a contact +3955 +4004 4 3 829558738
a range +3955 +4004 4 3 1.32
a contact +3959 +4010 2 3 1159871510
a range +3959 +4010 2 3 0.12
a contact +3962 +4008 3 4 1194905071
a range +3962 +4008 3 4 1.37
a contact +3972 +4017 2 1 833821024
a range +3972 +4017 2 1 0.12
a contact +3993 +4054 2 1 989046458
a range +3993 +4054 2 1 0.12
a contact +3994 +4040 5 2 1028019490
a range +3994 +4040 5 2 1.29
a contact +4009 +4060 3 1 854036018
a range +4009 +4060 3 1 0.12
a contact +4020 +4075 2 1 1193397252
a range +4020 +4075 2 1 0.12
a contact +4033 +4094.8 5 2 849172652
a range +4033 +4094.8 5 2 1.18
a contact +4035 +4384 6 4 1092431523
a range +4035 +4384 6 4 0.13
a contact +4047 +4098.8 5 2 1010978393
a range +4047 +4098.8 5 2 1.2
a contact +4049 +4096 3 5 985855189
a range +4049 +4096 3 5 1.27
a contact +4071 +4498.8 4 5 1078323139
a range +4071 +4498.8 4 5 0.13
a contact +4081 +4140 2 1 1059530962
a range +4081 +4140 2 1 0.12
a contact +4082 +4134 3 2 1077616090
a range +4082 +4134 3 2 0.12
a contact +4082 +4525 5 4 988554176
a range +4082 +4525 5 4 0.13
a contact +4086 +4475 5 6 985228109
a range +4086 +4475 5 6 0.13
a contact +4092 +4605 6 4 1176896574
a range +4092 +4605 6 4 0.13
a contact +4102 +4554.8 6 4 807000467
a range +4102 +4554.8 6 4 0.13
a contact +4104 +4156 3 4 923460320
a range +4104 +4156 3 4 1.1
a contact +4106 +4165 1 3 887879885
a range +4106 +4165 1 3 0.12
a contact +4107 +4167 1 2 1008768073
a range +4107 +4167 1 2 0.12
a contact +4111 +4174 5 2 883772096
a range +4111 +4174 5 2 1.23
a contact +4111 +4175 1 2 922730910
a range +4111 +4175 1 2 0.12
a contact +4121 +4187 5 3 1050768451
a range +4121 +4187 5 3 1.11
a contact +4132 +4183 2 5 1171553597
a range +4132 +4183 2 5 1.32
a contact +4143 +4201 4 3 1075062608
a range +4143 +4201 4 3 1.03
a contact +4154 +4200 2 5 896598157
a range +4154 +4200 2 5 1.36
a contact +4156 +4204 3 4 910906722
a range +4156 +4204 3 4 1.29
a contact +4177 +4661.8 4 5 1077003579
a range +4177 +4661.8 4 5 0.13
a contact +4178 +4530 6 5 1051101568
a range +4178 +4530 6 5 0.13
a contact +4184 +4670 6 5 842704304
a range +4184 +4670 6 5 0.13
a contact +4188 +4248 2 4 812030179
a range +4188 +4248 2 4 1.19
a contact +4200 +4592 6 5 893225173
a range +4200 +4592 6 5 0.13
a contact +4202 +4670.8 6 5 864573281
a range +4202 +4670.8 6 5 0.13
a contact +4234 +4647.8 4 6 828714157
a range +4234 +4647.8 4 6 0.13
a contact +4249 +4306 1 2 1113473369
a range +4249 +4306 1 2 0.12
a contact +4262 +4315 4 2 860103705
a range +4262 +4315 4 2 1.33
a contact +4266 +4318 2 5 1119228287
a range +4266 +4318 2 5 1.3
a contact +4281 +4676.8 4 6 863842223
a range +4281 +4676.8 4 6 0.13
a contact +4291 +4356 2 3 931704646
a range +4291 +4356 2 3 0.12
a contact +4311 +4367 3 1 1008814035
a range +4311 +4367 3 1 0.12
a contact +4319 +4375 2 3 905222143
a range +4319 +4375 2 3 0.12
a contact +4324 +4768 4 5 956778539
a range +4324 +4768 4 5 0.13
a contact +4329 +4381 2 1 872098127
a range +4329 +4381 2 1 0.12
a contact +4363 +4407 2 4 911656186
a range +4363 +4407 2 4 1.27
a contact +4380 +4428 2 1 1132212849
a range +4380 +4428 2 1 0.12
a contact +4385 +4436 3 4 964097693
a range +4385 +4436 3 4 1.31
a contact +4393 +4890.8 4 6 902351725
a range +4393 +4890.8 4 6 0.13
a contact +4401 +4773.8 6 5 987677915
a range +4401 +4773.8 6 5 0.13
a contact +4406 +4463 3 2 935220002
a range +4406 +4463 3 2 0.12
a contact +4422 +4479 4 2 918506537
a range +4422 +4479 4 2 1.04
a contact +4448 +4511.8 5 3 1175236255
a range +4448 +4511.8 5 3 1.27
a contact +4461 +4875 4 5 879305609
a range +4461 +4875 4 5 0.13
a contact +4480 +4533 2 4 925667116
a range +4480 +4533 2 4 1.12
a contact +4483 +4927 6 5 1005215478
a range +4483 +4927 6 5 0.13
a contact +4490 +4965 5 4 1130428862
a range +4490 +4965 5 4 0.13
a contact +4493 +4556 3 5 1071709141
a range +4493 +4556 3 5 1.32
a contact +4518 +4933 4 6 1041572098
a range +4518 +4933 4 6 0.13
a contact +4523 +4573 3 2 1132375420
a range +4523 +4573 3 2 0.12
a contact +4524 +4578.8 4 2 988389286
a range +4524 +4578.8 4 2 1.25
a contact +4528 +4900 4 6 876724457
a range +4528 +4900 4 6 0.13
a contact +4544 +4610 3 1 1196894908
a range +4544 +4610 3 1 0.12
a contact +4552 +4614 4 3 1025002412
a range +4552 +4614 4 3 1.3
a contact +4553 +4948.8 4 5 886717883
a range +4553 +4948.8 4 5 0.13
a contact +4585 +5081 6 5 1145049994
a range +4585 +5081 6 5 0.13
a contact +4600 +4653 2 5 1038115253
a range +4600 +4653 2 5 1.37
a contact +4601 +4664 3 2 1064804105
a range +4601 +4664 3 2 0.12
a contact +4614 +5065.8 5 4 1122357793
a range +4614 +5065.8 5 4 0.13
a contact +4615 +4679 5 2 1018347050
a range +4615 +4679 5 2 1.12
a contact +4622 +4669 3 2 1131824099
a range +4622 +4669 3 2 0.12
a contact +4636 +5099 5 4 809905607
a range +4636 +5099 5 4 0.13
a contact +4653 +5075 5 4 900874073
a range +4653 +5075 5 4 0.13
a contact +4658 +5056.8 5 6 838246733
a range +4658 +5056.8 5 6 0.13
a contact +4660 +5152 5 6 858704168
a range +4660 +5152 5 6 0.13
a contact +4664 +4714 1 3 981135586
a range +4664 +4714 1 3 0.12
a contact +4666 +5179 4 6 1047509357
a range +4666 +5179 4 6 0.13
a contact +4670 +4720 2 3 1165790860
a range +4670 +4720 2 3 0.12
a contact +4673 +4730 3 5 876644249
a range +4673 +4730 3 5 1.11
a contact +4678 +5183.8 5 6 942492526
a range +4678 +5183.8 5 6 0.13
a contact +4679 +4733 1 3 1058914744
a range +4679 +4733 1 3 0.12
a contact +4693 +4743 1 2 1088837873
a range +4693 +4743 1 2 0.12
a contact +4696 +4762 1 2 869173715
a range +4696 +4762 1 2 0.12
a contact +4699 +4750 2 5 894226542
a range +4699 +4750 2 5 1.12
a contact +4711 +4761.8 4 3 826161865
a range +4711 +4761.8 4 3 1.13
a contact +4714 +4771 2 5 1179214102
a range +4714 +4771 2 5 1.34
a contact +4715 +4781 2 4 922570924
a range +4715 +4781 2 4 1.14
a contact +4716 +4768 5 2 869180885
a range +4716 +4768 5 2 1.13
a contact +4718 +4774 1 3 821207195
a range +4718 +4774 1 3 0.12
a contact +4723 +4785 3 2 994545536
a range +4723 +4785 3 2 0.12
a contact +4731 +4787 2 3 945673132
a range +4731 +4787 2 3 0.12
a contact +4738 +4788 2 5 879205024
a range +4738 +4788 2 5 1.24
a contact +4758 +5152 4 5 874969887
a range +4758 +5152 4 5 0.13
a contact +4768 +4830 5 3 957801671
a range +4768 +4830 5 3 1.11
a contact +4771 +5239 5 6 1079704355
a range +4771 +5239 5 6 0.13
a contact +4773 +4818 5 2 805623932
a range +4773 +4818 5 2 1.11
a contact +4806 +4868 5 3 1039318770
a range +4806 +4868 5 3 1.2
a contact +4824 +4886 3 2 1027912598
a range +4824 +4886 3 2 0.12
a contact +4835 +4888.8 4 3 1060724322
a range +4835 +4888.8 4 3 1.38
a contact +4837 +4883 4 2 853001223
a range +4837 +4883 4 2 1.19
a contact +4844 +5339.8 5 4 1121631335
a range +4844 +5339.8 5 4 0.13
a contact +4846 +5360.8 4 6 841409362
a range +4846 +5360.8 4 6 0.13
a contact +4847 +4907 2 3 1023023486
a range +4847 +4907 2 3 0.12
a contact +4860 +4920 5 3 1104735485
a range +4860 +4920 5 3 1.21
a contact +4863 +4912 3 2 1013258279
a range +4863 +4912 3 2 0.12
a contact +4880 +4944 3 2 881855606
a range +4880 +4944 3 2 0.12
a contact +4886 +5318 6 5 1011473641
a range +4886 +5318 6 5 0.13
a contact +4892 +4943.8 5 2 946102849
a range +4892 +4943.8 5 2 1.09
a contact +4944 +5004 1 3 937788219
a range +4944 +5004 1 3 0.12
a contact +4952 +5012 2 4 1131365610
a range +4952 +5012 2 4 1.03
a contact +4954 +5005 3 2 976016778
a range +4954 +5005 3 2 0.12
a contact +4956 +5000 2 5 868792704
a range +4956 +5000 2 5 1.31
a contact +4968 +5382.8 4 6 1058116920
a range +4968 +5382.8 4 6 0.13
a contact +4975 +5443 6 4 1140267124
a range +4975 +5443 6 4 0.13
a contact +4981 +5043 3 2 993891721
a range +4981 +5043 3 2 0.12
a contact +4982 +5344 6 5 939025248
a range +4982 +5344 6 5 0.13
a contact +4990 +5039 1 3 914709309
a range +4990 +5039 1 3 0.12
a contact +4994 +5409 4 6 1141537816
a range +4994 +5409 4 6 0.13
a contact +5020 +5072 4 3 935847460
a range +5020 +5072 4 3 1.02
a contact +5021 +5528 5 4 969896404
a range +5021 +5528 5 4 0.13
a contact +5034 +5078 1 3 953095553
a range +5034 +5078 1 3 0.12
a contact +5040 +5439.8 6 5 949896543
a range +5040 +5439.8 6 5 0.13
a contact +5041 +5530.8 6 5 1134769919
a range +5041 +5530.8 6 5 0.13
a contact +5057 +5499 6 5 1082592090
a range +5057 +5499 6 5 0.13
a contact +5060 +5112 3 1 816003761
a range +5060 +5112 3 1 0.12
a contact +5079 +5126 3 5 940126754
a range +5079 +5126 3 5 1.08
a contact +5098 +5162 4 2 1097939847
a range +5098 +5162 4 2 1.2
a contact +5112 +5170 4 3 1151372504
a range +5112 +5170 4 3 1.27
a contact +5142 +5203 2 4 1185796703
a range +5142 +5203 2 4 1.35
a contact +5146 +5200 2 5 1026551669
a range +5146 +5200 2 5 1.08
a contact +5162 +5209 5 2 843832031
a range +5162 +5209 5 2 1.13
a contact +5164 +5222 2 3 821816268
a range +5164 +5222 2 3 0.12
a contact +5165 +5213 2 5 834580495
a range +5165 +5213 2 5 1.22
a contact +5174 +5241 2 1 1060506802
a range +5174 +5241 2 1 0.12
a contact +5189 +5249 1 2 1038705724
a range +5189 +5249 1 2 0.12
a contact +5196 +5542.8 6 5 916291539
a range +5196 +5542.8 6 5 0.13
a contact +5197 +5262 2 4 1069601942
a range +5197 +5262 2 4 1.34
a contact +5202 +5266 2 4 899568047
a range +5202 +5266 2 4 1.33
a contact +5208 +5556 5 6 807664823
a range +5208 +5556 5 6 0.13
a contact +5230 +5282 4 3 1069500512
a range +5230 +5282 4 3 1.36
a contact +5230 +5285 1 3 1031902014
a range +5230 +5285 1 3 0.12
a contact +5243 +5299 1 3 902311915
a range +5243 +5299 1 3 0.12
a contact +5246 +5300 3 2 1088001835
a range +5246 +5300 3 2 0.12
a contact +5247 +5305 4 3 956651594
a range +5247 +5305 4 3 1.3
a contact +5267 +5315 3 1 860342633
a range +5267 +5315 3 1 0.12
a contact +5277 +5340 3 1 899189981
a range +5277 +5340 3 1 0.12
a contact +5279 +5791.8 4 5 1049290864
a range +5279 +5791.8 4 5 0.13
a contact +5288 +5692 6 4 1126041295
a range +5288 +5692 6 4 0.13
a contact +5290 +5339 3 1 800209232
a range +5290 +5339 3 1 0.12
a contact +5291 +5349.8 5 3 907357004
a range +5291 +5349.8 5 3 1.19
a contact +5303 +5362 5 2 954275756
a range +5303 +5362 5 2 1.15
a contact +5307 +5354 2 3 851408467
a range +5307 +5354 2 3 0.12
a contact +5318 +5382 2 5 832770387
a range +5318 +5382 2 5 1.28
a contact +5327 +5393 3 5 916463091
a range +5327 +5393 3 5 1.15
a contact +5348 +5848 5 4 1133493441
a range +5348 +5848 5 4 0.13
a contact +5357 +5421 3 5 851229378
a range +5357 +5421 3 5 1.25
a contact +5364 +5430 4 2 1132702632
a range +5364 +5430 4 2 1.1
a contact +5385 +5869.8 4 6 983012976
a range +5385 +5869.8 4 6 0.13
a contact +5392 +5455 2 5 900203366
a range +5392 +5455 2 5 1.1
a contact +5395 +5812.8 4 5 1105338276
a range +5395 +5812.8 4 5 0.13
a contact +5409 +5456 3 5 955746549
a range +5409 +5456 3 5 1.13
a contact +5416 +5480 1 3 1041992450
a range +5416 +5480 1 3 0.12
a contact +5417 +5827 5 6 875573102
a range +5417 +5827 5 6 0.13
a contact +5418 +5480 3 4 1069112044
a range +5418 +5480 3 4 1.29
a contact +5419 +5483 3 4 815218753
a range +5419 +5483 3 4 1.13
a contact +5454 +5518 1 2 1059427370
a range +5454 +5518 1 2 0.12
a contact +5454 +5858 4 6 956874037
a range +5454 +5858 4 6 0.13
a contact +5454 +5502 1 3 947935734
a range +5454 +5502 1 3 0.12
a contact +5456 +5515 3 1 1143935702
a range +5456 +5515 3 1 0.12
a contact +5471 +5535 2 1 1199675704
a range +5471 +5535 2 1 0.12
a contact +5490 +5866 4 5 844358238
a range +5490 +5866 4 5 0.13
a contact +5495 +5550 4 3 1056705096
a range +5495 +5550 4 3 1.14
a contact +5497 +5559 3 5 971098328
a range +5497 +5559 3 5 1.23
a contact +5516 +5583 3 2 828479222
a range +5516 +5583 3 2 0.12
a contact +5560 +5607 2 5 828852246
a range +5560 +5607 2 5 1.02
a contact +5560 +6016.8 6 5 1149214124
a range +5560 +6016.8 6 5 0.13
a contact +5561 +5619 2 5 954791344
a range +5561 +5619 2 5 1.07
a contact +5563 +6052 4 5 1013784058
a range +5563 +6052 4 5 0.13
a contact +5571 +5632 5 2 985896677
a range +5571 +5632 5 2 1.03
a contact +5575 +5626 3 5 1168354139
a range +5575 +5626 3 5 1.15
a contact +5581 +6066.8 4 5 975461154
a range +5581 +6066.8 4 5 0.13
a contact +5588 +5644 2 1 1068066615
a range +5588 +5644 2 1 0.12
a contact +5590 +5649 2 5 890492889
a range +5590 +5649 2 5 1.24
a contact +5599 +6090 5 4 820870742
a range +5599 +6090 5 4 0.13
a contact +5599 +5656 2 3 825588998
a range +5599 +5656 2 3 0.12
a contact +5634 +5685 3 1 1120603642
a range +5634 +5685 3 1 0.12
a contact +5658 +5709 2 5 810081445
a range +5658 +5709 2 5 1.24
a contact +5669 +5718 3 5 949640260
a range +5669 +5718 3 5 1.21
a contact +5684 +6058 6 4 910177606
a range +5684 +6058 6 4 0.13
a contact +5690 +5753 2 4 982869093
a range +5690 +5753 2 4 1.19
a contact +5706 +5762 5 2 1028789153
a range +5706 +5762 5 2 1.36
a contact +5733 +5786 5 2 1099344016
a range +5733 +5786 5 2 1.27
a contact +5742 +5792 1 3 1144893579
a range +5742 +5792 1 3 0.12
a contact +5754 +6129.8 6 5 1005725804
a range +5754 +6129.8 6 5 0.13
a contact +5763 +6223 4 5 977221700
a range +5763 +6223 4 5 0.13
a contact +5781 +6136 6 5 1012701876
a range +5781 +6136 6 5 0.13
a contact +5797 +6240 4 6 908819878
a range +5797 +6240 4 6 0.13
a contact +5805 +5857 3 5 974628783
a range +5805 +5857 3 5 1.29
a contact +5814 +5867 3 2 1143230551
a range +5814 +5867 3 2 0.12
a contact +5816 +6239.8 6 5 1051296124
a range +5816 +6239.8 6 5 0.13
a contact +5824 +5880 1 2 898757858
a range +5824 +5880 1 2 0.12
a contact +5828 +5886 3 2 983875769
a range +5828 +5886 3 2 0.12
a contact +5829 +6191.8 6 4 826455284
a range +5829 +6191.8 6 4 0.13
a contact +5832 +6336 5 4 1033704696
a range +5832 +6336 5 4 0.13
a contact +5838 +6285.8 5 4 963738147
a range +5838 +6285.8 5 4 0.13
a contact +5840 +5898 2 1 815917990
a range +5840 +5898 2 1 0.12
a contact +5854 +5905 1 2 1109082345
a range +5854 +5905 1 2 0.12
a contact +5856 +5916 2 5 846639892
a range +5856 +5916 2 5 1.09
a contact +5861 +5921 3 5 968706355
a range +5861 +5921 3 5 1.1
a contact +5861 +5914 3 1 1197851779
a range +5861 +5914 3 1 0.12
a contact +5891 +6249 4 5 879525084
a range +5891 +6249 4 5 0.13
a contact +5898 +5946 3 4 1068114478
a range +5898 +5946 3 4 1.08
a contact +5911 +5956 4 3 1127180656
a range +5911 +5956 4 3 1.04
a contact +5934 +5991 3 2 812208620
a range +5934 +5991 3 2 0.12
a contact +5954 +6364 6 5 1177986690
a range +5954 +6364 6 5 0.13
a contact +5969 +6019.8 5 3 837089417
a range +5969 +6019.8 5 3 1.34
a contact +5982 +6417.8 4 6 833434646
a range +5982 +6417.8 4 6 0.13
a contact +5983 +6038 3 2 1040443153
a range +5983 +6038 3 2 0.12
a contact +5991 +6054 2 3 1092708543
a range +5991 +6054 2 3 0.12
a contact +6010 +6519.8 4 5 826026585
a range +6010 +6519.8 4 5 0.13
a contact +6037 +6083 3 2 1040134940
a range +6037 +6083 3 2 0.12
a contact +6043 +6095 2 3 980515636
a range +6043 +6095 2 3 0.12
a contact +6050 +6095 2 3 868379317
a range +6050 +6095 2 3 0.12
a contact +6050 +6099 2 3 1048320936
a range +6050 +6099 2 3 0.12
a contact +6058 +6122.8 5 2 1133816622
a range +6058 +6122.8 5 2 1.33
a contact +6066 +6129 1 3 926520528
a range +6066 +6129 1 3 0.12
a contact +6080 +6137 3 4 950388919
a range +6080 +6137 3 4 1.13
a contact +6104 +6534.8 4 6 1137606232
a range +6104 +6534.8 4 6 0.13
a contact +6105 +6164 2 3 962387448
a range +6105 +6164 2 3 0.12
a contact +6106 +6149.8 5 3 957426876
a range +6106 +6149.8 5 3 1.26
a contact +6108 +6172 3 4 1111459741
a range +6108 +6172 3 4 1.36
a contact +6114 +6160 3 1 991308916
a range +6114 +6160 3 1 0.12
a contact +6118 +6505 5 4 1050371970
a range +6118 +6505 5 4 0.13
a contact +6125 +6642 4 5 1020579418
a range +6125 +6642 4 5 0.13
a contact +6126 +6181 3 2 1022073065
a range +6126 +6181 3 2 0.12
a contact +6144 +6211 5 2 841558030
a range +6144 +6211 5 2 1.19
a contact +6155 +6213 5 3 802701392
a range +6155 +6213 5 3 1.13
a contact +6159 +6594 5 6 1063912940
a range +6159 +6594 5 6 0.13
a contact +6175 +6241 2 1 991757131
a range +6175 +6241 2 1 0.12
a contact +6189 +6246 2 1 988788842
a range +6189 +6246 2 1 0.12
a contact +6191 +6236 3 4 918717131
a range +6191 +6236 3 4 1.26
a contact +6224 +6667 4 5 907272341
a range +6224 +6667 4 5 0.13
a contact +6232 +6286 3 1 1133914822
a range +6232 +6286 3 1 0.12
a contact +6234 +6688 4 6 1027887494
a range +6234 +6688 4 6 0.13
a contact +6234 +6719 5 4 1105818366
a range +6234 +6719 5 4 0.13
a contact +6251 +6313 4 3 1111185368
a range +6251 +6313 4 3 1.3
a contact +6296 +6356 2 4 1090555170
a range +6296 +6356 2 4 1.08
a contact +6304 +6365 1 3 988775263
a range +6304 +6365 1 3 0.12
a contact +6307 +6373 4 2 1199957370
a range +6307 +6373 4 2 1.26
a contact +6315 +6376.8 5 2 1072609447
a range +6315 +6376.8 5 2 1.2
a contact +6321 +6380 1 3 868774284
a range +6321 +6380 1 3 0.12
a contact +6333 +6387 5 2 1164898695
a range +6333 +6387 5 2 1.35
a contact +6377 +6829.8 5 4 1139561701
a range +6377 +6829.8 5 4 0.13
a contact +6382 +6437.8 5 2 1173958808
a range +6382 +6437.8 5 2 1.15
a contact +6384 +6836.8 5 4 936987412
a range +6384 +6836.8 5 4 0.13
a contact +6392 +6437 3 5 825620938
a range +6392 +6437 3 5 1.35
a contact +6399 +6461 3 1 857156935
a range +6399 +6461 3 1 0.12
a contact +6414 +6460 2 4 819435679
a range +6414 +6460 2 4 1.31
a contact +6423 +6468 3 1 1075578330
a range +6423 +6468 3 1 0.12
a contact +6442 +6496 4 2 1135359725
a range +6442 +6496 4 2 1.06
a contact +6444 +6495 2 5 1040816784
a range +6444 +6495 2 5 1.31
a contact +6460 +6506 4 3 864647018
a range +6460 +6506 4 3 1.22
a contact +6477 +6845 6 4 1148132864
a range +6477 +6845 6 4 0.13
a contact +6483 +6897 4 6 1022515417
a range +6483 +6897 4 6 0.13
a contact +6501 +6564 3 2 918324244
a range +6501 +6564 3 2 0.12
a contact +6517 +6866 5 6 1154022404
a range +6517 +6866 5 6 0.13
a contact +6517 +6579 2 1 1111413531
a range +6517 +6579 2 1 0.12
a contact +6518 +6578 3 5 862801480
a range +6518 +6578 3 5 1.05
a contact +6520 +6579 3 4 1046640954
a range +6520 +6579 3 4 1.23
a contact +6535 +6600 3 5 1176120749
a range +6535 +6600 3 5 1.16
a contact +6538 +6589 2 5 1013937082
a range +6538 +6589 2 5 1.23
a contact +6552 +7034 4 6 1118700045
a range +6552 +7034 4 6 0.13
a contact +6560 +6940.8 6 4 1146753822
a range +6560 +6940.8 6 4 0.13
a contact +6586 +6644 2 4 1116389604
a range +6586 +6644 2 4 1.06
a contact +6595 +6655 1 3 1018861832
a range +6595 +6655 1 3 0.12
a contact +6607 +7043 5 6 1024607488
a range +6607 +7043 5 6 0.13
a contact +6620 +6677 2 5 1158651161
a range +6620 +6677 2 5 1.38
a contact +6637 +6686 4 3 993550373
a range +6637 +6686 4 3 1.19
a contact +6642 +6698 3 2 862742039
a range +6642 +6698 3 2 0.12
a contact +6644 +6703.8 5 3 842639807
a range +6644 +6703.8 5 3 1.23
a contact +6651 +6697 1 2 899321881
a range +6651 +6697 1 2 0.12
a contact +6652 +6718 1 3 905858992
a range +6652 +6718 1 3 0.12
a contact +6676 +6727 2 3 924157970
a range +6676 +6727 2 3 0.12
a contact +6684 +6750 3 1 1150071414
a range +6684 +6750 3 1 0.12
a contact +6686 +7161 5 6 929123172
a range +6686 +7161 5 6 0.13
a contact +6708 +6757 1 2 1166782061
a range +6708 +6757 1 2 0.12
a contact +6708 +6759 2 5 979961480
a range +6708 +6759 2 5 1.13
a contact +6709 +6761 2 3 1047550414
a range +6709 +6761 2 3 0.12
a contact +6734 +6780 2 1 1106533881
a range +6734 +6780 2 1 0.12
a contact +6753 +6803 2 1 1079852692
a range +6753 +6803 2 1 0.12
a contact +6760 +6814 4 3 1166587167
a range +6760 +6814 4 3 1.27
a contact +6764 +7173.8 6 5 1186405131
a range +6764 +7173.8 6 5 0.13
a contact +6765 +6822 1 2 1107584695
a range +6765 +6822 1 2 0.12
a contact +6770 +7288 6 4 857996929
a range +6770 +7288 6 4 0.13
a contact +6790 +6849 3 4 1004048728
a range +6790 +6849 3 4 1.06
a contact +6792 +7190 6 4 857152399
a range +6792 +7190 6 4 0.13
a contact +6794 +7192 6 4 1151187728
a range +6794 +7192 6 4 0.13
a contact +6802 +6867 2 5 1146927849
a range +6802 +6867 2 5 1.21
a contact +6827 +6877 3 5 1161812085
a range +6827 +6877 3 5 1.18
a contact +6838 +6893 2 5 942334547
a range +6838 +6893 2 5 1.37
a contact +6848 +6911 3 1 922537422
a range +6848 +6911 3 1 0.12
a contact +6855 +6900 2 3 1198573453
a range +6855 +6900 2 3 0.12
a contact +6862 +6907 2 5 1187517467
a range +6862 +6907 2 5 1.18
a contact +6871 +6926 2 4 1169241015
a range +6871 +6926 2 4 1.23
a contact +6882 +6945 2 5 872296651
a range +6882 +6945 2 5 1.12
a contact +6887 +7267 6 4 1145175647
a range +6887 +7267 6 4 0.13
a contact +6903 +6962 3 4 932220054
a range +6903 +6962 3 4 1.24
a contact +6917 +6961 2 1 924737986
a range +6917 +6961 2 1 0.12
a contact +6918 +6966 2 1 812016405
a range +6918 +6966 2 1 0.12
a contact +6920 +6977 1 2 933200155
a range +6920 +6977 1 2 0.12
a contact +6933 +6978 3 4 1182742230
a range +6933 +6978 3 4 1.12
a contact +6939 +7299 4 6 866007213
a range +6939 +7299 4 6 0.13
a contact +6944 +7001 2 3 920087943
a range +6944 +7001 2 3 0.12
a contact +6962 +7011 3 5 1026822903
a range +6962 +7011 3 5 1.31
a contact +6970 +7421.8 5 4 801623110
a range +6970 +7421.8 5 4 0.13
a contact +6973 +7037 3 1 1137886570
a range +6973 +7037 3 1 0.12
a contact +6986 +7039.8 4 3 979829643
a range +6986 +7039.8 4 3 1.14
a contact +7006 +7051 2 3 873020197
a range +7006 +7051 2 3 0.12
a contact +7008 +7072 3 2 1021483497
a range +7008 +7072 3 2 0.12
a contact +7018 +7491 6 4 1189869544
a range +7018 +7491 6 4 0.13
a contact +7024 +7071 2 3 998775704
a range +7024 +7071 2 3 0.12
a contact +7028 +7088 4 3 985925254
a range +7028 +7088 4 3 1.24
a contact +7038 +7100 4 3 875507221
a range +7038 +7100 4 3 1.33
a contact +7056 +7103 2 5 1162628631
a range +7056 +7103 2 5 1.3
a contact +7062 +7123 3 1 825436620
a range +7062 +7123 3 1 0.12
a contact +7069 +7501 6 4 1129516010
a range +7069 +7501 6 4 0.13
a contact +7096 +7163 1 2 928149588
a range +7096 +7163 1 2 0.12
a contact +7114 +7574.8 4 6 1110489811
a range +7114 +7574.8 4 6 0.13
a contact +7120 +7176 3 2 1051892611
a range +7120 +7176 3 2 0.12
a contact +7122 +7187 3 2 1007548441
a range +7122 +7187 3 2 0.12
a contact +7124 +7180 3 4 1157303393
a range +7124 +7180 3 4 1.08
a contact +7132 +7196 4 2 872243228
a range +7132 +7196 4 2 1.14
a contact +7164 +7224 2 4 879227665
a range +7164 +7224 2 4 1.26
a contact +7164 +7211 3 2 1070740249
a range +7164 +7211 3 2 0.12
a contact +7165 +7229 4 2 1184810124
a range +7165 +7229 4 2 1.21
a contact +7183 +7234 4 3 880287993
a range +7183 +7234 4 3 1.11
a contact +7187 +7237 2 3 973709888
a range +7187 +7237 2 3 0.12
a contact +7209 +7660 5 4 868457924
a range +7209 +7660 5 4 0.13
a contact +7219 +7271.8 5 3 1143532413
a range +7219 +7271.8 5 3 1.03
a contact +7232 +7292 4 3 800610619
a range +7232 +7292 4 3 1.09
a contact +7246 +7702.8 5 4 907760851
a range +7246 +7702.8 5 4 0.13
a contact +7284 +7337 4 3 1003315938
a range +7284 +7337 4 3 1.35
a contact +7291 +7674 6 5 1057215047
a range +7291 +7674 6 5 0.13
a contact +7293 +7338 3 1 1192365845
a range +7293 +7338 3 1 0.12
a contact +7295 +7347 3 2 980853438
a range +7295 +7347 3 2 0.12
a contact +7302 +7364 4 2 983243570
a range +7302 +7364 4 2 1.34
a contact +7302 +7348 1 3 1152397995
a range +7302 +7348 1 3 0.12
a contact +7317 +7378 3 1 1160548029
a range +7317 +7378 3 1 0.12
a contact +7337 +7788.8 5 6 1127299855
a range +7337 +7788.8 5 6 0.13
a contact +7340 +7397 1 3 838765002
a range +7340 +7397 1 3 0.12
a contact +7342 +7767.8 5 4 901432112
a range +7342 +7767.8 5 4 0.13
a contact +7350 +7404 2 1 856050854
a range +7350 +7404 2 1 0.12
a contact +7370 +7837.8 4 6 1078836407
a range +7370 +7837.8 4 6 0.13
a contact +7381 +7426 2 4 941280136
a range +7381 +7426 2 4 1.13
a contact +7406 +7456 3 4 864235292
a range +7406 +7456 3 4 1.38
a contact +7415 +7474 5 2 984120270
a range +7415 +7474 5 2 1.19
a contact +7432 +7491 2 5 1122622272
a range +7432 +7491 2 5 1.05
a contact +7438 +7875 4 5 869439753
a range +7438 +7875 4 5 0.13
a contact +7440 +7494.8 4 2 1099391232
a range +7440 +7494.8 4 2 1.28
a contact +7444 +7489 4 3 988759867
a range +7444 +7489 4 3 1.17
a contact +7446 +7498.8 5 3 895833751
a range +7446 +7498.8 5 3 1.33
a contact +7449 +7495.8 5 2 969046028
a range +7449 +7495.8 5 2 1.38
a contact +7453 +7517 1 3 1087565875
a range +7453 +7517 1 3 0.12
a contact +7470 +7826 6 5 835554169
a range +7470 +7826 6 5 0.13
a contact +7478 +7545 5 2 980008392
a range +7478 +7545 5 2 1.22
a contact +7499 +7562 2 3 1198009100
a range +7499 +7562 2 3 0.12
a contact +7505 +7557 5 3 822709822
a range +7505 +7557 5 3 1.25
a contact +7507 +7885 5 6 1166818509
a range +7507 +7885 5 6 0.13
a contact +7537 +7948 6 5 911901537
a range +7537 +7948 6 5 0.13
a contact +7542 +7588.8 4 3 1114156764
a range +7542 +7588.8 4 3 1.08
a contact +7582 +8038 5 6 848629210
a range +7582 +8038 5 6 0.13
a contact +7612 +7668 3 2 1125101065
a range +7612 +7668 3 2 0.12
a contact +7646 +8109.8 4 6 890493400
a range +7646 +8109.8 4 6 0.13
a contact +7664 +7711 2 4 1097132849
a range +7664 +7711 2 4 1.19
a contact +7665 +8175 5 6 923702345
a range +7665 +8175 5 6 0.13
a contact +7671 +7731 2 3 890113578
a range +7671 +7731 2 3 0.12
a contact +7672 +7726 2 5 1085533891
a range +7672 +7726 2 5 1.16
a contact +7682 +7747 1 2 1044255246
a range +7682 +7747 1 2 0.12
a contact +7695 +7752 3 2 854162163
a range +7695 +7752 3 2 0.12
a contact +7707 +7758 5 2 935430946
a range +7707 +7758 5 2 1.13
a contact +7713 +7762 3 4 1053910713
a range +7713 +7762 3 4 1.2
a contact +7716 +7762 1 3 809530378
a range +7716 +7762 1 3 0.12
a contact +7721 +7786 3 5 1068301000
a range +7721 +7786 3 5 1.05
a contact +7722 +7787 2 4 1100914142
a range +7722 +7787 2 4 1.14
a contact +7724 +7770 1 2 837026456
a range +7724 +7770 1 2 0.12
a contact +7741 +7791 3 1 848999034
a range +7741 +7791 3 1 0.12
a contact +7772 +7835 3 5 963677389
a range +7772 +7835 3 5 1.28
a contact +7797 +7858 1 3 1095985873
a range +7797 +7858 1 3 0.12
a contact +7804 +7851 5 2 947575489
a range +7804 +7851 5 2 1.34
a contact +7808 +8251 6 5 840325434
a range +7808 +8251 6 5 0.13
a contact +7817 +7862 3 2 990551010
a range +7817 +7862 3 2 0.12
a contact +7821 +7886 4 2 889417868
a range +7821 +7886 4 2 1.2
a contact +7844 +7895.8 5 3 1127164446
a range +7844 +7895.8 5 3 1.21
a contact +7870 +8277 5 6 989971112
a range +7870 +8277 5 6 0.13
a contact +7872 +7924 2 3 1083295629
a range +7872 +7924 2 3 0.12
a contact +7877 +8367.8 6 5 1100796201
a range +7877 +8367.8 6 5 0.13
a contact +7878 +7930 2 1 1029706255
a range +7878 +7930 2 1 0.12
a contact +7880 +7944 2 4 1101298292
a range +7880 +7944 2 4 1.22
a contact +7888 +8314 6 5 837184891
a range +7888 +8314 6 5 0.13
a contact +7907 +7956 3 2 1091718097
a range +7907 +7956 3 2 0.12
a contact +7918 +7975 2 1 852206753
a range +7918 +7975 2 1 0.12
a contact +7933 +7999 2 3 1086705020
a range +7933 +7999 2 3 0.12
a contact +7934 +8382.8 6 5 867794271
a range +7934 +8382.8 6 5 0.13
a contact +7934 +8406.8 6 5 1197476583
a range +7934 +8406.8 6 5 0.13
a contact +7939 +8328 6 5 821653708
a range +7939 +8328 6 5 0.13
a contact +7944 +7993 3 1 1094432131
a range +7944 +7993 3 1 0.12
a contact +7945 +7993 4 3 1180227671
a range +7945 +7993 4 3 1.09
a contact +7956 +8016 3 2 964545535
a range +7956 +8016 3 2 0.12
a contact +7957 +8023 2 3 901625009
a range +7957 +8023 2 3 0.12
a contact +7990 +8040 5 3 924038716
a range +7990 +8040 5 3 1.04
a contact +7991 +8470 5 4 1037284790
a range +7991 +8470 5 4 0.13
a contact +7999 +8048 2 1 821455439
a range +7999 +8048 2 1 0.12
a contact +8002 +8051 2 4 1198089198
a range +8002 +8051 2 4 1.17
a contact +8004 +8048.8 5 2 908172066
a range +8004 +8048.8 5 2 1.29
a contact +8007 +8059 1 2 881588300
a range +8007 +8059 1 2 0.12
a contact +8007 +8505 4 6 824971983
a range +8007 +8505 4 6 0.13
a contact +8039 +8413 5 6 1153641770
a range +8039 +8413 5 6 0.13
a contact +8042 +8495 5 4 1039662536
a range +8042 +8495 5 4 0.13
a contact +8053 +8113 2 5 1060269277
a range +8053 +8113 2 5 1.1
a contact +8058 +8477.8 4 5 896520520
a range +8058 +8477.8 4 5 0.13
a contact +8068 +8119 2 3 1116757372
a range +8068 +8119 2 3 0.12
a contact +8070 +8135 2 5 1152477534
a range +8070 +8135 2 5 1.38
a contact +8072 +8136 3 4 1152710622
a range +8072 +8136 3 4 1.36
a contact +8079 +8138 3 4 873622203
a range +8079 +8138 3 4 1.28
a contact +8086 +8130 3 4 939260073
a range +8086 +8130 3 4 1.27
a contact +8105 +8160 2 4 1104593835
a range +8105 +8160 2 4 1.08
a contact +8107 +8154 2 1 1089280324
a range +8107 +8154 2 1 0.12
a contact +8116 +8495 6 5 1182543102
a range +8116 +8495 6 5 0.13
a contact +8117 +8164 4 2 948067629
a range +8117 +8164 4 2 1.2
a contact +8147 +8201 3 5 808593550
a range +8147 +8201 3 5 1.13
a contact +8162 +8219 4 2 1015261150
a range +8162 +8219 4 2 1.3
a contact +8174 +8223 3 4 1070997886
a range +8174 +8223 3 4 1.3
a contact +8190 +8235 2 1 856919447
a range +8190 +8235 2 1 0.12
a contact +8195 +8255 2 5 925604705
a range +8195 +8255 2 5 1.19
a contact +8220 +8263.8 5 2 859155214
a range +8220 +8263.8 5 2 1.33
a contact +8222 +8287 3 4 922218750
a range +8222 +8287 3 4 1.06
a contact +8233 +8293.8 4 2 1159171457
a range +8233 +8293.8 4 2 1.13
a contact +8236 +8297 2 3 810576750
a range +8236 +8297 2 3 0.12
a contact +8244 +8730 4 5 1151073191
a range +8244 +8730 4 5 0.13
a contact +8275 +8320 2 5 1157787799
a range +8275 +8320 2 5 1.2
a contact +8277 +8734.8 4 5 955217204
a range +8277 +8734.8 4 5 0.13
a contact +8281 +8674.8 4 6 1050391699
a range +8281 +8674.8 4 6 0.13
a contact +8289 +8336 2 3 934304281
a range +8289 +8336 2 3 0.12
a contact +8289 +8343 3 2 1128472793
a range +8289 +8343 3 2 0.12
a contact +8295 +8342.8 5 2 862772925
a range +8295 +8342.8 5 2 1.3
a contact +8301 +8350 1 3 1123299651
a range +8301 +8350 1 3 0.12
a contact +8314 +8726.8 4 6 1193855704
a range +8314 +8726.8 4 6 0.13
a contact +8330 +8375 5 2 1175142414
a range +8330 +8375 5 2 1.35
a contact +8332 +8381 3 5 825647279
a range +8332 +8381 3 5 1.02
a contact +8333 +8381 2 3 1072671326
a range +8333 +8381 2 3 0.12
a contact +8342 +8389 2 4 1133825481
a range +8342 +8389 2 4 1.22
a contact +8343 +8693 5 6 1122948638
a range +8343 +8693 5 6 0.13
a contact +8344 +8820.8 5 6 1098319495
a range +8344 +8820.8 5 6 0.13
a contact +8353 +8746 4 5 997773150
a range +8353 +8746 4 5 0.13
a contact +8353 +8412 4 3 922589146
a range +8353 +8412 4 3 1.22
a contact +8363 +8419 2 1 982317574
a range +8363 +8419 2 1 0.12
a contact +8380 +8429.8 4 3 1131157947
a range +8380 +8429.8 4 3 1.27
a contact +8385 +8435 3 1 1048599413
a range +8385 +8435 3 1 0.12
a contact +8393 +8765 4 5 922881811
a range +8393 +8765 4 5 0.13
a contact +8400 +8465 1 2 1044262888
a range +8400 +8465 1 2 0.12
a contact +8414 +8474 3 4 1051071646
a range +8414 +8474 3 4 1.12
a contact +8417 +8844 6 5 849003156
a range +8417 +8844 6 5 0.13
a contact +8434 +8482 2 5 1156487797
a range +8434 +8482 2 5 1.24
a contact +8453 +8509.8 4 3 1126244191
a range +8453 +8509.8 4 3 1.21
a contact +8466 +8513 1 2 1141972157
a range +8466 +8513 1 2 0.12
a contact +8469 +8519 2 1 1196397753
a range +8469 +8519 2 1 0.12
a contact +8489 +8889.8 6 4 952705078
a range +8489 +8889.8 6 4 0.13
a contact +8492 +8550 5 2 948850441
a range +8492 +8550 5 2 1.05
a contact +8492 +8889 5 4 987656316
a range +8492 +8889 5 4 0.13
a contact +8502 +8551 4 3 1011870775
a range +8502 +8551 4 3 1.07
a contact +8517 +8578 1 2 866071672
a range +8517 +8578 1 2 0.12
a contact +8521 +8569 2 5 960330778
a range +8521 +8569 2 5 1.2
a contact +8537 +8591 4 3 1074685818
a range +8537 +8591 4 3 1.36
a contact +8543 +8603 5 2 866440046
a range +8543 +8603 5 2 1.1
a contact +8549 +8615 1 2 1114807459
a range +8549 +8615 1 2 0.12
a contact +8551 +8976 4 6 957848240
a range +8551 +8976 4 6 0.13
a contact +8554 +8618.8 5 3 1196181879
a range +8554 +8618.8 5 3 1.22
a contact +8561 +8612 2 5 1038751197
a range +8561 +8612 2 5 1.29
a contact +8567 +9034 6 4 819624147
a range +8567 +9034 6 4 0.13
a contact +8572 +8951 5 4 885030296
a range +8572 +8951 5 4 0.13
a contact +8586 +8640 2 4 998037721
a range +8586 +8640 2 4 1.25
a contact +8599 +8975.8 5 6 885583594
a range +8599 +8975.8 5 6 0.13
a contact +8601 +8645 2 3 1097919197
a range +8601 +8645 2 3 0.12
a contact +8613 +8658.8 5 3 1151486910
a range +8613 +8658.8 5 3 1.29
a contact +8613 +8998 4 6 880042721
a range +8613 +8998 4 6 0.13
a contact +8647 +8704 3 4 973120760
a range +8647 +8704 3 4 1.24
a contact +8668 +9036 4 6 1090848526
a range +8668 +9036 4 6 0.13
a contact +8676 +8726 3 2 969573164
a range +8676 +8726 3 2 0.12
a contact +8677 +8723 2 5 1080866163
a range +8677 +8723 2 5 1.18
a contact +8693 +8744 3 1 1030899090
a range +8693 +8744 3 1 0.12
a contact +8698 +8758 2 1 997940891
a range +8698 +8758 2 1 0.12
a contact +8700 +9066 5 6 879476256
a range +8700 +9066 5 6 0.13
a contact +8705 +8766 3 2 816672420
a range +8705 +8766 3 2 0.12
a contact +8707 +8767 2 5 983443959
a range +8707 +8767 2 5 1.31
a contact +8719 +8773 2 1 1134523862
a range +8719 +8773 2 1 0.12
a contact +8734 +8780 3 2 1095561321
a range +8734 +8780 3 2 0.12
a contact +8742 +8791 4 2 1062622909
a range +8742 +8791 4 2 1.04
a contact +8743 +8798.8 4 2 988567199
a range +8743 +8798.8 4 2 1.25
a contact +8767 +9207.8 6 4 1031347345
a range +8767 +9207.8 6 4 0.13
a contact +8802 +8865 1 3 887918742
a range +8802 +8865 1 3 0.12
a contact +8816 +8879 4 3 1009431416
a range +8816 +8879 4 3 1.25
a contact +8843 +8905 3 1 1153600378
a range +8843 +8905 3 1 0.12
a contact +8856 +8904 4 2 1147028637
a range +8856 +8904 4 2 1.08
a contact +8858 +8924 1 2 954109230
a range +8858 +8924 1 2 0.12
a contact +8859 +8912 3 5 1131052742
a range +8859 +8912 3 5 1.25
a contact +8867 +8933 1 3 1158031075
a range +8867 +8933 1 3 0.12
a contact +8869 +8918 5 2 806809251
a range +8869 +8918 5 2 1.14
a contact +8869 +9267.8 6 4 1115636157
a range +8869 +9267.8 6 4 0.13
a contact +8888 +8939 3 5 1161044732
a range +8888 +8939 3 5 1.23
a contact +8893 +8951 1 3 1043901602
a range +8893 +8951 1 3 0.12
a contact +8910 +8966 3 5 1182907750
a range +8910 +8966 3 5 1.35
a contact +8911 +8972 2 3 834212749
a range +8911 +8972 2 3 0.12
a contact +8973 +9019 3 1 1152957607
a range +8973 +9019 3 1 0.12
a contact +9005 +9509 6 5 989855110
a range +9005 +9509 6 5 0.13
a contact +9023 +9087.8 4 2 1126941248
a range +9023 +9087.8 4 2 1.37
a contact +9025 +9380 6 4 967973011
a range +9025 +9380 6 4 0.13
a contact +9032 +9510 6 5 1021393419
a range +9032 +9510 6 5 0.13
a contact +9037 +9511 6 4 849456955
a range +9037 +9511 6 4 0.13
a contact +9052 +9103 4 3 911535652
a range +9052 +9103 4 3 1.27
a contact +9061 +9453.8 4 5 1177147048
a range +9061 +9453.8 4 5 0.13
a contact +9080 +9142 2 3 893493098
a range +9080 +9142 2 3 0.12
a contact +9110 +9157 2 4 831771319
a range +9110 +9157 2 4 1.17
a contact +9111 +9165 3 1 982174931
a range +9111 +9165 3 1 0.12
a contact +9116 +9161.8 4 3 981222076
a range +9116 +9161.8 4 3 1.1
a contact +9119 +9475 5 4 810062318
a range +9119 +9475 5 4 0.13
a contact +9128 +9561 4 6 1003014507
a range +9128 +9561 4 6 0.13
a contact +9142 +9201 5 2 937778114
a range +9142 +9201 5 2 1.12
a contact +9142 +9200 2 5 1133848026
a range +9142 +9200 2 5 1.05
a contact +9147 +9505 5 6 1197209290
a range +9147 +9505 5 6 0.13
a contact +9149 +9213 3 4 1152468535
a range +9149 +9213 3 4 1.19
a contact +9152 +9214 1 2 856324351
a range +9152 +9214 1 2 0.12
a contact +9178 +9551 5 6 802166257
a range +9178 +9551 5 6 0.13
a contact +9178 +9241 4 3 804306787
a range +9178 +9241 4 3 1.24
a contact +9198 +9243 5 3 858691334
a range +9198 +9243 5 3 1.28
a contact +9199 +9260 4 3 1146460782
a range +9199 +9260 4 3 1.24
a contact +9199 +9256 2 3 1185599043
a range +9199 +9256 2 3 0.12
a contact +9200 +9569.8 4 5 1124000031
a range +9200 +9569.8 4 5 0.13
a contact +9205 +9263 3 1 1196326192
a range +9205 +9263 3 1 0.12
a contact +9209 +9262 2 4 1155423180
a range +9209 +9262 2 4 1.34
a contact +9232 +9711 5 4 1122240165
a range +9232 +9711 5 4 0.13
a contact +9249 +9298 4 2 859450916
a range +9249 +9298 4 2 1.28
a contact +9265 +9310 2 3 936573083
a range +9265 +9310 2 3 0.12
a contact +9265 +9706 6 4 1176083664
a range +9265 +9706 6 4 0.13
a contact +9271 +9337 2 4 980925064
a range +9271 +9337 2 4 1.32
a contact +9292 +9337 2 1 1146891248
a range +9292 +9337 2 1 0.12
a contact +9331 +9376 1 2 1111176781
a range +9331 +9376 1 2 0.12
a contact +9334 +9395 3 4 1064754732
a range +9334 +9395 3 4 1.35
a contact +9364 +9422 2 1 956038242
a range +9364 +9422 2 1 0.12
a contact +9373 +9824 4 5 802850634
a range +9373 +9824 4 5 0.13
a contact +9391 +9446 2 4 1080945699
a range +9391 +9446 2 4 1.05
a contact +9391 +9454 2 3 811199450
a range +9391 +9454 2 3 0.12
a contact +9393 +9819 5 4 845033527
a range +9393 +9819 5 4 0.13
a contact +9397 +9754 6 4 1026644395
a range +9397 +9754 6 4 0.13
a contact +9415 +9474 2 3 1043334693
a range +9415 +9474 2 3 0.12
a contact +9420 +9472 5 2 839351079
a range +9420 +9472 5 2 1.13
a contact +9426 +9860 6 4 901312680
a range +9426 +9860 6 4 0.13
a contact +9433 +9495 5 3 1134457861
a range +9433 +9495 5 3 1.1
a contact +9460 +9526 5 3 823341195
a range +9460 +9526 5 3 1.02
a contact +9475 +9541 2 4 1051518097
a range +9475 +9541 2 4 1.22
a contact +9482 +9529.8 4 3 893378100
a range +9482 +9529.8 4 3 1.12
a contact +9492 +9552 2 4 823336317
a range +9492 +9552 2 4 1.32
a contact +9497 +9934 5 4 1146282738
a range +9497 +9934 5 4 0.13
a contact +9506 +9573 2 4 1089801169
a range +9506 +9573 2 4 1.06
a contact +9507 +9560 3 1 1103779681
a range +9507 +9560 3 1 0.12
a contact +9511 +9577 1 3 801009952
a range +9511 +9577 1 3 0.12
a contact +9512 +9569 2 4 1008225898
a range +9512 +9569 2 4 1.35
a contact +9549 +9601 3 5 1128301538
a range +9549 +9601 3 5 1.27
a contact +9549 +9599 2 4 813522709
a range +9549 +9599 2 4 1.19
a contact +9564 +9621.8 5 3 979731122
a range +9564 +9621.8 5 3 1.03
a contact +9569 +10000 4 5 1050633049
a range +9569 +10000 4 5 0.13
a contact +9597 +9658 2 1 811469274
a range +9597 +9658 2 1 0.12
a contact +9598 +10000 4 6 957499383
a range +9598 +10000 4 6 0.13
a contact +9599 +9647 2 4 931668086
a range +9599 +9647 2 4 1.37
a contact +9615 +10000 4 6 1196107160
a range +9615 +10000 4 6 0.13
a contact +9620 +9678.8 5 2 1109357055
a range +9620 +9678.8 5 2 1.28
a contact +9637 +10000 4 6 947213792
a range +9637 +10000 4 6 0.13
a contact +9640 +9691 4 3 1179888970
a range +9640 +9691 4 3 1.24
a contact +9645 +9690 2 3 1102905084
a range +9645 +9690 2 3 0.12
a contact +9667 +10000 5 6 1148499055
a range +9667 +10000 5 6 0.13
a contact +9696 +9750 1 3 920895477
a range +9696 +9750 1 3 0.12
a contact +9705 +9767 2 5 975825647
a range +9705 +9767 2 5 1.12
a contact +9717 +9998.8 4 5 921382589
a range +9717 +9998.8 4 5 0.13
a contact +9717 +9774 2 4 925028761
a range +9717 +9774 2 4 1.27
a contact +9719 +9770 4 2 1104791093
a range +9719 +9770 4 2 1.14
a contact +9724 +9998.8 4 6 1067245102
a range +9724 +9998.8 4 6 0.13
a contact +9725 +9773 5 2 968056409
a range +9725 +9773 5 2 1.12
a contact +9726 +9784 4 2 1137437031
a range +9726 +9784 4 2 1.36
a contact +9770 +9832 5 3 1134265311
a range +9770 +9832 5 3 1.04
a contact +9780 +9828 3 5 997274257
a range +9780 +9828 3 5 1.12
a contact +9802 +9850 3 4 854092221
a range +9802 +9850 3 4 1.14
a contact +9805 +9866 3 5 989042679
a range +9805 +9866 3 5 1.14
a contact +9824 +9872 2 4 1093872412
a range +9824 +9872 2 4 1.09
a contact +9836 +9891 3 1 1076637934
a range +9836 +9891 3 1 0.12
a contact +9839 +9891 4 2 828006440
a range +9839 +9891 4 2 1.19
a contact +9842 +10000 4 6 1010672541
a range +9842 +10000 4 6 0.13
a contact +9846 +10000 4 5 1119569909
a range +9846 +10000 4 5 0.13
a contact +9857 +9916 2 5 1045720176
a range +9857 +9916 2 5 1.07
a contact +9878 +9943 3 5 1052642924
a range +9878 +9943 3 5 1.37
a contact +9885 +9932 2 1 1155889213
a range +9885 +9932 2 1 0.12
a contact +9923 +9968 1 2 919974120
a range +9923 +9968 1 2 0.12
a contact +9927 +10000 4 5 1013980802
a range +9927 +10000 4 5 0.13
a contact +9946 +10000 4 2 819096307
a range +9946 +10000 4 2 1.35
a contact +9949 +10000 6 5 979505381
a range +9949 +10000 6 5 0.13
a contact +9950 +10000 4 6 1066694967
a range +9950 +10000 4 6 0.13
a contact +9986 +10000 4 5 1197670218
a range +9986 +10000 4 5 0.13
a contact +9989 +10000 5 2 1047415253
a range +9989 +10000 5 2 1.27

