m horizon +0
a contact +8 +63 1 2 1088484352
a range +8 +63 1 2 0.12
a contact +13 +69 4 5 1159255330
a range +13 +69 4 5 0.13
a contact +16 +76 2 4 860137788
a range +16 +76 2 4 1.15
a contact +27 +90 5 2 921718018
a range +27 +90 5 2 1.13
a contact +43 +112 3 5 878197768
a range +43 +112 3 5 1.04
a contact +46 +107.8 3 2 999855928
a range +46 +107.8 3 2 0.12
a contact +46 +103.8 3 5 1085429488
a range +46 +103.8 3 5 1.24
a contact +48 +108.8 3 2 1128974104
a range +48 +108.8 3 2 0.12
a contact +53 +102 4 2 830090825
a range +53 +102 4 2 1.05
a contact +56 +120 5 2 976323069
a range +56 +120 5 2 1.32
a contact +57 +110 5 4 964031091
a range +57 +110 5 4 0.13
a contact +63 +122 6 4 1136540639
a range +63 +122 6 4 0.13
a contact +64 +116 3 4 1004347074
a range +64 +116 3 4 1.03
a contact +67 +123 3 4 883615572
a range +67 +123 3 4 1.11
a contact +69 +139 2 1 898622777
a range +69 +139 2 1 0.12
a contact +79 +132 2 5 917965537
a range +79 +132 2 5 1.2
a contact +82 +151 4 2 895600796
a range +82 +151 4 2 1.32
a contact +84 +138 2 4 1015168502
a range +84 +138 2 4 1.34
a contact +85 +143 3 1 830306566
a range +85 +143 3 1 0.12
a contact +85 +133 4 6 1199229179
a range +85 +133 4 6 0.13
a contact +88 +157 3 5 1005532157
a range +88 +157 3 5 1.13
a contact +89 +150 5 4 978188295
a range +89 +150 5 4 0.13
a contact +91 +159 4 3 1098720494
a range +91 +159 4 3 1.07
a contact +97 +150 3 4 838585670
a range +97 +150 3 4 1.2
a contact +101 +165 4 6 1198678046
a range +101 +165 4 6 0.13
a contact +114 +173 1 3 890657268
a range +114 +173 1 3 0.12
a contact +118 +170 6 5 1073136684
a range +118 +170 6 5 0.13
a contact +121 +185.8 3 5 988110456
a range +121 +185.8 3 5 1.32
a contact +125 +188 4 6 1094001846
a range +125 +188 4 6 0.13
a contact +129 +181 6 4 1023240004
a range +129 +181 6 4 0.13
a contact +131 +177.8 2 3 1130188507
a range +131 +177.8 2 3 0.12
a contact +138 +209 4 3 851013384
a range +138 +209 4 3 1.27
a contact +150 +216 5 6 1033765859
a range +150 +216 5 6 0.13
a contact +155 +209 5 3 984089882
a range +155 +209 5 3 1.34
a contact +157 +218 3 5 1135256722
a range +157 +218 3 5 1.13
a contact +164 +235 5 4 986587124
a range +164 +235 5 4 0.13
a contact +169 +221 4 6 931479375
a range +169 +221 4 6 0.13
a contact +170 +222 5 4 1195625927
a range +170 +222 5 4 0.13
a contact +173 +241 5 4 1037413049
a range +173 +241 5 4 0.13
a contact +173 +221 6 4 819091794
a range +173 +221 6 4 0.13
a contact +174 +232 2 3 861843547
a range +174 +232 2 3 0.12
a contact +176 +244 5 4 823796298
a range +176 +244 5 4 0.13
a contact +180 +236 6 5 926579524
a range +180 +236 6 5 0.13
a contact +181 +237 2 3 957869365
a range +181 +237 2 3 0.12
a contact +183 +236 2 5 931680126
a range +183 +236 2 5 1.32
a contact +187 +251 2 5 972253764
a range +187 +251 2 5 1.11
a contact +189 +239 2 3 1122236768
a range +189 +239 2 3 0.12
a contact +196 +266 2 5 1089384586
a range +196 +266 2 5 1.18
a contact +198 +249 6 5 962383737
a range +198 +249 6 5 0.13
a contact +204 +265 4 2 892863605
a range +204 +265 4 2 1.11
a contact +210 +261 2 3 924034789
a range +210 +261 2 3 0.12
a contact +210 +270 6 5 921804204
a range +210 +270 6 5 0.13
a contact +211 +268.8 1 2 940776243
a range +211 +268.8 1 2 0.12
a contact +212 +279 1 3 802613013
a range +212 +279 1 3 0.12
a contact +212 +268 2 5 964757100
a range +212 +268 2 5 1.05
a contact +218 +268 2 1 904071920
a range +218 +268 2 1 0.12
a contact +219 +274 1 3 1039378815
a range +219 +274 1 3 0.12
a contact +219 +268 3 1 880297321
a range +219 +268 3 1 0.12
a contact +223 +272.8 3 1 1094882255
a range +223 +272.8 3 1 0.12
a contact +223 +276 4 2 1012097937
a range +223 +276 4 2 1.16
a contact +223 +282 4 6 940376936
a range +223 +282 4 6 0.13
a contact +231 +284 2 3 929583116
a range +231 +284 2 3 0.12
a contact +232 +280 3 5 889720613
a range +232 +280 3 5 1.16
a contact +235 +289 6 5 1048178719
a range +235 +289 6 5 0.13
a contact +238 +289 1 3 846043757
a range +238 +289 1 3 0.12
a contact +238 +288.8 1 3 1149880661
a range +238 +288.8 1 3 0.12
a contact +238 +288 1 3 882088912
a range +238 +288 1 3 0.12
a contact +240 +298 5 4 1132532744
a range +240 +298 5 4 0.13
a contact +241 +305 4 6 1024515774
a range +241 +305 4 6 0.13
a contact +250 +305 3 4 1053908741
a range +250 +305 3 4 1.17
a contact +252 +313 4 2 1019410886
a range +252 +313 4 2 1.23
a contact +258 +311 5 3 910422687
a range +258 +311 5 3 1.18
a contact +258 +320 6 4 943968926
a range +258 +320 6 4 0.13
a contact +260 +320 4 6 889890711
a range +260 +320 4 6 0.13
a contact +274 +332 6 4 860679697
a range +274 +332 6 4 0.13
a contact +277 +345 2 4 1125790320
a range +277 +345 2 4 1.21
a contact +277 +338 6 4 1170674851
a range +277 +338 6 4 0.13
a contact +289 +343 5 3 1079916365
a range +289 +343 5 3 1.03
a contact +297 +348 3 2 1090365515
a range +297 +348 3 2 0.12
a contact +297 +363 5 2 1194550277
a range +297 +363 5 2 1.24
a contact +304 +357 1 3 1001194904
a range +304 +357 1 3 0.12
a contact +311 +359 3 1 1163267534
a range +311 +359 3 1 0.12
a contact +313 +367.8 3 4 1175796777
a range +313 +367.8 3 4 1.18
a contact +314 +381 4 6 835357465
a range +314 +381 4 6 0.13
a contact +320 +380.8 2 4 1016452151
a range +320 +380.8 2 4 1.04
a contact +322 +376 6 4 843393211
a range +322 +376 6 4 0.13
a contact +323 +388 5 2 1177012695
a range +323 +388 5 2 1.02
a contact +326 +382 1 2 956222395
a range +326 +382 1 2 0.12
a contact +326 +376 3 5 1013237713
a range +326 +376 3 5 1.09
a contact +327 +375 5 2 903048790
a range +327 +375 5 2 1.2
a contact +331 +378.8 3 5 994191335
a range +331 +378.8 3 5 1.04
a contact +339 +408.8 2 4 991692825
a range +339 +408.8 2 4 1.14
a contact +341 +409 3 4 1037507761
a range +341 +409 3 4 1.2
a contact +342 +405 4 3 936988809
a range +342 +405 4 3 1.23
a contact +346 +407 4 2 1135729599
a range +346 +407 4 2 1.32
a contact +350 +408 3 1 1191476037
a range +350 +408 3 1 0.12
a contact +353 +401 4 3 931028309
a range +353 +401 4 3 1.21
a contact +359 +428.8 3 1 1148498410
a range +359 +428.8 3 1 0.12
a contact +361 +423 6 4 1067169746
a range +361 +423 6 4 0.13
a contact +366 +425 3 4 937053478
a range +366 +425 3 4 1.14
a contact +366 +429 4 5 977425896
a range +366 +429 4 5 0.13
a contact +368 +422 1 2 875589193
a range +368 +422 1 2 0.12
a contact +368 +430 5 3 934191810
a range +368 +430 5 3 1.07
a contact +370 +422 3 5 1074375148
a range +370 +422 3 5 1.21
a contact +373 +433 3 1 833063029
a range +373 +433 3 1 0.12
a contact +378 +437 5 2 1177023149
a range +378 +437 5 2 1.34
a contact +379 +450 4 6 1190988518
a range +379 +450 4 6 0.13
a contact +379 +436 6 5 1113263015
a range +379 +436 6 5 0.13
a contact +388 +445.8 3 2 840770995
a range +388 +445.8 3 2 0.12
a contact +389 +456 2 4 864161646
a range +389 +456 2 4 1.16
a contact +394 +464 2 5 1193882415
a range +394 +464 2 5 1.13
a contact +396 +446 5 3 1170328234
a range +396 +446 5 3 1.21
a contact +398 +460 5 3 881533133
a range +398 +460 5 3 1.13
a contact +401 +471 2 1 1065004661
a range +401 +471 2 1 0.12
a contact +403 +472 3 1 1073970663
a range +403 +472 3 1 0.12
a contact +407 +478 1 2 1042144320
a range +407 +478 1 2 0.12
a contact +408 +466 2 1 1195962453
a range +408 +466 2 1 0.12
a contact +411 +468 1 3 1135087521
a range +411 +468 1 3 0.12
a contact +414 +472 5 6 849465476
a range +414 +472 5 6 0.13
a contact +419 +479 3 1 906394670
a range +419 +479 3 1 0.12
a contact +425 +479.8 3 4 855297725
a range +425 +479.8 3 4 1.14
a contact +429 +499 4 3 1054576520
a range +429 +499 4 3 1.25
a contact +433 +502.8 1 3 1041913442
a range +433 +502.8 1 3 0.12
a contact +437 +495 3 4 812718267
a range +437 +495 3 4 1.18
a contact +442 +506 5 2 1165367479
a range +442 +506 5 2 1.03
a contact +454 +511 4 2 898383303
a range +454 +511 4 2 1.04
a contact +460 +510.8 2 5 1168808307
a range +460 +510.8 2 5 1.12
a contact +464 +523 2 3 1107908849
a range +464 +523 2 3 0.12
a contact +471 +522 4 6 1003448258
a range +471 +522 4 6 0.13
a contact +472 +540.8 2 3 1142330197
a range +472 +540.8 2 3 0.12
a contact +472 +523 2 3 1142787567
a range +472 +523 2 3 0.12
a contact +472 +538 6 4 889054330
a range +472 +538 6 4 0.13
a contact +478 +542 4 2 835954891
a range +478 +542 4 2 1.29
a contact +479 +544 5 3 1072051064
a range +479 +544 5 3 1.19
a contact +482 +541.8 2 4 921567075
a range +482 +541.8 2 4 1.34
a contact +489 +552.8 3 1 1009623233
a range +489 +552.8 3 1 0.12
a contact +492 +544 5 6 1045478300
a range +492 +544 5 6 0.13
a contact +500 +571 6 4 831505831
a range +500 +571 6 4 0.13
a contact +504 +566 5 6 1196455534
a range +504 +566 5 6 0.13
a contact +505 +576 6 4 1175880642
a range +505 +576 6 4 0.13
a contact +507 +563 4 2 851985411
a range +507 +563 4 2 1.23
a contact +512 +568.8 2 4 1004840842
a range +512 +568.8 2 4 1.14
a contact +517 +577 6 5 895489693
a range +517 +577 6 5 0.13
a contact +520 +583 3 5 883392976
a range +520 +583 3 5 1.21
a contact +521 +572 3 5 962793791
a range +521 +572 3 5 1.08
a contact +524 +581 3 5 897215026
a range +524 +581 3 5 1.19
a contact +542 +608 5 3 861415167
a range +542 +608 5 3 1.18
a contact +543 +593 4 6 824922893
a range +543 +593 4 6 0.13
a contact +543 +604 6 5 950461602
a range +543 +604 6 5 0.13
a contact +552 +608 4 3 1043402379
a range +552 +608 4 3 1.28
a contact +556 +614 2 1 1032729020
a range +556 +614 2 1 0.12
a contact +559 +618 3 1 954011066
a range +559 +618 3 1 0.12
a contact +563 +618 3 1 977265256
a range +563 +618 3 1 0.12
a contact +568 +634 5 3 841873682
a range +568 +634 5 3 1.3
a contact +570 +636 3 4 845171378
a range +570 +636 3 4 1.33
a contact +578 +648 2 1 1167852113
a range +578 +648 2 1 0.12
a contact +579 +631 6 5 1038910826
a range +579 +631 6 5 0.13
a contact +580 +639 4 3 1114947027
a range +580 +639 4 3 1.08
a contact +583 +653 2 4 935297971
a range +583 +653 2 4 1.36
a contact +583 +635 5 4 1093384990
a range +583 +635 5 4 0.13
a contact +587 +637 5 6 806876712
a range +587 +637 5 6 0.13
a contact +588 +659 4 2 904698848
a range +588 +659 4 2 1.28
a contact +590 +645 2 4 881526325
a range +590 +645 2 4 1.2
a contact +591 +658 2 5 1185329632
a range +591 +658 2 5 1.09
a contact +599 +653 4 2 979676996
a range +599 +653 4 2 1.22
a contact +599 +659 5 6 1019477916
a range +599 +659 5 6 0.13
a contact +604 +663 4 5 1155606062
a range +604 +663 4 5 0.13
a contact +605 +656 3 4 820350828
a range +605 +656 3 4 1.25
a contact +608 +670 4 5 1176905571
a range +608 +670 4 5 0.13
a contact +608 +670 5 6 975329855
a range +608 +670 5 6 0.13
a contact +610 +662.8 2 5 1028760789
a range +610 +662.8 2 5 1.16
a contact +617 +671 4 2 1153180871
a range +617 +671 4 2 1.11
a contact +625 +686 2 1 1130257500
a range +625 +686 2 1 0.12
a contact +634 +685 4 3 1152827689
a range +634 +685 4 3 1.26
a contact +637 +701 3 4 1063086479
a range +637 +701 3 4 1.35
a contact +637 +700 4 6 884574650
a range +637 +700 4 6 0.13
a contact +638 +692 2 1 1016080495
a range +638 +692 2 1 0.12
a contact +638 +688 3 5 1042266996
a range +638 +688 3 5 1.2
a contact +639 +696 1 2 848835464
a range +639 +696 1 2 0.12
a contact +640 +692 6 5 1117085513
a range +640 +692 6 5 0.13
a contact +643 +706 5 3 893238806
a range +643 +706 5 3 1.31
a contact +649 +703 2 1 1119294440
a range +649 +703 2 1 0.12
a contact +649 +701 5 4 1059942788
a range +649 +701 5 4 0.13
a contact +649 +704 6 4 965175034
a range +649 +704 6 4 0.13
a contact +649 +706 6 5 1084638920
a range +649 +706 6 5 0.13
a contact +650 +719 2 3 884354271
a range +650 +719 2 3 0.12
a contact +651 +718 5 6 904899940
a range +651 +718 5 6 0.13
a contact +655 +719 1 2 1107905252
a range +655 +719 1 2 0.12
a contact +655 +711 4 5 1166071516
a range +655 +711 4 5 0.13
a contact +655 +720 5 6 992935317
a range +655 +720 5 6 0.13
a contact +656 +704.8 1 2 945784583
a range +656 +704.8 1 2 0.12
a contact +660 +726 5 4 856269830
a range +660 +726 5 4 0.13
a contact +664 +716 1 2 1039919620
a range +664 +716 1 2 0.12
a contact +664 +729 5 4 883066722
a range +664 +729 5 4 0.13
a contact +669 +727 2 1 840856934
a range +669 +727 2 1 0.12
a contact +670 +741 1 3 1058809038
a range +670 +741 1 3 0.12
a contact +670 +724 3 2 902922650
a range +670 +724 3 2 0.12
a contact +670 +720.8 2 5 1089987816
a range +670 +720.8 2 5 1.12
a contact +672 +728.8 1 2 943003887
a range +672 +728.8 1 2 0.12
a contact +675 +735 5 4 1068101886
a range +675 +735 5 4 0.13
a contact +677 +738 2 5 819600707
a range +677 +738 2 5 1.28
a contact +688 +747 5 3 877155363
a range +688 +747 5 3 1.15
a contact +689 +752 5 2 1179837543
a range +689 +752 5 2 1.07
a contact +690 +743 5 2 898579194
a range +690 +743 5 2 1.34
a contact +696 +756 5 3 1096507432
a range +696 +756 5 3 1.28
a contact +699 +763 6 5 957798812
a range +699 +763 6 5 0.13
a contact +702 +761 3 2 1132162865
a range +702 +761 3 2 0.12
a contact +716 +766 5 3 1087725249
a range +716 +766 5 3 1.07
a contact +720 +770 2 3 990704575
a range +720 +770 2 3 0.12
a contact +721 +769 5 4 1114289365
a range +721 +769 5 4 0.13
a contact +722 +778 4 5 967066791
a range +722 +778 4 5 0.13
a contact +723 +779 4 6 828831520
a range +723 +779 4 6 0.13
a contact +723 +793 4 6 1137943998
a range +723 +793 4 6 0.13
a contact +724 +779 6 5 1142292893
a range +724 +779 6 5 0.13
a contact +727 +786 4 3 1105529468
a range +727 +786 4 3 1.24
a contact +727 +798 6 5 804679178
a range +727 +798 6 5 0.13
a contact +728 +798 4 3 827247647
a range +728 +798 4 3 1.27
a contact +730 +797 4 6 828949500
a range +730 +797 4 6 0.13
a contact +731 +799 3 5 806070551
a range +731 +799 3 5 1.14
a contact +737 +804 4 2 968088071
a range +737 +804 4 2 1.26
a contact +738 +788 3 1 1026946303
a range +738 +788 3 1 0.12
a contact +738 +794 4 6 1140557448
a range +738 +794 4 6 0.13
a contact +747 +815 2 3 1150463979
a range +747 +815 2 3 0.12
a contact +747 +809.8 2 5 1184939587
a range +747 +809.8 2 5 1.33
a contact +752 +816 6 4 1021295282
a range +752 +816 6 4 0.13
a contact +762 +812.8 3 2 1101445248
a range +762 +812.8 3 2 0.12
a contact +763 +811 5 6 963339234
a range +763 +811 5 6 0.13
a contact +766 +815 1 2 811906783
a range +766 +815 1 2 0.12
a contact +767 +835 2 5 992831522
a range +767 +835 2 5 1.26
a contact +767 +831 5 3 1109860728
a range +767 +831 5 3 1.25
a contact +768 +820.8 1 2 893192472
a range +768 +820.8 1 2 0.12
a contact +771 +834.8 2 4 1097692007
a range +771 +834.8 2 4 1.35
a contact +773 +822 4 5 1045113554
a range +773 +822 4 5 0.13
a contact +779 +829 4 5 968534860
a range +779 +829 4 5 0.13
a contact +780 +848 5 3 805884933
a range +780 +848 5 3 1.1
a contact +784 +838 4 3 1048931030
a range +784 +838 4 3 1.31
a contact +786 +838 4 2 854601920
a range +786 +838 4 2 1.37
a contact +794 +863 1 2 965155587
a range +794 +863 1 2 0.12
a contact +799 +862.8 2 4 961564497
a range +799 +862.8 2 4 1.12
a contact +801 +866 1 2 1199104517
a range +801 +866 1 2 0.12
a contact +801 +869 4 2 1039062129
a range +801 +869 4 2 1.18
a contact +804 +871 2 3 983584078
a range +804 +871 2 3 0.12
a contact +805 +858 4 6 1128385917
a range +805 +858 4 6 0.13
a contact +814 +862 2 3 1050015478
a range +814 +862 2 3 0.12
a contact +817 +884 6 4 824703396
a range +817 +884 6 4 0.13
a contact +819 +883 5 3 848465515
a range +819 +883 5 3 1.27
a contact +819 +867 4 6 828561289
a range +819 +867 4 6 0.13
a contact +822 +888 4 6 920388870
a range +822 +888 4 6 0.13
a contact +826 +889 1 3 1140578641
a range +826 +889 1 3 0.12
a contact +826 +880 6 5 862574566
a range +826 +880 6 5 0.13
a contact +829 +881 4 6 925583100
a range +829 +881 4 6 0.13
a contact +838 +903 5 6 865238763
a range +838 +903 5 6 0.13
a contact +840 +905 6 4 828315404
a range +840 +905 6 4 0.13
a contact +841 +910 2 5 869434766
a range +841 +910 2 5 1.17
a contact +845 +913 4 3 1104262491
a range +845 +913 4 3 1.23
a contact +850 +902 3 1 949036209
a range +850 +902 3 1 0.12
a contact +852 +917 1 3 1075546278
a range +852 +917 1 3 0.12
a contact +856 +909 1 2 1164443652
a range +856 +909 1 2 0.12
a contact +857 +912.8 2 4 1175541999
a range +857 +912.8 2 4 1.11
a contact +867 +919 6 5 1056460508
a range +867 +919 6 5 0.13
a contact +874 +934 5 6 917589141
a range +874 +934 5 6 0.13
a contact +875 +939 4 5 1081675672
a range +875 +939 4 5 0.13
a contact +876 +937 5 4 841897695
a range +876 +937 5 4 0.13
a contact +877 +934 5 3 1017396991
a range +877 +934 5 3 1.03
a contact +895 +949 4 3 949476084
a range +895 +949 4 3 1.35
a contact +902 +963 3 1 996204503
a range +902 +963 3 1 0.12
a contact +902 +971 3 1 807053972
a range +902 +971 3 1 0.12
a contact +903 +966 4 5 958025295
a range +903 +966 4 5 0.13
a contact +904 +968 4 5 960729017
a range +904 +968 4 5 0.13
a contact +906 +969 6 5 1066711731
a range +906 +969 6 5 0.13
a contact +908 +978 4 2 1144551527
a range +908 +978 4 2 1.05
a contact +908 +965 6 4 839194130
a range +908 +965 6 4 0.13
a contact +910 +973 5 4 1053499982
a range +910 +973 5 4 0.13
a contact +913 +968 5 4 1048132942
a range +913 +968 5 4 0.13
a contact +915 +983.8 2 3 862089852
a range +915 +983.8 2 3 0.12
a contact +928 +996.8 2 3 828515547
a range +928 +996.8 2 3 0.12
a contact +943 +1009 4 5 987041671
a range +943 +1009 4 5 0.13
a contact +944 +1012 6 5 936019576
a range +944 +1012 6 5 0.13
a contact +946 +1013 5 6 1102171365
a range +946 +1013 5 6 0.13
a contact +948 +1013.8 1 2 1137188596
a range +948 +1013.8 1 2 0.12
a contact +949 +1009 5 6 1148415066
a range +949 +1009 5 6 0.13
a contact +956 +1009 4 3 896614889
a range +956 +1009 4 3 1.27
a contact +958 +1008 3 5 893183087
a range +958 +1008 3 5 1.22
a contact +959 +1029 2 1 855629187
a range +959 +1029 2 1 0.12
a contact +960 +1019 6 4 1012741230
a range +960 +1019 6 4 0.13
a contact +964 +1028 4 5 1009057833
a range +964 +1028 4 5 0.13
a contact +967 +1023 5 2 1002610498
a range +967 +1023 5 2 1.18
a contact +967 +1025 5 2 876838678
a range +967 +1025 5 2 1.19
a contact +969 +1029.8 2 4 1083895331
a range +969 +1029.8 2 4 1.03
a contact +970 +1030.8 3 1 976437831
a range +970 +1030.8 3 1 0.12
a contact +970 +1036 5 2 1139965105
a range +970 +1036 5 2 1.23
a contact +972 +1022 4 2 886041318
a range +972 +1022 4 2 1.05
a contact +979 +1035 2 4 963836376
a range +979 +1035 2 4 1.12
a contact +981 +1041 4 2 1197638496
a range +981 +1041 4 2 1.31
a contact +982 +1034 4 2 1100874949
a range +982 +1034 4 2 1.03
a contact +990 +1054 3 5 856724709
a range +990 +1054 3 5 1.34
a contact +994 +1060 4 2 1116904825
a range +994 +1060 4 2 1.23
a contact +995 +1066 6 4 836606104
a range +995 +1066 6 4 0.13
a contact +997 +1054 5 3 975864864
a range +997 +1054 5 3 1.12
a contact +1003 +1051 4 2 924599108
a range +1003 +1051 4 2 1.23
a contact +1006 +1068 1 2 817152914
a range +1006 +1068 1 2 0.12
a contact +1018 +1071 2 5 830566539
a range +1018 +1071 2 5 1.05
a contact +1019 +1077 5 3 897443427
a range +1019 +1077 5 3 1.11
a contact +1022 +1071.8 3 4 1041381787
a range +1022 +1071.8 3 4 1.1
a contact +1023 +1071 2 1 1122882663
a range +1023 +1071 2 1 0.12
a contact +1024 +1082 4 2 918805973
a range +1024 +1082 4 2 1.23
a contact +1025 +1091 3 1 900858339
a range +1025 +1091 3 1 0.12
a contact +1029 +1087 6 4 1063991862
a range +1029 +1087 6 4 0.13
a contact +1030 +1083 4 6 911822342
a range +1030 +1083 4 6 0.13
a contact +1031 +1082 4 2 988465107
a range +1031 +1082 4 2 1.12
a contact +1032 +1090.8 3 1 962879388
a range +1032 +1090.8 3 1 0.12
a contact +1034 +1093 4 5 927619613
a range +1034 +1093 4 5 0.13
a contact +1036 +1092 4 2 1062255844
a range +1036 +1092 4 2 1.19
a contact +1037 +1101 1 2 838750952
a range +1037 +1101 1 2 0.12
a contact +1038 +1088 2 1 934697586
a range +1038 +1088 2 1 0.12
a contact +1041 +1089 2 5 1065731439
a range +1041 +1089 2 5 1.03
a contact +1050 +1121 6 5 884420658
a range +1050 +1121 6 5 0.13
a contact +1053 +1116 2 3 948179474
a range +1053 +1116 2 3 0.12
a contact +1054 +1104 6 5 1157297433
a range +1054 +1104 6 5 0.13
a contact +1058 +1128 2 1 859241315
a range +1058 +1128 2 1 0.12
a contact +1059 +1127 5 2 1050564168
a range +1059 +1127 5 2 1.08
a contact +1067 +1132 4 6 1165682505
a range +1067 +1132 4 6 0.13
a contact +1072 +1130 2 3 1029186385
a range +1072 +1130 2 3 0.12
a contact +1073 +1137 5 6 1157704635
a range +1073 +1137 5 6 0.13
a contact +1081 +1150.8 2 5 1168158171
a range +1081 +1150.8 2 5 1.03
a contact +1085 +1131.8 3 5 895189505
a range +1085 +1131.8 3 5 1.31
a contact +1099 +1154.8 3 5 975201891
a range +1099 +1154.8 3 5 1.32
a contact +1102 +1153 2 1 1187935374
a range +1102 +1153 2 1 0.12
a contact +1110 +1179 3 2 897165448
a range +1110 +1179 3 2 0.12
a contact +1111 +1163.8 1 2 871123738
a range +1111 +1163.8 1 2 0.12
a contact +1112 +1163 1 2 1121705645
a range +1112 +1163 1 2 0.12
a contact +1113 +1179 4 5 860720327
a range +1113 +1179 4 5 0.13
a contact +1115 +1168.8 3 4 1031133298
a range +1115 +1168.8 3 4 1.24
a contact +1119 +1183.8 3 5 1027319034
a range +1119 +1183.8 3 5 1.04
a contact +1125 +1186 4 6 1186943566
a range +1125 +1186 4 6 0.13
a contact +1128 +1188 4 3 806289483
a range +1128 +1188 4 3 1.13
a contact +1135 +1196 4 5 971522631
a range +1135 +1196 4 5 0.13
a contact +1136 +1207 3 2 875002219
a range +1136 +1207 3 2 0.12
a contact +1138 +1204 1 3 927902357
a range +1138 +1204 1 3 0.12
a contact +1141 +1194.8 2 4 818693807
a range +1141 +1194.8 2 4 1.29
a contact +1142 +1211 5 2 1049737202
a range +1142 +1211 5 2 1.3
a contact +1144 +1211 2 5 831742694
a range +1144 +1211 2 5 1.02
a contact +1144 +1203 4 3 1149113515
a range +1144 +1203 4 3 1.1
a contact +1145 +1196 3 2 824458155
a range +1145 +1196 3 2 0.12
a contact +1147 +1211.8 1 2 870187526
a range +1147 +1211.8 1 2 0.12
a contact +1150 +1209.8 1 3 999330444
a range +1150 +1209.8 1 3 0.12
a contact +1150 +1213 6 5 947179636
a range +1150 +1213 6 5 0.13
a contact +1151 +1202 4 5 1043217584
a range +1151 +1202 4 5 0.13
a contact +1153 +1223 4 5 1070300329
a range +1153 +1223 4 5 0.13
a contact +1156 +1218 3 2 1194063362
a range +1156 +1218 3 2 0.12
a contact +1158 +1212 1 2 886411395
a range +1158 +1212 1 2 0.12
a contact +1163 +1217 3 1 863720023
a range +1163 +1217 3 1 0.12
a contact +1163 +1222 4 3 939728498
a range +1163 +1222 4 3 1.18
a contact +1165 +1228.8 3 1 1174491147
a range +1165 +1228.8 3 1 0.12
a contact +1166 +1218 3 2 1199903524
a range +1166 +1218 3 2 0.12
a contact +1171 +1219 1 3 1157126681
a range +1171 +1219 1 3 0.12
a contact +1171 +1226 5 2 1105774780
a range +1171 +1226 5 2 1.19
a contact +1174 +1229.8 2 4 1177528754
a range +1174 +1229.8 2 4 1.03
a contact +1178 +1228 3 1 969336211
a range +1178 +1228 3 1 0.12
a contact +1178 +1227.8 3 4 989226791
a range +1178 +1227.8 3 4 1.06
a contact +1184 +1234 4 6 1046269270
a range +1184 +1234 4 6 0.13
a contact +1185 +1233 5 6 935183692
a range +1185 +1233 5 6 0.13
a contact +1189 +1237 6 4 1002085623
a range +1189 +1237 6 4 0.13
a contact +1196 +1263 6 5 806043486
a range +1196 +1263 6 5 0.13
a contact +1197 +1257.8 2 4 1115334342
a range +1197 +1257.8 2 4 1.23
a contact +1198 +1257 5 6 1084114282
a range +1198 +1257 5 6 0.13
a contact +1201 +1250 3 2 1107998424
a range +1201 +1250 3 2 0.12
a contact +1202 +1262 5 2 985584757
a range +1202 +1262 5 2 1.21
a contact +1205 +1264 5 6 1017698736
a range +1205 +1264 5 6 0.13
a contact +1209 +1269 4 6 1119368325
a range +1209 +1269 4 6 0.13
a contact +1212 +1283 3 5 966394483
a range +1212 +1283 3 5 1.1
a contact +1212 +1261 4 6 1068686618
a range +1212 +1261 4 6 0.13
a contact +1214 +1262 3 1 1198649151
a range +1214 +1262 3 1 0.12
a contact +1215 +1275 2 1 1040984905
a range +1215 +1275 2 1 0.12
a contact +1215 +1279.8 1 3 907879979
a range +1215 +1279.8 1 3 0.12
a contact +1221 +1288 5 6 906996677
a range +1221 +1288 5 6 0.13
a contact +1221 +1288 6 5 1128635981
a range +1221 +1288 6 5 0.13
a contact +1223 +1280 3 1 956376749
a range +1223 +1280 3 1 0.12
a contact +1228 +1299 2 3 823715244
a range +1228 +1299 2 3 0.12
a contact +1229 +1294 5 4 838418288
a range +1229 +1294 5 4 0.13
a contact +1239 +1295 2 4 1014039378
a range +1239 +1295 2 4 1.32
a contact +1239 +1296 2 5 874287525
a range +1239 +1296 2 5 1.28
a contact +1247 +1305 5 2 1038299590
a range +1247 +1305 5 2 1.23
a contact +1249 +1305 2 3 838251450
a range +1249 +1305 2 3 0.12
a contact +1249 +1307 3 2 1174194798
a range +1249 +1307 3 2 0.12
a contact +1250 +1306 3 4 919660687
a range +1250 +1306 3 4 1.05
a contact +1253 +1312.8 2 3 883478016
a range +1253 +1312.8 2 3 0.12
a contact +1253 +1305 3 2 838247812
a range +1253 +1305 3 2 0.12
a contact +1255 +1303.8 2 3 958045465
a range +1255 +1303.8 2 3 0.12
a contact +1255 +1308.8 3 4 976928369
a range +1255 +1308.8 3 4 1.33
a contact +1258 +1326 5 2 1109162401
a range +1258 +1326 5 2 1.04
a contact +1258 +1318 5 4 855342479
a range +1258 +1318 5 4 0.13
a contact +1262 +1326.8 2 1 1117875493
a range +1262 +1326.8 2 1 0.12
a contact +1262 +1314 6 5 1127331664
a range +1262 +1314 6 5 0.13
a contact +1263 +1314 4 2 1034398568
a range +1263 +1314 4 2 1.33
a contact +1265 +1317 3 4 1139768502
a range +1265 +1317 3 4 1.12
a contact +1265 +1331 5 6 926044439
a range +1265 +1331 5 6 0.13
a contact +1290 +1357 4 3 1180590770
a range +1290 +1357 4 3 1.35
a contact +1292 +1352 5 2 1097814991
a range +1292 +1352 5 2 1.11
a contact +1292 +1342 6 5 1001303218
a range +1292 +1342 6 5 0.13
a contact +1294 +1349 2 3 816657841
a range +1294 +1349 2 3 0.12
a contact +1294 +1361 2 4 1124475429
a range +1294 +1361 2 4 1.35
a contact +1294 +1345 6 5 1012885865
a range +1294 +1345 6 5 0.13
a contact +1297 +1362 2 5 924785294
a range +1297 +1362 2 5 1.19
a contact +1297 +1355 2 5 1044029529
a range +1297 +1355 2 5 1.11
a contact +1306 +1356 3 2 907789316
a range +1306 +1356 3 2 0.12
a contact +1306 +1371 2 5 1060826470
a range +1306 +1371 2 5 1.18
a contact +1314 +1381 4 3 906723491
a range +1314 +1381 4 3 1.07
a contact +1315 +1368.8 1 3 840835823
a range +1315 +1368.8 1 3 0.12
a contact +1315 +1370 3 2 867523701
a range +1315 +1370 3 2 0.12
a contact +1317 +1375 6 5 990614895
a range +1317 +1375 6 5 0.13
a contact +1318 +1382 4 2 943861650
a range +1318 +1382 4 2 1.09
a contact +1318 +1380 6 5 863497427
a range +1318 +1380 6 5 0.13
a contact +1319 +1384 4 5 884439766
a range +1319 +1384 4 5 0.13
a contact +1319 +1384 4 5 1029792033
a range +1319 +1384 4 5 0.13
a contact +1320 +1387.8 1 3 1197624308
a range +1320 +1387.8 1 3 0.12
a contact +1324 +1377 1 3 1188032815
a range +1324 +1377 1 3 0.12
a contact +1325 +1374 2 4 1070307566
a range +1325 +1374 2 4 1.03
a contact +1329 +1385 2 4 1066477324
a range +1329 +1385 2 4 1.05
a contact +1329 +1398 6 4 866542360
a range +1329 +1398 6 4 0.13
a contact +1333 +1392 2 3 900338485
a range +1333 +1392 2 3 0.12
a contact +1338 +1405 5 4 854231719
a range +1338 +1405 5 4 0.13
a contact +1339 +1389 6 4 993568876
a range +1339 +1389 6 4 0.13
a contact +1340 +1394 2 5 1128939767
a range +1340 +1394 2 5 1.29
a contact +1341 +1408.8 3 4 840367302
a range +1341 +1408.8 3 4 1.25
a contact +1343 +1396 4 3 1015487363
a range +1343 +1396 4 3 1.27
a contact +1352 +1416.8 2 5 1021473292
a range +1352 +1416.8 2 5 1.03
a contact +1355 +1411 3 4 867436213
a range +1355 +1411 3 4 1.32
a contact +1355 +1411 3 5 872593240
a range +1355 +1411 3 5 1.29
a contact +1356 +1409.8 2 3 838599249
a range +1356 +1409.8 2 3 0.12
a contact +1356 +1409 5 3 1192561698
a range +1356 +1409 5 3 1.15
a contact +1357 +1409 3 5 1015102455
a range +1357 +1409 3 5 1.15
a contact +1363 +1415.8 2 5 1072494058
a range +1363 +1415.8 2 5 1.24
a contact +1363 +1434 5 3 1168815636
a range +1363 +1434 5 3 1.35
a contact +1374 +1439 3 4 803531753
a range +1374 +1439 3 4 1.26
a contact +1374 +1435 4 5 867804466
a range +1374 +1435 4 5 0.13
a contact +1375 +1432 4 5 1041198818
a range +1375 +1432 4 5 0.13
a contact +1378 +1438 3 2 943028427
a range +1378 +1438 3 2 0.12
a contact +1381 +1441 5 3 1194413401
a range +1381 +1441 5 3 1.04
a contact +1385 +1446 3 2 863361897
a range +1385 +1446 3 2 0.12
a contact +1388 +1456 5 6 1070670699
a range +1388 +1456 5 6 0.13
a contact +1392 +1458.8 2 3 1198703052
a range +1392 +1458.8 2 3 0.12
a contact +1396 +1454 3 2 1154140863
a range +1396 +1454 3 2 0.12
a contact +1400 +1470 3 5 1083842212
a range +1400 +1470 3 5 1.28
a contact +1403 +1453 3 2 1014104919
a range +1403 +1453 3 2 0.12
a contact +1403 +1461.8 3 5 956875188
a range +1403 +1461.8 3 5 1.08
a contact +1404 +1456 5 6 892204038
a range +1404 +1456 5 6 0.13
a contact +1405 +1475 1 2 947559892
a range +1405 +1475 1 2 0.12
a contact +1410 +1460 4 6 807425854
a range +1410 +1460 4 6 0.13
a contact +1412 +1475 2 1 863478916
a range +1412 +1475 2 1 0.12
a contact +1412 +1478 2 1 877972705
a range +1412 +1478 2 1 0.12
a contact +1417 +1478 4 3 1010306392
a range +1417 +1478 4 3 1.06
a contact +1417 +1484 5 3 930311314
a range +1417 +1484 5 3 1.1
a contact +1423 +1472 4 3 824605566
a range +1423 +1472 4 3 1.12
a contact +1427 +1477 1 3 1012595940
a range +1427 +1477 1 3 0.12
a contact +1427 +1497 6 4 925605784
a range +1427 +1497 6 4 0.13
a contact +1429 +1485 2 1 1141953283
a range +1429 +1485 2 1 0.12
a contact +1433 +1482 2 5 853244416
a range +1433 +1482 2 5 1.36
a contact +1433 +1498 6 5 1181022052
a range +1433 +1498 6 5 0.13
a contact +1437 +1501.8 2 1 1089819119
a range +1437 +1501.8 2 1 0.12
a contact +1440 +1509 5 6 1177533818
a range +1440 +1509 5 6 0.13
a contact +1441 +1497 5 2 1107013323
a range +1441 +1497 5 2 1.24
a contact +1444 +1510 5 6 1108489465
a range +1444 +1510 5 6 0.13
a contact +1445 +1499 3 2 1028506409
a range +1445 +1499 3 2 0.12
a contact +1447 +1517 5 4 999207308
a range +1447 +1517 5 4 0.13
a contact +1449 +1520 2 1 883587255
a range +1449 +1520 2 1 0.12
a contact +1450 +1507 5 3 1003593277
a range +1450 +1507 5 3 1.14
a contact +1452 +1506 5 2 1034842661
a range +1452 +1506 5 2 1.27
a contact +1452 +1519 5 6 962842385
a range +1452 +1519 5 6 0.13
a contact +1453 +1512 3 4 820850361
a range +1453 +1512 3 4 1.09
a contact +1454 +1517 4 6 1016371031
a range +1454 +1517 4 6 0.13
a contact +1456 +1513 4 5 1080660388
a range +1456 +1513 4 5 0.13
a contact +1460 +1530 5 4 1087605266
a range +1460 +1530 5 4 0.13
a contact +1466 +1520 1 3 990584291
a range +1466 +1520 1 3 0.12
a contact +1467 +1515 5 4 1038111098
a range +1467 +1515 5 4 0.13
a contact +1469 +1525 3 4 993079719
a range +1469 +1525 3 4 1.1
a contact +1475 +1544 6 4 913078273
a range +1475 +1544 6 4 0.13
a contact +1480 +1532.8 3 1 851971216
a range +1480 +1532.8 3 1 0.12
a contact +1483 +1531.8 3 2 1165611031
a range +1483 +1531.8 3 2 0.12
a contact +1483 +1538 4 2 848048239
a range +1483 +1538 4 2 1.2
a contact +1492 +1542 5 4 1177355184
a range +1492 +1542 5 4 0.13
a contact +1493 +1560 5 3 1142414501
a range +1493 +1560 5 3 1.2
a contact +1497 +1568 4 5 1150034763
a range +1497 +1568 4 5 0.13
a contact +1501 +1558 4 5 946230298
a range +1501 +1558 4 5 0.13
a contact +1507 +1565 3 4 1129891797
a range +1507 +1565 3 4 1.35
a contact +1509 +1569 3 5 1155267907
a range +1509 +1569 3 5 1.09
a contact +1511 +1578.8 2 1 1034726497
a range +1511 +1578.8 2 1 0.12
a contact +1521 +1570 3 5 1166145813
a range +1521 +1570 3 5 1.04
a contact +1523 +1575 2 1 1028843221
a range +1523 +1575 2 1 0.12
a contact +1525 +1589 5 3 1083586697
a range +1525 +1589 5 3 1.3
a contact +1533 +1581 1 3 1032750479
a range +1533 +1581 1 3 0.12
a contact +1535 +1582.8 1 3 908793840
a range +1535 +1582.8 1 3 0.12
a contact +1543 +1610 2 5 925554687
a range +1543 +1610 2 5 1.07
a contact +1544 +1601 3 4 976144063
a range +1544 +1601 3 4 1.25
a contact +1545 +1600 6 4 1143082355
a range +1545 +1600 6 4 0.13
a contact +1546 +1603 5 3 884533684
a range +1546 +1603 5 3 1.26
a contact +1551 +1608 5 4 836606877
a range +1551 +1608 5 4 0.13
a contact +1553 +1603 3 1 837995914
a range +1553 +1603 3 1 0.12
a contact +1554 +1606 5 6 801743540
a range +1554 +1606 5 6 0.13
a contact +1562 +1614 1 3 1007244738
a range +1562 +1614 1 3 0.12
a contact +1565 +1620 5 2 986238921
a range +1565 +1620 5 2 1.27
a contact +1568 +1630 2 3 1161555201
a range +1568 +1630 2 3 0.12
a contact +1568 +1621 2 4 1153926012
a range +1568 +1621 2 4 1.32
a contact +1572 +1621 6 4 897030110
a range +1572 +1621 6 4 0.13
a contact +1578 +1641.8 1 3 863327472
a range +1578 +1641.8 1 3 0.12
a contact +1582 +1642 2 5 1056329949
a range +1582 +1642 2 5 1.25
a contact +1582 +1636.8 2 5 904221268
a range +1582 +1636.8 2 5 1.28
a contact +1583 +1638 4 2 928606075
a range +1583 +1638 4 2 1.2
a contact +1583 +1640 5 2 984965756
a range +1583 +1640 5 2 1.2
a contact +1584 +1647 2 4 937245146
a range +1584 +1647 2 4 1.35
a contact +1585 +1646 5 2 1086657346
a range +1585 +1646 5 2 1.33
a contact +1587 +1645 3 1 1059530600
a range +1587 +1645 3 1 0.12
a contact +1587 +1638 4 3 1052149540
a range +1587 +1638 4 3 1.33
a contact +1587 +1650 4 6 1194300201
a range +1587 +1650 4 6 0.13
a contact +1591 +1652 5 2 905068296
a range +1591 +1652 5 2 1.33
a contact +1592 +1660 3 2 919513261
a range +1592 +1660 3 2 0.12
a contact +1595 +1649 1 3 816523444
a range +1595 +1649 1 3 0.12
a contact +1597 +1659 1 3 985275288
a range +1597 +1659 1 3 0.12
a contact +1598 +1665.8 1 2 1022247259
a range +1598 +1665.8 1 2 0.12
a contact +1599 +1659 4 5 972851725
a range +1599 +1659 4 5 0.13
a contact +1604 +1654 5 4 812663817
a range +1604 +1654 5 4 0.13
a contact +1606 +1657 5 6 1095673321
a range +1606 +1657 5 6 0.13
a contact +1608 +1664 1 2 1199179992
a range +1608 +1664 1 2 0.12
a contact +1608 +1664 5 2 851726945
a range +1608 +1664 5 2 1.38
a contact +1610 +1666 5 4 990779096
a range +1610 +1666 5 4 0.13
a contact +1614 +1669 2 3 1111749301
a range +1614 +1669 2 3 0.12
a contact +1616 +1686 2 4 885872413
a range +1616 +1686 2 4 1.35
a contact +1617 +1678 4 5 1131649407
a range +1617 +1678 4 5 0.13
a contact +1617 +1668 6 4 948880341
a range +1617 +1668 6 4 0.13
a contact +1619 +1683 2 4 1154302209
a range +1619 +1683 2 4 1.1
a contact +1621 +1674 2 4 873122726
a range +1621 +1674 2 4 1.21
a contact +1622 +1685 2 4 1081912616
a range +1622 +1685 2 4 1.31
a contact +1622 +1671 3 4 808970660
a range +1622 +1671 3 4 1.26
a contact +1622 +1691 4 3 1012598589
a range +1622 +1691 4 3 1.06
a contact +1622 +1690 5 4 918458531
a range +1622 +1690 5 4 0.13
a contact +1623 +1685 4 5 1169740503
a range +1623 +1685 4 5 0.13
a contact +1624 +1688 1 2 1096059265
a range +1624 +1688 1 2 0.12
a contact +1624 +1695 5 3 1153892774
a range +1624 +1695 5 3 1.29
a contact +1629 +1685 4 5 1186469618
a range +1629 +1685 4 5 0.13
a contact +1631 +1691 4 6 1185168682
a range +1631 +1691 4 6 0.13
a contact +1633 +1701.8 2 1 1052072212
a range +1633 +1701.8 2 1 0.12
a contact +1633 +1685 3 1 985925173
a range +1633 +1685 3 1 0.12
a contact +1639 +1707 3 2 1146635025
a range +1639 +1707 3 2 0.12
a contact +1645 +1693.8 1 3 1120445605
a range +1645 +1693.8 1 3 0.12
a contact +1647 +1700.8 1 2 1058056225
a range +1647 +1700.8 1 2 0.12
a contact +1651 +1706 6 4 830194767
a range +1651 +1706 6 4 0.13
a contact +1653 +1719 4 3 813289964
a range +1653 +1719 4 3 1.02
a contact +1656 +1702.8 3 2 1022048514
a range +1656 +1702.8 3 2 0.12
a contact +1659 +1716 3 1 1050586727
a range +1659 +1716 3 1 0.12
a contact +1662 +1717.8 3 4 1114546078
a range +1662 +1717.8 3 4 1.13
a contact +1667 +1734 5 2 1144714204
a range +1667 +1734 5 2 1.04
a contact +1668 +1720 6 5 1084098367
a range +1668 +1720 6 5 0.13
a contact +1677 +1739 5 6 1007237070
a range +1677 +1739 5 6 0.13
a contact +1684 +1732.8 3 5 1102076496
a range +1684 +1732.8 3 5 1.22
a contact +1691 +1748 3 5 1000848557
a range +1691 +1748 3 5 1.05
a contact +1694 +1765 1 2 995204488
a range +1694 +1765 1 2 0.12
a contact +1694 +1761 3 2 1179660610
a range +1694 +1761 3 2 0.12
a contact +1695 +1751 4 3 1146665357
a range +1695 +1751 4 3 1.16
a contact +1696 +1747 4 2 930203026
a range +1696 +1747 4 2 1.03
a contact +1701 +1755 4 3 949048728
a range +1701 +1755 4 3 1.22
a contact +1703 +1773 3 4 839063303
a range +1703 +1773 3 4 1.33
a contact +1704 +1761.8 1 2 1140553107
a range +1704 +1761.8 1 2 0.12
a contact +1721 +1782 5 6 1012057494
a range +1721 +1782 5 6 0.13
a contact +1726 +1790 5 2 989068390
a range +1726 +1790 5 2 1.27
a contact +1728 +1795.8 3 2 810053717
a range +1728 +1795.8 3 2 0.12
a contact +1731 +1796 2 1 838411437
a range +1731 +1796 2 1 0.12
a contact +1731 +1796.8 3 5 1085727221
a range +1731 +1796.8 3 5 1.33
a contact +1732 +1792 5 3 821990107
a range +1732 +1792 5 3 1.04
a contact +1736 +1788 2 4 890322734
a range +1736 +1788 2 4 1.24
a contact +1736 +1800 5 4 1024270217
a range +1736 +1800 5 4 0.13
a contact +1738 +1798 4 3 873147312
a range +1738 +1798 4 3 1.11
a contact +1747 +1800 3 4 1073719293
a range +1747 +1800 3 4 1.14
a contact +1748 +1798.8 1 3 1006690369
a range +1748 +1798.8 1 3 0.12
a contact +1748 +1800 5 6 942783762
a range +1748 +1800 5 6 0.13
a contact +1751 +1800 5 2 869241088
a range +1751 +1800 5 2 1.22
a contact +1752 +1800 6 4 986208438
a range +1752 +1800 6 4 0.13
a contact +1753 +1800 2 3 840706666
a range +1753 +1800 2 3 0.12
a contact +1755 +1800 3 2 874252308
a range +1755 +1800 3 2 0.12
a contact +1756 +1800 1 2 859140314
a range +1756 +1800 1 2 0.12
a contact +1756 +1800 2 4 933075589
a range +1756 +1800 2 4 1.06
a contact +1757 +1800 3 4 1072821683
a range +1757 +1800 3 4 1.18
a contact +1760 +1800 5 4 909371978
a range +1760 +1800 5 4 0.13
a contact +1760 +1800 5 4 1008055718
a range +1760 +1800 5 4 0.13
a contact +1761 +1800 6 4 939701874
a range +1761 +1800 6 4 0.13
a contact +1765 +1800 5 2 1082062139
a range +1765 +1800 5 2 1.17
a contact +1766 +1800 4 3 1016345194
a range +1766 +1800 4 3 1.05
a contact +1770 +1798.8 2 1 1195293050
a range +1770 +1798.8 2 1 0.12
a contact +1774 +1800 3 1 1073002655
a range +1774 +1800 3 1 0.12
a contact +1774 +1800 5 3 924552412
a range +1774 +1800 5 3 1.24
a contact +1777 +1798.8 2 3 874642950
a range +1777 +1798.8 2 3 0.12
a contact +1778 +1800 4 3 953461796
a range +1778 +1800 4 3 1.16
a contact +1778 +1800 4 5 939876831
a range +1778 +1800 4 5 0.13
a contact +1779 +1800 4 2 1162991420
a range +1779 +1800 4 2 1.29
a contact +1782 +1798.8 2 1 1083444652
a range +1782 +1798.8 2 1 0.12
a contact +1786 +1800 3 5 832511662
a range +1786 +1800 3 5 1.3
a contact +1788 +1798.8 2 5 906034600
a range +1788 +1798.8 2 5 1.05
a contact +1790 +1798.8 3 2 962547879
a range +1790 +1798.8 3 2 0.12
a contact +1795 +1798.8 2 1 1049881442
a range +1795 +1798.8 2 1 0.12
a contact +1799 +1800 2 1 1146783131
a range +1799 +1800 2 1 0.12
a contact +1799 +1800 1 3 1030585375
a range +1799 +1800 1 3 0.12
