m horizon +0
a contact +97 +717 4 2 937182122
a range +97 +717 4 2 1.23
a contact +204 +868 4 2 1045025761
a range +204 +868 4 2 1.15
a contact +262 +885 4 3 842789461
a range +262 +885 4 3 1.03
a contact +276 +4553 5 4 895265996
a range +276 +4553 5 4 0.13
a contact +312 +4658 4 6 1109244546
a range +312 +4658 4 6 0.13
a contact +599 +4751 4 6 983684740
a range +599 +4751 4 6 0.13
a contact +632 +1127 2 4 990840819
a range +632 +1127 2 4 1.21
a contact +666 +1336 4 2 825073305
a range +666 +1336 4 2 1.27
a contact +686 +1341 5 2 1152658009
a range +686 +1341 5 2 1.03
a contact +719 +5674 6 5 899243688
a range +719 +5674 6 5 0.13
a contact +1173 +6118 6 5 1043211930
a range +1173 +6118 6 5 0.13
a contact +1250 +1769 2 5 826632186
a range +1250 +1769 2 5 1.14
a contact +1267 +1864 4 3 1125013851
a range +1267 +1864 4 3 1.29
a contact +1481 +1994 2 3 1071439083
a range +1481 +1994 2 3 0.12
a contact +1486 +2052 4 3 959296365
a range +1486 +2052 4 3 1.3
a contact +1549 +2156 3 5 1046461718
a range +1549 +2156 3 5 1.33
a contact +1625 +5637 4 6 1118301237
a range +1625 +5637 4 6 0.13
a contact +1754 +2427 3 1 1178175929
a range +1754 +2427 3 1 0.12
a contact +1796 +5831 5 4 1087192368
a range +1796 +5831 5 4 0.13
a contact +1814 +2362 3 1 1104865881
a range +1814 +2362 3 1 0.12
a contact +1828 +5322 4 6 1194188045
a range +1828 +5322 4 6 0.13
a contact +1953 +2478.8 3 5 826957761
a range +1953 +2478.8 3 5 1.17
a contact +1980 +2445 5 2 1090340998
a range +1980 +2445 5 2 1.35
a contact +2028 +6952 6 4 1072013663
a range +2028 +6952 6 4 0.13
a contact +2113 +2735 2 4 1029084936
a range +2113 +2735 2 4 1.25
a contact +2234 +2710 4 2 951985221
a range +2234 +2710 4 2 1.32
a contact +2276 +6444 5 6 803395860
a range +2276 +6444 5 6 0.13
a contact +2406 +3046.8 2 3 816630487
a range +2406 +3046.8 2 3 0.12
a contact +2558 +3076 5 2 915604614
a range +2558 +3076 5 2 1.04
a contact +2581 +6930 4 5 831667676
a range +2581 +6930 4 5 0.13
a contact +2604 +3138 2 4 1162271459
a range +2604 +3138 2 4 1.26
a contact +2620 +3220.8 3 2 1059924008
a range +2620 +3220.8 3 2 0.12
a contact +2643 +3143.8 3 1 995285367
a range +2643 +3143.8 3 1 0.12
a contact +2658 +7826 4 6 936528467
a range +2658 +7826 4 6 0.13
a contact +2670 +7179 5 4 964232598
a range +2670 +7179 5 4 0.13
a contact +2809 +7939 5 4 957913968
a range +2809 +7939 5 4 0.13
a contact +2809 +7151 6 4 1160082745
a range +2809 +7151 6 4 0.13
a contact +3006 +3643.8 2 5 1002685831
a range +3006 +3643.8 2 5 1.3
a contact +3093 +7876 4 6 864192354
a range +3093 +7876 4 6 0.13
a contact +3246 +3897 1 3 990798620
a range +3246 +3897 1 3 0.12
a contact +3408 +7715 4 6 949962555
a range +3408 +7715 4 6 0.13
a contact +3539 +4000 3 1 814007595
a range +3539 +4000 3 1 0.12
a contact +3609 +7345 4 6 862009894
a range +3609 +7345 4 6 0.13
a contact +3651 +4217 3 2 997836088
a range +3651 +4217 3 2 0.12
a contact +3779 +4282 2 5 1180015767
a range +3779 +4282 2 5 1.12
a contact +3870 +8054 5 4 841032261
a range +3870 +8054 5 4 0.13
a contact +3910 +4441 2 3 1036786960
a range +3910 +4441 2 3 0.12
a contact +3982 +4601 4 3 1026298926
a range +3982 +4601 4 3 1.09
a contact +4156 +7963 6 4 858306392
a range +4156 +7963 6 4 0.13
a contact +4230 +4828 3 4 1150128202
a range +4230 +4828 3 4 1.2
a contact +4263 +4746 1 2 893741383
a range +4263 +4746 1 2 0.12
a contact +4282 +4900 2 1 810751556
a range +4282 +4900 2 1 0.12
a contact +4314 +4809 3 2 835705263
a range +4314 +4809 3 2 0.12
a contact +4493 +4991 2 3 1039354329
a range +4493 +4991 2 3 0.12
a contact +4533 +5209 3 2 1158965400
a range +4533 +5209 3 2 0.12
a contact +4558 +5127 1 2 1087853090
a range +4558 +5127 1 2 0.12
a contact +4734 +5280 5 3 1123141507
a range +4734 +5280 5 3 1.12
a contact +4781 +5266 1 3 1089577513
a range +4781 +5266 1 3 0.12
a contact +4968 +9000 6 4 1118867618
a range +4968 +9000 6 4 0.13
a contact +5029 +5498 2 5 1000474967
a range +5029 +5498 2 5 1.15
a contact +5176 +9181 4 5 913627832
a range +5176 +9181 4 5 0.13
a contact +5185 +5793.8 2 4 1188832396
a range +5185 +5793.8 2 4 1.25
a contact +5439 +5908 3 4 976403918
a range +5439 +5908 3 4 1.06
a contact +5474 +6021 3 1 1078986552
a range +5474 +6021 3 1 0.12
a contact +5543 +6139.8 3 5 1093224628
a range +5543 +6139.8 3 5 1.22
a contact +5596 +10000 4 5 1115988336
a range +5596 +10000 4 5 0.13
a contact +5611 +10000 6 5 912125585
a range +5611 +10000 6 5 0.13
a contact +5640 +6119.8 2 4 1168293674
a range +5640 +6119.8 2 4 1.06
a contact +5701 +6357 2 4 994486373
a range +5701 +6357 2 4 1.02
a contact +5924 +6407.8 2 3 1056274596
a range +5924 +6407.8 2 3 0.12
a contact +6046 +9540 5 6 917128074
a range +6046 +9540 5 6 0.13
a contact +6329 +6893 2 4 1112633119
a range +6329 +6893 2 4 1.28
a contact +6449 +10000 6 5 855650413
a range +6449 +10000 6 5 0.13
a contact +6971 +10000 5 4 1046934385
a range +6971 +10000 5 4 0.13
a contact +7068 +7681 2 5 1096933312
a range +7068 +7681 2 5 1.3
a contact +7140 +7634 3 2 1053944864
a range +7140 +7634 3 2 0.12
a contact +7260 +7831.8 1 2 1051109978
a range +7260 +7831.8 1 2 0.12
a contact +7268 +10000 5 4 1116577622
a range +7268 +10000 5 4 0.13
a contact +7466 +7950.8 1 3 1191400832
a range +7466 +7950.8 1 3 0.12
a contact +7546 +10000 6 4 882651298
a range +7546 +10000 6 4 0.13
a contact +7679 +10000 5 6 913164004
a range +7679 +10000 5 6 0.13
a contact +7744 +8236 2 4 1056289115
a range +7744 +8236 2 4 1.08
a contact +7846 +8501 3 5 944525306
a range +7846 +8501 3 5 1.04
a contact +8182 +8777.8 3 2 830240081
a range +8182 +8777.8 3 2 0.12
a contact +8189 +8853 3 4 1183993731
a range +8189 +8853 3 4 1.1
a contact +8354 +8850 3 5 1044985485
a range +8354 +8850 3 5 1.29
a contact +8359 +9005 3 5 817538164
a range +8359 +9005 3 5 1.06
a contact +8558 +9218.8 2 4 813706114
a range +8558 +9218.8 2 4 1.14
a contact +8724 +9312 3 1 936175709
a range +8724 +9312 3 1 0.12
a contact +8843 +9445 5 3 872194463
a range +8843 +9445 5 3 1.16
a contact +8855 +9503 2 3 961603371
a range +8855 +9503 2 3 0.12
a contact +8859 +9443.8 2 5 831027525
a range +8859 +9443.8 2 5 1.29
a contact +8868 +9505 4 3 947090757
a range +8868 +9505 4 3 1.13
a contact +8875 +9434.8 3 1 889185217
a range +8875 +9434.8 3 1 0.12
a contact +8963 +10000 5 4 873132857
a range +8963 +10000 5 4 0.13
a contact +9081 +9543 2 1 828764713
a range +9081 +9543 2 1 0.12
a contact +9158 +10000 4 6 825942360
a range +9158 +10000 4 6 0.13
a contact +9221 +9791 1 3 1122829826
a range +9221 +9791 1 3 0.12
a contact +9583 +10000 4 5 976709257
a range +9583 +10000 4 5 0.13
a contact +9831 +10000 6 4 1174028060
a range +9831 +10000 6 4 0.13

