m horizon +0
a contact +9 +109 3 5 1137862112
a range +9 +109 3 5 1.08
a contact +23 +120 2 4 914023978
a range +23 +120 2 4 1.26
a contact +39 +125 1 3 1123860145
a range +39 +125 1 3 0.12
a contact +50 +137 2 5 912806170
a range +50 +137 2 5 1.22
a contact +52 +128 1 2 874110822
a range +52 +128 1 2 0.12
a contact +53 +140 1 3 993411104
a range +53 +140 1 3 0.12
a contact +59 +143 1 2 1176912131
a range +59 +143 1 2 0.12
a contact +63 +163 2 4 1154716376
a range +63 +163 2 4 1.19
a contact +81 +161 1 2 1171084248
a range +81 +161 1 2 0.12
a contact +95 +170 2 4 1182032887
a range +95 +170 2 4 1.2
a contact +122 +217 2 3 999768804
a range +122 +217 2 3 0.12
a contact +123 +202 2 3 1079008854
a range +123 +202 2 3 0.12
a contact +143 +243 3 4 1193011365
a range +143 +243 3 4 1.36
a contact +155 +259 2 5 880323966
a range +155 +259 2 5 1.11
a contact +178 +260 2 3 914504409
a range +178 +260 2 3 0.12
a contact +178 +265 1 3 969118458
a range +178 +265 1 3 0.12
a contact +200 +292 1 2 1090657260
a range +200 +292 1 2 0.12
a contact +229 +320 1 3 1095636918
a range +229 +320 1 3 0.12
a contact +232 +318 3 5 812161341
a range +232 +318 3 5 1.07
a contact +256 +836 4 5 823515138
a range +256 +836 4 5 0.13
a contact +258 +357 3 5 1199381888
a range +258 +357 3 5 1.14
a contact +286 +374 1 3 1077881156
a range +286 +374 1 3 0.12
a contact +287 +375 2 4 1134369092
a range +287 +375 2 4 1.14
a contact +318 +902 4 5 1107507293
a range +318 +902 4 5 0.13
a contact +319 +406 2 5 1176190434
a range +319 +406 2 5 1.17
a contact +325 +413 3 4 1130815623
a range +325 +413 3 4 1.15
a contact +332 +408 2 4 1118364038
a range +332 +408 2 4 1.14
a contact +354 +426 2 3 954148775
a range +354 +426 2 3 0.12
a contact +371 +476 2 5 810853108
a range +371 +476 2 5 1.35
a contact +379 +453 2 3 947435599
a range +379 +453 2 3 0.12
a contact +385 +490 1 3 1043969029
a range +385 +490 1 3 0.12
a contact +396 +469 3 4 1139981759
a range +396 +469 3 4 1.28
a contact +398 +492 2 3 991901600
a range +398 +492 2 3 0.12
a contact +409 +487 2 5 832080944
a range +409 +487 2 5 1.19
a contact +416 +520 2 3 860486139
a range +416 +520 2 3 0.12
a contact +427 +513 1 2 1178888626
a range +427 +513 1 2 0.12
a contact +428 +526 3 5 1108429846
a range +428 +526 3 5 1.15
a contact +462 +567 1 3 1102631147
a range +462 +567 1 3 0.12
a contact +463 +543 1 3 1146152965
a range +463 +543 1 3 0.12
a contact +464 +556 1 2 1186094369
a range +464 +556 1 2 0.12
a contact +489 +1116 4 6 853102885
a range +489 +1116 4 6 0.13
a contact +520 +597 3 4 1140975094
a range +520 +597 3 4 1.15
a contact +521 +616 2 4 826154612
a range +521 +616 2 4 1.02
a contact +523 +619 3 4 1112388829
a range +523 +619 3 4 1.21
a contact +531 +612 2 4 992104300
a range +531 +612 2 4 1.13
a contact +549 +650 2 5 944388419
a range +549 +650 2 5 1.22
a contact +551 +626 2 3 1128311634
a range +551 +626 2 3 0.12
a contact +586 +663 2 4 1022979165
a range +586 +663 2 4 1.14
a contact +631 +724 3 5 828509579
a range +631 +724 3 5 1.06
a contact +656 +753 3 5 1175856775
a range +656 +753 3 5 1.17
a contact +676 +1368 5 6 910988694
a range +676 +1368 5 6 0.13
a contact +677 +780 1 3 810653973
a range +677 +780 1 3 0.12
a contact +695 +778 3 4 1192561033
a range +695 +778 3 4 1.12
a contact +701 +785 2 5 1068009455
a range +701 +785 2 5 1.21
a contact +714 +1346 4 5 805930575
a range +714 +1346 4 5 0.13
a contact +715 +794 2 5 920141737
a range +715 +794 2 5 1.24
a contact +754 +850 2 3 1169221682
a range +754 +850 2 3 0.12
a contact +762 +859 1 2 813843700
a range +762 +859 1 2 0.12
a contact +763 +836 3 4 932351220
a range +763 +836 3 4 1.3
a contact +793 +869 2 3 845354908
a range +793 +869 2 3 0.12
a contact +808 +907 3 5 1177143131
a range +808 +907 3 5 1.05
a contact +808 +914 3 5 951296506
a range +808 +914 3 5 1.15
a contact +822 +914 3 4 1034884767
a range +822 +914 3 4 1.22
a contact +840 +930 1 2 904789456
a range +840 +930 1 2 0.12
a contact +842 +949 3 5 1174507332
a range +842 +949 3 5 1.09
a contact +846 +920 3 5 910045933
a range +846 +920 3 5 1.33
a contact +849 +944 1 2 1082014700
a range +849 +944 1 2 0.12
a contact +856 +955 3 5 1061934208
a range +856 +955 3 5 1.08
a contact +858 +965 2 3 1042899076
a range +858 +965 2 3 0.12
a contact +901 +998 3 5 1147165786
a range +901 +998 3 5 1.32
a contact +914 +1021 2 3 953266338
a range +914 +1021 2 3 0.12
a contact +939 +1443 5 6 899510521
a range +939 +1443 5 6 0.13
a contact +949 +1021 2 4 881085022
a range +949 +1021 2 4 1.16
a contact +959 +1062 1 2 852814981
a range +959 +1062 1 2 0.12
a contact +974 +1061 2 3 1069352103
a range +974 +1061 2 3 0.12
a contact +1004 +1108 2 4 1105709082
a range +1004 +1108 2 4 1.07
a contact +1023 +1127 2 3 888436712
a range +1023 +1127 2 3 0.12
a contact +1042 +1125 3 5 854100976
a range +1042 +1125 3 5 1.13
a contact +1058 +1740 5 6 887582509
a range +1058 +1740 5 6 0.13
a contact +1072 +1160 3 5 876893021
a range +1072 +1160 3 5 1.1
a contact +1079 +1173 1 2 1192364490
a range +1079 +1173 1 2 0.12
a contact +1084 +1186 2 5 976780949
a range +1084 +1186 2 5 1.03
a contact +1098 +1179 2 4 998477350
a range +1098 +1179 2 4 1.05
a contact +1106 +1202 1 3 1177670151
a range +1106 +1202 1 3 0.12
a contact +1111 +1198 2 5 1139932209
a range +1111 +1198 2 5 1.18
a contact +1113 +1195 3 5 930401705
a range +1113 +1195 3 5 1.24
a contact +1128 +1227 2 4 1185633420
a range +1128 +1227 2 4 1.2
a contact +1136 +1241 3 5 1035037554
a range +1136 +1241 3 5 1.29
a contact +1176 +1820 4 5 1001326572
a range +1176 +1820 4 5 0.13
a contact +1194 +1273 2 5 1074780242
a range +1194 +1273 2 5 1.18
a contact +1203 +1280 2 4 1031289484
a range +1203 +1280 2 4 1.12
a contact +1204 +1287 1 2 1037131902
a range +1204 +1287 1 2 0.12
a contact +1210 +1290 2 5 884547763
a range +1210 +1290 2 5 1.26
a contact +1220 +1325 1 3 854812781
a range +1220 +1325 1 3 0.12
a contact +1233 +1310 2 4 1048674047
a range +1233 +1310 2 4 1.08
a contact +1236 +1342 1 3 1161598189
a range +1236 +1342 1 3 0.12
a contact +1236 +1327 3 5 848612368
a range +1236 +1327 3 5 1.28
a contact +1243 +1344 3 4 928563190
a range +1243 +1344 3 4 1.03
a contact +1250 +1322 1 2 894534416
a range +1250 +1322 1 2 0.12
a contact +1264 +1370 1 2 1058541213
a range +1264 +1370 1 2 0.12
a contact +1268 +1372 3 4 1078310894
a range +1268 +1372 3 4 1.19
a contact +1282 +1365 1 3 963721326
a range +1282 +1365 1 3 0.12
a contact +1293 +1365 3 4 947757241
a range +1293 +1365 3 4 1.34
a contact +1302 +1407 3 5 839081831
a range +1302 +1407 3 5 1.34
a contact +1328 +1420 3 4 1016174529
a range +1328 +1420 3 4 1.06
a contact +1343 +1445 2 5 1133904750
a range +1343 +1445 2 5 1.06
a contact +1362 +1444 2 5 986514101
a range +1362 +1444 2 5 1.12
a contact +1397 +1501 3 4 896360210
a range +1397 +1501 3 4 1.12
a contact +1421 +1508 3 4 1169095265
a range +1421 +1508 3 4 1.27
a contact +1441 +1529 3 5 895034563
a range +1441 +1529 3 5 1.2
a contact +1442 +1541 3 4 1124006655
a range +1442 +1541 3 4 1.12
a contact +1443 +1529 2 3 1129359336
a range +1443 +1529 2 3 0.12
a contact +1444 +1550 2 3 992406502
a range +1444 +1550 2 3 0.12
a contact +1448 +1542 1 2 1045733501
a range +1448 +1542 1 2 0.12
a contact +1450 +1532 2 3 1143138741
a range +1450 +1532 2 3 0.12
a contact +1461 +1966 5 6 1019439645
a range +1461 +1966 5 6 0.13
a contact +1463 +1553 2 4 1084933392
a range +1463 +1553 2 4 1.04
a contact +1471 +1571 2 5 875927125
a range +1471 +1571 2 5 1.23
a contact +1472 +1561 1 3 958984725
a range +1472 +1561 1 3 0.12
a contact +1476 +1570 2 5 871302026
a range +1476 +1570 2 5 1.15
a contact +1490 +1562 1 3 1147131108
a range +1490 +1562 1 3 0.12
a contact +1493 +1600 1 2 1052237717
a range +1493 +1600 1 2 0.12
a contact +1500 +1583 2 5 1138948689
a range +1500 +1583 2 5 1.16
a contact +1501 +1592 1 2 863370882
a range +1501 +1592 1 2 0.12
a contact +1502 +1577 1 2 1135596880
a range +1502 +1577 1 2 0.12
a contact +1511 +1605 1 2 873764474
a range +1511 +1605 1 2 0.12
a contact +1513 +1618 3 4 1058901938
a range +1513 +1618 3 4 1.28
a contact +1524 +1610 1 2 914889948
a range +1524 +1610 1 2 0.12
a contact +1536 +1639 3 4 1104325938
a range +1536 +1639 3 4 1.1
a contact +1538 +1614 2 3 1039764314
a range +1538 +1614 2 3 0.12
a contact +1547 +1619 3 4 828020349
a range +1547 +1619 3 4 1.26
a contact +1561 +1644 1 2 921224835
a range +1561 +1644 1 2 0.12
a contact +1609 +1705 2 4 1009580417
a range +1609 +1705 2 4 1.11
a contact +1632 +1723 3 4 825029999
a range +1632 +1723 3 4 1.34
a contact +1646 +1744 3 4 886190970
a range +1646 +1744 3 4 1.2
a contact +1675 +1768 3 5 805947284
a range +1675 +1768 3 5 1.27
a contact +1689 +1782 2 3 1066074960
a range +1689 +1782 2 3 0.12
a contact +1692 +1793 1 3 823679262
a range +1692 +1793 1 3 0.12
a contact +1700 +1784 2 4 1034087872
a range +1700 +1784 2 4 1.14
a contact +1724 +1803 2 3 1097592221
a range +1724 +1803 2 3 0.12
a contact +1733 +1823 2 5 901390657
a range +1733 +1823 2 5 1.03
a contact +1748 +2281 4 6 852846500
a range +1748 +2281 4 6 0.13
a contact +1760 +1837 2 3 923096161
a range +1760 +1837 2 3 0.12
a contact +1760 +1865 2 5 847156351
a range +1760 +1865 2 5 1.34
a contact +1772 +1845 1 2 1184079669
a range +1772 +1845 1 2 0.12
a contact +1790 +2284 4 6 804205792
a range +1790 +2284 4 6 0.13
a contact +1793 +1892 3 4 807364165
a range +1793 +1892 3 4 1.23
a contact +1797 +1901 1 3 1168120531
a range +1797 +1901 1 3 0.12
a contact +1805 +1895 3 4 1041244129
a range +1805 +1895 3 4 1.23
a contact +1806 +1907 1 3 873130816
a range +1806 +1907 1 3 0.12
a contact +1809 +1884 2 5 1133335061
a range +1809 +1884 2 5 1.31
a contact +1813 +1904 3 4 1025560083
a range +1813 +1904 3 4 1.12
a contact +1833 +1915 3 5 1199639841
a range +1833 +1915 3 5 1.05
a contact +1838 +1910 3 5 1154523029
a range +1838 +1910 3 5 1.3
a contact +1839 +1937 2 5 961588118
a range +1839 +1937 2 5 1.25
a contact +1841 +1940 1 2 813189535
a range +1841 +1940 1 2 0.12
a contact +1884 +1979 1 3 1196770858
a range +1884 +1979 1 3 0.12
a contact +1884 +1959 3 4 894423435
a range +1884 +1959 3 4 1.18
a contact +1909 +2009 2 3 1065358796
a range +1909 +2009 2 3 0.12
a contact +1937 +2523 4 6 817582420
a range +1937 +2523 4 6 0.13
a contact +1973 +2066 1 3 1078522069
a range +1973 +2066 1 3 0.12
a contact +1974 +2077 3 5 1077598396
a range +1974 +2077 3 5 1.3
a contact +1983 +2072 1 2 1012975553
a range +1983 +2072 1 2 0.12
a contact +1988 +2619 5 6 1039265825
a range +1988 +2619 5 6 0.13
a contact +2009 +2084 1 2 1066175394
a range +2009 +2084 1 2 0.12
a contact +2012 +2090 3 5 1080315016
a range +2012 +2090 3 5 1.33
a contact +2032 +2112 3 5 833716689
a range +2032 +2112 3 5 1.14
a contact +2074 +2171 1 3 1153251353
a range +2074 +2171 1 3 0.12
a contact +2089 +2163 1 3 827333507
a range +2089 +2163 1 3 0.12
a contact +2143 +2236 2 3 1022821145
a range +2143 +2236 2 3 0.12
a contact +2164 +2265 2 5 1163786672
a range +2164 +2265 2 5 1.32
a contact +2172 +2273 1 2 906254445
a range +2172 +2273 1 2 0.12
a contact +2192 +2268 2 4 918288342
a range +2192 +2268 2 4 1.1
a contact +2197 +2272 1 3 1127677464
a range +2197 +2272 1 3 0.12
a contact +2204 +2302 3 5 1135464488
a range +2204 +2302 3 5 1.26
a contact +2244 +2322 2 4 1171655621
a range +2244 +2322 2 4 1.13
a contact +2244 +2891 4 5 801763171
a range +2244 +2891 4 5 0.13
a contact +2249 +2333 1 2 1175087422
a range +2249 +2333 1 2 0.12
a contact +2251 +2346 2 4 1008397829
a range +2251 +2346 2 4 1.32
a contact +2251 +2346 3 4 1151206741
a range +2251 +2346 3 4 1.23
a contact +2254 +2326 2 4 1163460694
a range +2254 +2326 2 4 1.12
a contact +2257 +2330 1 2 879765955
a range +2257 +2330 1 2 0.12
a contact +2263 +2350 2 5 1111195016
a range +2263 +2350 2 5 1.09
a contact +2287 +2374 1 3 1055297145
a range +2287 +2374 1 3 0.12
a contact +2316 +2399 1 2 906368396
a range +2316 +2399 1 2 0.12
a contact +2316 +2399 1 3 888601936
a range +2316 +2399 1 3 0.12
a contact +2318 +2406 2 5 1052588824
a range +2318 +2406 2 5 1.04
a contact +2322 +2408 2 5 957476457
a range +2322 +2408 2 5 1.11
a contact +2381 +2453 3 4 982180352
a range +2381 +2453 3 4 1.26
a contact +2385 +2492 1 3 969763241
a range +2385 +2492 1 3 0.12
a contact +2395 +2502 3 4 862088021
a range +2395 +2502 3 4 1.09
a contact +2404 +2497 3 5 1185242808
a range +2404 +2497 3 5 1.36
a contact +2409 +2493 1 2 1045240687
a range +2409 +2493 1 2 0.12
a contact +2427 +2515 1 2 947529368
a range +2427 +2515 1 2 0.12
a contact +2434 +2521 1 2 834656277
a range +2434 +2521 1 2 0.12
a contact +2436 +2508 2 4 1192543561
a range +2436 +2508 2 4 1.03
a contact +2440 +2522 2 5 1082333578
a range +2440 +2522 2 5 1.17
a contact +2456 +2528 3 5 1082078408
a range +2456 +2528 3 5 1.3
a contact +2458 +2558 2 4 1140495240
a range +2458 +2558 2 4 1.21
a contact +2471 +2546 2 4 957344718
a range +2471 +2546 2 4 1.34
a contact +2471 +2574 3 5 1058802922
a range +2471 +2574 3 5 1.03
a contact +2496 +2575 1 3 1027465903
a range +2496 +2575 1 3 0.12
a contact +2496 +2596 3 4 1159363565
a range +2496 +2596 3 4 1.28
a contact +2506 +2612 2 5 897551811
a range +2506 +2612 2 5 1.24
a contact +2506 +2599 3 5 1092062150
a range +2506 +2599 3 5 1.18
a contact +2521 +2621 2 3 987312058
a range +2521 +2621 2 3 0.12
a contact +2524 +2613 3 4 1015639603
a range +2524 +2613 3 4 1.12
a contact +2530 +2626 3 4 1171962898
a range +2530 +2626 3 4 1.08
a contact +2564 +2670 3 5 951389495
a range +2564 +2670 3 5 1.24
a contact +2568 +2667 2 3 1071291673
a range +2568 +2667 2 3 0.12
a contact +2582 +2665 2 4 898735208
a range +2582 +2665 2 4 1.13
a contact +2596 +2689 2 5 973872917
a range +2596 +2689 2 5 1.09
a contact +2601 +2705 2 3 1191371015
a range +2601 +2705 2 3 0.12
a contact +2614 +2695 2 5 1105078765
a range +2614 +2695 2 5 1.13
a contact +2617 +2693 1 3 915481344
a range +2617 +2693 1 3 0.12
a contact +2623 +2726 2 4 921558775
a range +2623 +2726 2 4 1.11
a contact +2639 +2714 3 4 1156332214
a range +2639 +2714 3 4 1.34
a contact +2650 +2747 2 3 984191140
a range +2650 +2747 2 3 0.12
a contact +2662 +2746 2 3 822400179
a range +2662 +2746 2 3 0.12
a contact +2668 +2772 1 3 844485928
a range +2668 +2772 1 3 0.12
a contact +2676 +2749 3 5 1024505997
a range +2676 +2749 3 5 1.36
a contact +2698 +2778 2 3 1093016188
a range +2698 +2778 2 3 0.12
a contact +2722 +2808 2 4 1133520881
a range +2722 +2808 2 4 1.08
a contact +2737 +2844 2 5 1156253390
a range +2737 +2844 2 5 1.15
a contact +2748 +2851 1 2 1130642438
a range +2748 +2851 1 2 0.12
a contact +2752 +2849 2 4 1199533627
a range +2752 +2849 2 4 1.29
a contact +2756 +2849 3 5 1002617860
a range +2756 +2849 3 5 1.16
a contact +2762 +2850 2 4 843386468
a range +2762 +2850 2 4 1.03
a contact +2769 +3388 5 6 938287082
a range +2769 +3388 5 6 0.13
a contact +2770 +3358 4 6 1145758405
a range +2770 +3358 4 6 0.13
a contact +2787 +2864 2 4 932156231
a range +2787 +2864 2 4 1.21
a contact +2803 +2883 2 5 1004254551
a range +2803 +2883 2 5 1.18
a contact +2828 +2900 2 3 1047273649
a range +2828 +2900 2 3 0.12
a contact +2828 +2932 2 4 952826101
a range +2828 +2932 2 4 1.32
a contact +2839 +2940 1 3 977554292
a range +2839 +2940 1 3 0.12
a contact +2844 +2942 1 3 888326357
a range +2844 +2942 1 3 0.12
a contact +2850 +2955 3 5 904046900
a range +2850 +2955 3 5 1.1
a contact +2852 +2946 1 2 1088923303
a range +2852 +2946 1 2 0.12
a contact +2854 +2927 1 3 817463487
a range +2854 +2927 1 3 0.12
a contact +2860 +2934 2 4 1174951933
a range +2860 +2934 2 4 1.09
a contact +2872 +2952 1 2 946723169
a range +2872 +2952 1 2 0.12
a contact +2876 +2948 1 2 982263229
a range +2876 +2948 1 2 0.12
a contact +2890 +2967 2 3 947110337
a range +2890 +2967 2 3 0.12
a contact +2901 +2988 2 4 891608104
a range +2901 +2988 2 4 1.23
a contact +2901 +3000 3 5 994056143
a range +2901 +3000 3 5 1.26
a contact +2902 +3546 4 5 843412533
a range +2902 +3546 4 5 0.13
a contact +2914 +3005 2 4 1047400909
a range +2914 +3005 2 4 1.29
a contact +2944 +3041 2 5 889262572
a range +2944 +3041 2 5 1.36
a contact +2975 +3064 1 3 1032760439
a range +2975 +3064 1 3 0.12
a contact +3002 +3086 2 3 1072639646
a range +3002 +3086 2 3 0.12
a contact +3008 +3085 3 5 1142062069
a range +3008 +3085 3 5 1.3
a contact +3035 +3124 2 4 980778415
a range +3035 +3124 2 4 1.04
a contact +3065 +3145 1 2 1144901945
a range +3065 +3145 1 2 0.12
a contact +3078 +3173 2 3 840968235
a range +3078 +3173 2 3 0.12
a contact +3089 +3188 2 5 1146295235
a range +3089 +3188 2 5 1.32
a contact +3105 +3600 4 6 1196978377
a range +3105 +3600 4 6 0.13
a contact +3110 +3199 2 5 1151096081
a range +3110 +3199 2 5 1.12
a contact +3136 +3241 2 5 935084424
a range +3136 +3241 2 5 1.37
a contact +3145 +3227 3 5 1103788684
a range +3145 +3227 3 5 1.36
a contact +3183 +3266 1 3 1064438801
a range +3183 +3266 1 3 0.12
a contact +3196 +3302 2 4 1094116214
a range +3196 +3302 2 4 1.3
a contact +3198 +3287 3 5 909289119
a range +3198 +3287 3 5 1.3
a contact +3203 +3295 2 5 1098338194
a range +3203 +3295 2 5 1.08
a contact +3203 +3305 3 4 862092865
a range +3203 +3305 3 4 1.29
a contact +3211 +3308 2 4 881240791
a range +3211 +3308 2 4 1.14
a contact +3221 +3306 2 3 967972843
a range +3221 +3306 2 3 0.12
a contact +3235 +3335 3 4 1168780047
a range +3235 +3335 3 4 1.18
a contact +3275 +3364 1 2 1060985387
a range +3275 +3364 1 2 0.12
a contact +3283 +3380 1 2 832454546
a range +3283 +3380 1 2 0.12
a contact +3287 +3393 2 4 1081752689
a range +3287 +3393 2 4 1.15
a contact +3294 +3368 2 3 961028663
a range +3294 +3368 2 3 0.12
a contact +3303 +3383 3 4 1084347451
a range +3303 +3383 3 4 1.07
a contact +3304 +3384 1 3 1010086823
a range +3304 +3384 1 3 0.12
a contact +3306 +3381 2 5 1199577054
a range +3306 +3381 2 5 1.26
a contact +3340 +3412 2 5 894076783
a range +3340 +3412 2 5 1.26
a contact +3344 +3425 2 5 947758324
a range +3344 +3425 2 5 1.07
a contact +3346 +3425 3 5 1017097205
a range +3346 +3425 3 5 1.31
a contact +3348 +3422 3 5 1038245369
a range +3348 +3422 3 5 1.31
a contact +3350 +3444 2 3 1097100213
a range +3350 +3444 2 3 0.12
a contact +3361 +3435 3 4 929789322
a range +3361 +3435 3 4 1.37
a contact +3370 +3451 1 3 1181514347
a range +3370 +3451 1 3 0.12
a contact +3374 +3466 1 3 1087993930
a range +3374 +3466 1 3 0.12
a contact +3378 +3459 1 3 842421867
a range +3378 +3459 1 3 0.12
a contact +3402 +3495 3 4 1068156541
a range +3402 +3495 3 4 1.09
a contact +3433 +3510 1 2 1036783739
a range +3433 +3510 1 2 0.12
a contact +3447 +3535 2 3 990997463
a range +3447 +3535 2 3 0.12
a contact +3465 +3538 3 4 1190315186
a range +3465 +3538 3 4 1.36
a contact +3479 +3573 2 4 1129024970
a range +3479 +3573 2 4 1.37
a contact +3485 +3581 2 3 980500842
a range +3485 +3581 2 3 0.12
a contact +3495 +3589 1 3 907973127
a range +3495 +3589 1 3 0.12
a contact +3504 +3586 2 3 1109069883
a range +3504 +3586 2 3 0.12
a contact +3515 +3600 3 4 1071133734
a range +3515 +3600 3 4 1.32
a contact +3544 +3600 1 3 1190425688
a range +3544 +3600 1 3 0.12
a contact +3548 +3600 3 4 1120201713
a range +3548 +3600 3 4 1.1
a contact +3552 +3600 2 3 895908394
a range +3552 +3600 2 3 0.12
a contact +3574 +3600 2 4 979925524
a range +3574 +3600 2 4 1.2
a contact +3574 +3600 2 5 857147074
a range +3574 +3600 2 5 1.15
a contact +3592 +3600 3 4 836214046
a range +3592 +3600 3 4 1.02

