m horizon +0
a contact +1 +23 2 4 928162814
a range +1 +23 2 4 1.24
a contact +1 +10 4 5 91191092
a range +1 +10 4 5 0.13
a contact +1 +9 1 3 99259815
a range +1 +9 1 3 0.12
a contact +1 +9 1 3 108463067
a range +1 +9 1 3 0.12
a contact +3 +11 3 2 95684501
a range +3 +11 3 2 0.12
a contact +4 +20 2 4 1078211694
a range +4 +20 2 4 1.15
a contact +4 +13 6 4 109674515
a range +4 +13 6 4 0.13
a contact +5 +13 1 2 97739598
a range +5 +13 1 2 0.12
a contact +5 +28 2 5 1019827864
a range +5 +28 2 5 1.22
a contact +6 +21 3 5 916679335
a range +6 +21 3 5 1.17
a contact +7 +31 3 4 984258940
a range +7 +31 3 4 1.14
a contact +8 +17 2 3 92825805
a range +8 +17 2 3 0.12
a contact +10 +26 3 4 972465291
a range +10 +26 3 4 1.08
a contact +11 +34 3 5 1005623451
a range +11 +34 3 5 1.33
a contact +12 +35 4 2 931023022
a range +12 +35 4 2 1.25
a contact +13 +32 5 3 928116546
a range +13 +32 5 3 1.35
a contact +15 +25 5 4 96517575
a range +15 +25 5 4 0.13
a contact +16 +33 4 2 1036057066
a range +16 +33 4 2 1.08
a contact +16 +36 3 5 1060325454
a range +16 +36 3 5 1.26
a contact +17 +36 3 5 987208200
a range +17 +36 3 5 1.28
a contact +19 +29 5 6 107078488
a range +19 +29 5 6 0.13
a contact +22 +32 3 2 98542905
a range +22 +32 3 2 0.12
a contact +22 +39 3 4 966242419
a range +22 +39 3 4 1.21
a contact +24 +35 1 3 105644330
a range +24 +35 1 3 0.12
a contact +26 +37 6 5 102807182
a range +26 +37 6 5 0.13
a contact +28 +45 4 3 967208051
a range +28 +45 4 3 1.14
a contact +29 +37 1 3 92916040
a range +29 +37 1 3 0.12
a contact +30 +38 6 5 107356828
a range +30 +38 6 5 0.13
a contact +30 +38 2 3 109758354
a range +30 +38 2 3 0.12
a contact +31 +47 5 3 982905110
a range +31 +47 5 3 1.26
a contact +33 +42 2 3 96120169
a range +33 +42 2 3 0.12
a contact +33 +57 3 4 935047589
a range +33 +57 3 4 1.24
a contact +36 +58 4 2 998978776
a range +36 +58 4 2 1.21
a contact +36 +55 5 2 998933805
a range +36 +55 5 2 1.37
a contact +38 +46 4 5 94316606
a range +38 +46 4 5 0.13
a contact +43 +54 5 6 108292194
a range +43 +54 5 6 0.13
a contact +43 +58 5 3 1042915052
a range +43 +58 5 3 1.32
a contact +43 +60 4 2 1076256255
a range +43 +60 4 2 1.03
a contact +44 +54 2 3 102314156
a range +44 +54 2 3 0.12
a contact +45 +56 5 4 104350492
a range +45 +56 5 4 0.13
a contact +45 +67 4 3 924652104
a range +45 +67 4 3 1.37
a contact +46 +57 4 5 95777329
a range +46 +57 4 5 0.13
a contact +46 +55 4 5 95144778
a range +46 +55 4 5 0.13
a contact +47 +58 4 5 98309513
a range +47 +58 4 5 0.13
a contact +49 +69 2 5 1036640320
a range +49 +69 2 5 1.18
a contact +49 +57 2 3 96844265
a range +49 +57 2 3 0.12
a contact +50 +61 6 5 93142241
a range +50 +61 6 5 0.13
a contact +51 +61 6 4 103152111
a range +51 +61 6 4 0.13
a contact +52 +69 3 5 970233438
a range +52 +69 3 5 1.2
a contact +52 +60 1 3 96975553
a range +52 +60 1 3 0.12
a contact +52 +61 4 5 96732401
a range +52 +61 4 5 0.13
a contact +52 +61 6 4 93438772
a range +52 +61 6 4 0.13
a contact +54 +63 6 5 107800942
a range +54 +63 6 5 0.13
a contact +54 +70 2 4 939752980
a range +54 +70 2 4 1.34
a contact +54 +71 2 4 1077300943
a range +54 +71 2 4 1.1
a contact +55 +76 4 3 967071294
a range +55 +76 4 3 1.06
a contact +56 +67 3 1 99141088
a range +56 +67 3 1 0.12
a contact +59 +82 5 2 930071108
a range +59 +82 5 2 1.07
a contact +59 +77 4 3 934340027
a range +59 +77 4 3 1.25
a contact +65 +76 2 3 108115345
a range +65 +76 2 3 0.12
a contact +66 +75 6 5 98251034
a range +66 +75 6 5 0.13
a contact +66 +75 1 2 107780164
a range +66 +75 1 2 0.12
a contact +66 +75 6 4 105967402
a range +66 +75 6 4 0.13
a contact +67 +77 1 2 102503968
a range +67 +77 1 2 0.12
a contact +67 +76 2 3 107747412
a range +67 +76 2 3 0.12
a contact +70 +79 2 3 102605203
a range +70 +79 2 3 0.12
a contact +75 +97 5 2 997360805
a range +75 +97 5 2 1.1
a contact +77 +97 4 3 949739458
a range +77 +97 4 3 1.26
a contact +77 +96 4 3 1009545293
a range +77 +96 4 3 1.22
a contact +80 +90 6 4 104780705
a range +80 +90 6 4 0.13
a contact +81 +104 2 5 1031432963
a range +81 +104 2 5 1.08
a contact +81 +92 1 3 91593045
a range +81 +92 1 3 0.12
a contact +84 +95 2 3 98076227
a range +84 +95 2 3 0.12
a contact +84 +92 1 3 95819349
a range +84 +92 1 3 0.12
a contact +85 +96 5 6 94567215
a range +85 +96 5 6 0.13
a contact +86 +96 6 5 101290542
a range +86 +96 6 5 0.13
a contact +87 +97 5 4 92994963
a range +87 +97 5 4 0.13
a contact +87 +98 1 2 101614923
a range +87 +98 1 2 0.12
a contact +88 +110 3 5 1097820066
a range +88 +110 3 5 1.17
a contact +88 +108 3 5 910543981
a range +88 +108 3 5 1.12
a contact +88 +105 5 3 1034667294
a range +88 +105 5 3 1.21
a contact +89 +105 3 5 952013572
a range +89 +105 3 5 1.16
a contact +92 +110 5 3 964993507
a range +92 +110 5 3 1.3
a contact +94 +105 3 2 92144985
a range +94 +105 3 2 0.12
a contact +98 +108 2 3 98061881
a range +98 +108 2 3 0.12
a contact +98 +109 6 5 107962275
a range +98 +109 6 5 0.13
a contact +99 +107 1 3 109347276
a range +99 +107 1 3 0.12
a contact +100 +120 3 4 991418715
a range +100 +120 3 4 1.22
a contact +100 +121 3 4 1056663343
a range +100 +121 3 4 1.11
a contact +102 +120 2 4 938741617
a range +102 +120 2 4 1.25
a contact +102 +112 2 3 101112471
a range +102 +112 2 3 0.12
a contact +103 +112 4 5 91643298
a range +103 +112 4 5 0.13
a contact +104 +124 5 2 1086567914
a range +104 +124 5 2 1.27
a contact +106 +127 3 5 1015923204
a range +106 +127 3 5 1.17
a contact +106 +117 4 5 105438619
a range +106 +117 4 5 0.13
a contact +108 +116 3 1 101249141
a range +108 +116 3 1 0.12
a contact +108 +117 2 1 105765443
a range +108 +117 2 1 0.12
a contact +108 +128 5 3 986852323
a range +108 +128 5 3 1.35
a contact +108 +131 2 4 981289115
a range +108 +131 2 4 1.32
a contact +108 +127 2 5 1006677483
a range +108 +127 2 5 1.11
a contact +110 +134 4 2 966801316
a range +110 +134 4 2 1.14
a contact +111 +121 3 1 109322601
a range +111 +121 3 1 0.12
a contact +111 +121 4 5 99460005
a range +111 +121 4 5 0.13
a contact +113 +137 2 4 923504210
a range +113 +137 2 4 1.03
a contact +113 +123 3 2 99230525
a range +113 +123 3 2 0.12
a contact +113 +122 4 6 92689882
a range +113 +122 4 6 0.13
a contact +115 +125 6 5 99775136
a range +115 +125 6 5 0.13
a contact +117 +139 3 5 1040935149
a range +117 +139 3 5 1.26
a contact +118 +140 5 2 951099757
a range +118 +140 5 2 1.16
a contact +120 +128 2 1 104400502
a range +120 +128 2 1 0.12
a contact +122 +145 4 3 984903494
a range +122 +145 4 3 1.04
a contact +122 +130 1 3 92760520
a range +122 +130 1 3 0.12
a contact +122 +131 5 6 97260396
a range +122 +131 5 6 0.13
a contact +123 +134 5 6 91749567
a range +123 +134 5 6 0.13
a contact +124 +148 2 4 1020089371
a range +124 +148 2 4 1.18
a contact +124 +133 5 4 91896197
a range +124 +133 5 4 0.13
a contact +124 +139 4 2 1023454918
a range +124 +139 4 2 1.28
a contact +126 +136 1 3 95198276
a range +126 +136 1 3 0.12
a contact +126 +135 1 2 92737818
a range +126 +135 1 2 0.12
a contact +126 +143 5 3 1034921016
a range +126 +143 5 3 1.31
a contact +126 +145 5 2 1074431783
a range +126 +145 5 2 1.16
a contact +129 +152 2 4 911073125
a range +129 +152 2 4 1.07
a contact +129 +139 5 6 96163819
a range +129 +139 5 6 0.13
a contact +130 +149 2 5 1036252724
a range +130 +149 2 5 1.23
a contact +131 +151 4 2 1055436654
a range +131 +151 4 2 1.11
a contact +132 +155 3 5 924498862
a range +132 +155 3 5 1.35
a contact +133 +152 5 3 1059161991
a range +133 +152 5 3 1.29
a contact +134 +154 5 3 1066594905
a range +134 +154 5 3 1.17
a contact +134 +142 1 2 98022773
a range +134 +142 1 2 0.12
a contact +135 +156 3 5 995368316
a range +135 +156 3 5 1.28
a contact +135 +159 4 3 910978128
a range +135 +159 4 3 1.15
a contact +137 +146 4 6 106698818
a range +137 +146 4 6 0.13
a contact +137 +152 3 5 972504788
a range +137 +152 3 5 1.22
a contact +137 +155 5 2 952630176
a range +137 +155 5 2 1.09
a contact +139 +155 5 2 1014152032
a range +139 +155 5 2 1.24
a contact +139 +149 1 3 109532349
a range +139 +149 1 3 0.12
a contact +139 +158 4 2 951637493
a range +139 +158 4 2 1.29
a contact +140 +161 5 3 1002645442
a range +140 +161 5 3 1.29
a contact +140 +160 4 3 1052512136
a range +140 +160 4 3 1.16
a contact +147 +158 3 2 99224447
a range +147 +158 3 2 0.12
a contact +149 +170 3 4 921851220
a range +149 +170 3 4 1.08
a contact +150 +161 4 6 100011458
a range +150 +161 4 6 0.13
a contact +151 +172 4 2 974361649
a range +151 +172 4 2 1.16
a contact +151 +173 3 5 902763807
a range +151 +173 3 5 1.1
a contact +153 +161 4 6 101029986
a range +153 +161 4 6 0.13
a contact +153 +161 5 6 107696052
a range +153 +161 5 6 0.13
a contact +154 +162 5 4 105487648
a range +154 +162 5 4 0.13
a contact +155 +179 4 3 1047719645
a range +155 +179 4 3 1.11
a contact +157 +168 2 3 97475564
a range +157 +168 2 3 0.12
a contact +158 +168 1 2 109145185
a range +158 +168 1 2 0.12
a contact +158 +168 2 1 104309865
a range +158 +168 2 1 0.12
a contact +159 +169 3 2 100408802
a range +159 +169 3 2 0.12
a contact +159 +167 3 1 102666364
a range +159 +167 3 1 0.12
a contact +161 +177 5 3 933882432
a range +161 +177 5 3 1.34
a contact +163 +171 5 6 109294732
a range +163 +171 5 6 0.13
a contact +163 +172 2 1 108392225
a range +163 +172 2 1 0.12
a contact +163 +180 4 3 1056960548
a range +163 +180 4 3 1.37
a contact +164 +174 3 2 96178609
a range +164 +174 3 2 0.12
a contact +165 +187 3 4 994865664
a range +165 +187 3 4 1.29
a contact +165 +174 5 6 97989875
a range +165 +174 5 6 0.13
a contact +166 +174 1 3 95742652
a range +166 +174 1 3 0.12
a contact +167 +185 4 2 965588802
a range +167 +185 4 2 1.04
a contact +170 +180 6 5 109016994
a range +170 +180 6 5 0.13
a contact +172 +182 6 4 100581544
a range +172 +182 6 4 0.13
a contact +173 +183 3 2 92526709
a range +173 +183 3 2 0.12
a contact +174 +182 3 1 105638706
a range +174 +182 3 1 0.12
a contact +174 +185 4 5 104996433
a range +174 +185 4 5 0.13
a contact +175 +183 2 3 93068556
a range +175 +183 2 3 0.12
a contact +177 +197 3 5 1029225986
a range +177 +197 3 5 1.06
a contact +178 +189 5 4 90813963
a range +178 +189 5 4 0.13
a contact +182 +192 5 6 100383826
a range +182 +192 5 6 0.13
a contact +182 +200 3 5 1072533052
a range +182 +200 3 5 1.37
a contact +183 +203 3 4 1023514055
a range +183 +203 3 4 1.36
a contact +184 +194 6 4 107205421
a range +184 +194 6 4 0.13
a contact +184 +200 4 3 1059940749
a range +184 +200 4 3 1.23
a contact +184 +206 4 3 1081221860
a range +184 +206 4 3 1.3
a contact +186 +209 3 4 1074136379
a range +186 +209 3 4 1.06
a contact +187 +203 4 3 941112427
a range +187 +203 4 3 1.13
a contact +187 +195 5 4 109096288
a range +187 +195 5 4 0.13
a contact +188 +199 3 2 106930936
a range +188 +199 3 2 0.12
a contact +189 +213 3 4 912187431
a range +189 +213 3 4 1.28
a contact +189 +207 4 2 953189121
a range +189 +207 4 2 1.16
a contact +191 +210 3 4 1045368189
a range +191 +210 3 4 1.3
a contact +191 +213 2 5 1003852846
a range +191 +213 2 5 1.29
a contact +195 +217 3 5 983086367
a range +195 +217 3 5 1.05
a contact +195 +205 3 2 109491832
a range +195 +205 3 2 0.12
a contact +197 +212 4 3 943163667
a range +197 +212 4 3 1.21
a contact +197 +208 6 5 90931739
a range +197 +208 6 5 0.13
a contact +197 +207 6 5 109334502
a range +197 +207 6 5 0.13
a contact +197 +220 4 3 952530730
a range +197 +220 4 3 1.3
a contact +201 +209 4 6 94111555
a range +201 +209 4 6 0.13
a contact +201 +216 3 4 973286386
a range +201 +216 3 4 1.04
a contact +202 +219 2 5 901463742
a range +202 +219 2 5 1.31
a contact +202 +220 4 3 956344372
a range +202 +220 4 3 1.22
a contact +202 +210 2 3 104253626
a range +202 +210 2 3 0.12
a contact +204 +227 3 5 973497346
a range +204 +227 3 5 1.16
a contact +207 +223 3 5 1060962285
a range +207 +223 3 5 1.35
a contact +207 +215 3 1 101855223
a range +207 +215 3 1 0.12
a contact +207 +227 5 2 907658365
a range +207 +227 5 2 1.28
a contact +208 +225 3 5 1043062745
a range +208 +225 3 5 1.36
a contact +208 +217 1 2 90906204
a range +208 +217 1 2 0.12
a contact +208 +224 3 5 1007197198
a range +208 +224 3 5 1.04
a contact +209 +231 5 3 993921824
a range +209 +231 5 3 1.12
a contact +210 +225 3 4 1005615326
a range +210 +225 3 4 1.17
a contact +211 +228 2 4 1022674541
a range +211 +228 2 4 1.24
a contact +211 +220 2 1 104992181
a range +211 +220 2 1 0.12
a contact +211 +220 4 6 93377850
a range +211 +220 4 6 0.13
a contact +213 +229 3 4 1024891773
a range +213 +229 3 4 1.03
a contact +213 +221 6 5 90738470
a range +213 +221 6 5 0.13
a contact +213 +224 4 6 103908563
a range +213 +224 4 6 0.13
a contact +214 +223 2 1 97661927
a range +214 +223 2 1 0.12
a contact +214 +222 2 3 94494908
a range +214 +222 2 3 0.12
a contact +215 +238 2 5 1069573926
a range +215 +238 2 5 1.03
a contact +215 +226 6 5 107113820
a range +215 +226 6 5 0.13
a contact +216 +226 4 5 109920553
a range +216 +226 4 5 0.13
a contact +217 +234 3 5 951414678
a range +217 +234 3 5 1.21
a contact +217 +233 4 3 936474935
a range +217 +233 4 3 1.27
a contact +219 +228 6 5 98889624
a range +219 +228 6 5 0.13
a contact +219 +227 4 5 99287061
a range +219 +227 4 5 0.13
a contact +219 +237 3 4 1072046470
a range +219 +237 3 4 1.25
a contact +220 +231 3 2 97567850
a range +220 +231 3 2 0.12
a contact +220 +229 5 4 95369756
a range +220 +229 5 4 0.13
a contact +221 +229 5 6 95171387
a range +221 +229 5 6 0.13
a contact +221 +238 5 3 965903525
a range +221 +238 5 3 1.35
a contact +222 +233 6 5 107857175
a range +222 +233 6 5 0.13
a contact +222 +245 4 3 1035543958
a range +222 +245 4 3 1.22
a contact +223 +233 1 2 98397727
a range +223 +233 1 2 0.12
a contact +223 +244 4 2 938394986
a range +223 +244 4 2 1.32
a contact +223 +242 3 4 1012687987
a range +223 +242 3 4 1.13
a contact +223 +232 5 4 93919184
a range +223 +232 5 4 0.13
a contact +225 +240 3 4 966512308
a range +225 +240 3 4 1.04
a contact +228 +236 5 6 94631322
a range +228 +236 5 6 0.13
a contact +228 +236 1 3 90647439
a range +228 +236 1 3 0.12
a contact +228 +238 6 5 93462335
a range +228 +238 6 5 0.13
a contact +229 +239 2 3 109794196
a range +229 +239 2 3 0.12
a contact +229 +240 1 2 97096465
a range +229 +240 1 2 0.12
a contact +231 +240 6 5 96304912
a range +231 +240 6 5 0.13
a contact +233 +242 1 3 90101729
a range +233 +242 1 3 0.12
a contact +236 +246 6 5 106040452
a range +236 +246 6 5 0.13
a contact +237 +245 6 5 102191020
a range +237 +245 6 5 0.13
a contact +238 +249 1 3 109149074
a range +238 +249 1 3 0.12
a contact +239 +250 2 1 95380206
a range +239 +250 2 1 0.12
a contact +240 +261 4 2 1032855590
a range +240 +261 4 2 1.24
a contact +243 +252 1 3 100456291
a range +243 +252 1 3 0.12
a contact +244 +253 1 3 95701679
a range +244 +253 1 3 0.12
a contact +245 +262 3 4 998105677
a range +245 +262 3 4 1.19
a contact +245 +265 4 3 972374924
a range +245 +265 4 3 1.34
a contact +246 +254 3 1 101756779
a range +246 +254 3 1 0.12
a contact +246 +255 5 6 107409779
a range +246 +255 5 6 0.13
a contact +247 +257 4 5 92235582
a range +247 +257 4 5 0.13
a contact +248 +256 5 6 94894677
a range +248 +256 5 6 0.13
a contact +249 +273 3 5 921527775
a range +249 +273 3 5 1.17
a contact +251 +259 4 5 90202638
a range +251 +259 4 5 0.13
a contact +255 +264 3 1 90939131
a range +255 +264 3 1 0.12
a contact +255 +266 2 1 92644315
a range +255 +266 2 1 0.12
a contact +258 +268 5 6 105988347
a range +258 +268 5 6 0.13
a contact +258 +266 2 1 93731137
a range +258 +266 2 1 0.12
a contact +259 +267 2 3 90737003
a range +259 +267 2 3 0.12
a contact +259 +268 5 6 93747005
a range +259 +268 5 6 0.13
a contact +260 +268 1 2 101789064
a range +260 +268 1 2 0.12
a contact +262 +271 3 2 104468619
a range +262 +271 3 2 0.12
a contact +264 +273 4 6 101677421
a range +264 +273 4 6 0.13
a contact +264 +272 2 3 95595665
a range +264 +272 2 3 0.12
a contact +264 +284 4 2 1011019416
a range +264 +284 4 2 1.18
a contact +264 +274 2 3 94107258
a range +264 +274 2 3 0.12
a contact +264 +275 1 2 101013083
a range +264 +275 1 2 0.12
a contact +265 +281 4 2 1056664781
a range +265 +281 4 2 1.03
a contact +265 +276 3 2 96868381
a range +265 +276 3 2 0.12
a contact +265 +273 3 1 109312791
a range +265 +273 3 1 0.12
a contact +267 +278 4 6 100368772
a range +267 +278 4 6 0.13
a contact +272 +283 3 1 104428622
a range +272 +283 3 1 0.12
a contact +273 +284 5 4 99574158
a range +273 +284 5 4 0.13
a contact +273 +282 3 1 98887954
a range +273 +282 3 1 0.12
a contact +273 +284 1 2 99590820
a range +273 +284 1 2 0.12
a contact +274 +295 4 2 924621628
a range +274 +295 4 2 1.17
a contact +275 +283 2 1 109492070
a range +275 +283 2 1 0.12
a contact +277 +293 2 5 960497293
a range +277 +293 2 5 1.02
a contact +277 +288 1 2 92359004
a range +277 +288 1 2 0.12
a contact +277 +288 4 5 91697780
a range +277 +288 4 5 0.13
a contact +277 +285 4 5 99181562
a range +277 +285 4 5 0.13
a contact +278 +288 2 1 102864933
a range +278 +288 2 1 0.12
a contact +278 +287 4 5 98657241
a range +278 +287 4 5 0.13
a contact +279 +290 2 3 104400149
a range +279 +290 2 3 0.12
a contact +279 +303 5 2 901412959
a range +279 +303 5 2 1.3
a contact +280 +289 5 4 100702571
a range +280 +289 5 4 0.13
a contact +281 +304 5 3 1077146401
a range +281 +304 5 3 1.18
a contact +281 +300 5 3 1007803486
a range +281 +300 5 3 1.36
a contact +282 +293 5 6 93173717
a range +282 +293 5 6 0.13
a contact +282 +305 5 3 1090906937
a range +282 +305 5 3 1.11
a contact +282 +292 6 4 107019630
a range +282 +292 6 4 0.13
a contact +285 +294 4 5 90403394
a range +285 +294 4 5 0.13
a contact +285 +303 2 5 1056443268
a range +285 +303 2 5 1.35
a contact +286 +295 5 6 99423227
a range +286 +295 5 6 0.13
a contact +286 +296 2 1 107524154
a range +286 +296 2 1 0.12
a contact +286 +310 5 2 1049389557
a range +286 +310 5 2 1.27
a contact +289 +308 4 3 1085752321
a range +289 +308 4 3 1.29
a contact +290 +298 1 2 90382474
a range +290 +298 1 2 0.12
a contact +290 +311 3 4 952181534
a range +290 +311 3 4 1.33
a contact +292 +301 2 3 94598273
a range +292 +301 2 3 0.12
a contact +292 +301 2 3 104331352
a range +292 +301 2 3 0.12
a contact +293 +308 2 4 927324922
a range +293 +308 2 4 1.26
a contact +297 +305 3 1 96454534
a range +297 +305 3 1 0.12
a contact +300 +322 2 4 972145877
a range +300 +322 2 4 1.25
a contact +301 +324 3 5 1040764459
a range +301 +324 3 5 1.2
a contact +301 +310 3 1 96354465
a range +301 +310 3 1 0.12
a contact +301 +325 4 2 1047911747
a range +301 +325 4 2 1.09
a contact +303 +314 1 3 91613873
a range +303 +314 1 3 0.12
a contact +304 +322 4 2 1041826559
a range +304 +322 4 2 1.05
a contact +304 +315 5 6 102351880
a range +304 +315 5 6 0.13
a contact +305 +322 3 5 947619852
a range +305 +322 3 5 1.19
a contact +306 +316 6 4 91822012
a range +306 +316 6 4 0.13
a contact +306 +314 2 1 102178018
a range +306 +314 2 1 0.12
a contact +307 +316 1 3 90541893
a range +307 +316 1 3 0.12
a contact +307 +326 3 4 1075288763
a range +307 +326 3 4 1.03
a contact +308 +317 4 5 104617813
a range +308 +317 4 5 0.13
a contact +309 +317 2 3 101112987
a range +309 +317 2 3 0.12
a contact +310 +330 4 3 1006873581
a range +310 +330 4 3 1.21
a contact +310 +330 5 3 1066128930
a range +310 +330 5 3 1.17
a contact +310 +318 5 6 92704804
a range +310 +318 5 6 0.13
a contact +311 +322 4 5 92981962
a range +311 +322 4 5 0.13
a contact +312 +322 3 1 106734411
a range +312 +322 3 1 0.12
a contact +313 +336 3 4 1099213364
a range +313 +336 3 4 1.09
a contact +313 +321 3 2 102204864
a range +313 +321 3 2 0.12
a contact +316 +324 3 1 106997964
a range +316 +324 3 1 0.12
a contact +316 +326 2 1 105626729
a range +316 +326 2 1 0.12
a contact +317 +328 5 6 96262604
a range +317 +328 5 6 0.13
a contact +317 +326 5 6 105641506
a range +317 +326 5 6 0.13
a contact +320 +335 2 5 907603279
a range +320 +335 2 5 1.3
a contact +321 +330 1 2 97199231
a range +321 +330 1 2 0.12
a contact +322 +330 6 5 95293951
a range +322 +330 6 5 0.13
a contact +322 +343 3 4 962592642
a range +322 +343 3 4 1.21
a contact +323 +331 2 3 104130524
a range +323 +331 2 3 0.12
a contact +323 +332 5 6 90190687
a range +323 +332 5 6 0.13
a contact +323 +334 1 2 94814908
a range +323 +334 1 2 0.12
a contact +324 +348 2 4 993275527
a range +324 +348 2 4 1.15
a contact +325 +334 1 3 97502698
a range +325 +334 1 3 0.12
a contact +326 +347 5 2 983013290
a range +326 +347 5 2 1.19
a contact +329 +347 4 2 961864041
a range +329 +347 4 2 1.03
a contact +331 +339 3 2 103545891
a range +331 +339 3 2 0.12
a contact +333 +341 4 5 92850176
a range +333 +341 4 5 0.13
a contact +334 +343 5 6 96081580
a range +334 +343 5 6 0.13
a contact +335 +355 3 5 1065275790
a range +335 +355 3 5 1.24
a contact +337 +346 1 2 105904794
a range +337 +346 1 2 0.12
a contact +337 +345 5 6 93708719
a range +337 +345 5 6 0.13
a contact +337 +345 5 6 105355291
a range +337 +345 5 6 0.13
a contact +338 +348 1 2 105339796
a range +338 +348 1 2 0.12
a contact +339 +350 4 5 98888760
a range +339 +350 4 5 0.13
a contact +339 +349 4 5 102630008
a range +339 +349 4 5 0.13
a contact +340 +349 4 5 97682426
a range +340 +349 4 5 0.13
a contact +340 +358 2 5 1005356249
a range +340 +358 2 5 1.24
a contact +340 +350 1 2 96095834
a range +340 +350 1 2 0.12
a contact +341 +351 3 2 102211215
a range +341 +351 3 2 0.12
a contact +342 +366 3 5 1071658630
a range +342 +366 3 5 1.35
a contact +342 +357 2 5 914244295
a range +342 +357 2 5 1.05
a contact +342 +351 6 5 91031384
a range +342 +351 6 5 0.13
a contact +342 +358 2 4 944333099
a range +342 +358 2 4 1.21
a contact +343 +364 4 2 960362525
a range +343 +364 4 2 1.22
a contact +345 +365 5 2 1022872259
a range +345 +365 5 2 1.23
a contact +345 +354 5 4 103888542
a range +345 +354 5 4 0.13
a contact +345 +354 5 4 93685033
a range +345 +354 5 4 0.13
a contact +346 +356 1 2 105221675
a range +346 +356 1 2 0.12
a contact +347 +355 3 1 90346128
a range +347 +355 3 1 0.12
a contact +348 +359 3 2 96906341
a range +348 +359 3 2 0.12
a contact +350 +359 3 2 101484019
a range +350 +359 3 2 0.12
a contact +351 +375 5 2 939808626
a range +351 +375 5 2 1.27
a contact +351 +366 3 4 1052515647
a range +351 +366 3 4 1.26
a contact +352 +360 3 2 109662444
a range +352 +360 3 2 0.12
a contact +353 +364 5 4 90202164
a range +353 +364 5 4 0.13
a contact +353 +374 2 5 908176283
a range +353 +374 2 5 1.13
a contact +358 +374 2 5 921144799
a range +358 +374 2 5 1.07
a contact +358 +377 4 2 1032929576
a range +358 +377 4 2 1.03
a contact +359 +370 4 5 96795278
a range +359 +370 4 5 0.13
a contact +359 +370 4 5 104067661
a range +359 +370 4 5 0.13
a contact +360 +371 2 1 102247555
a range +360 +371 2 1 0.12
a contact +361 +371 2 1 96111938
a range +361 +371 2 1 0.12
a contact +363 +371 5 6 95595375
a range +363 +371 5 6 0.13
a contact +363 +374 1 2 96577995
a range +363 +374 1 2 0.12
a contact +364 +374 3 2 97766675
a range +364 +374 3 2 0.12
a contact +365 +375 5 4 103292021
a range +365 +375 5 4 0.13
a contact +366 +386 4 3 1063301585
a range +366 +386 4 3 1.32
a contact +367 +375 5 4 94512661
a range +367 +375 5 4 0.13
a contact +368 +378 1 2 103312408
a range +368 +378 1 2 0.12
a contact +369 +392 3 5 913459068
a range +369 +392 3 5 1.37
a contact +370 +380 6 4 103526388
a range +370 +380 6 4 0.13
a contact +370 +381 4 5 97141762
a range +370 +381 4 5 0.13
a contact +370 +380 5 4 92845524
a range +370 +380 5 4 0.13
a contact +370 +391 5 2 936446339
a range +370 +391 5 2 1.29
a contact +371 +382 1 3 97304324
a range +371 +382 1 3 0.12
a contact +372 +388 5 3 942834350
a range +372 +388 5 3 1.18
a contact +375 +385 2 1 99565264
a range +375 +385 2 1 0.12
a contact +376 +391 4 2 1086451896
a range +376 +391 4 2 1.29
a contact +376 +385 2 1 99663403
a range +376 +385 2 1 0.12
a contact +378 +388 5 6 107996979
a range +378 +388 5 6 0.13
a contact +379 +387 3 1 104649509
a range +379 +387 3 1 0.12
a contact +379 +400 5 3 1001412464
a range +379 +400 5 3 1.08
a contact +380 +388 2 3 96566831
a range +380 +388 2 3 0.12
a contact +382 +392 5 6 101292587
a range +382 +392 5 6 0.13
a contact +382 +391 5 4 91319770
a range +382 +391 5 4 0.13
a contact +383 +400 5 2 1004063208
a range +383 +400 5 2 1.18
a contact +385 +393 3 1 95606782
a range +385 +393 3 1 0.12
a contact +385 +408 2 5 929086908
a range +385 +408 2 5 1.13
a contact +385 +395 2 3 90312445
a range +385 +395 2 3 0.12
a contact +385 +394 2 3 92900406
a range +385 +394 2 3 0.12
a contact +386 +397 6 5 103497996
a range +386 +397 6 5 0.13
a contact +387 +395 6 4 104056778
a range +387 +395 6 4 0.13
a contact +387 +408 2 4 1077788428
a range +387 +408 2 4 1.33
a contact +391 +414 2 4 1050590738
a range +391 +414 2 4 1.24
a contact +391 +402 1 3 104847233
a range +391 +402 1 3 0.12
a contact +391 +402 1 3 90013827
a range +391 +402 1 3 0.12
a contact +392 +402 6 5 99428635
a range +392 +402 6 5 0.13
a contact +392 +402 4 6 95996406
a range +392 +402 4 6 0.13
a contact +393 +408 4 2 1079533114
a range +393 +408 4 2 1.15
a contact +393 +403 5 4 104692651
a range +393 +403 5 4 0.13
a contact +393 +402 2 1 90790570
a range +393 +402 2 1 0.12
a contact +395 +403 6 4 97238292
a range +395 +403 6 4 0.13
a contact +395 +417 4 2 914330742
a range +395 +417 4 2 1.33
a contact +396 +405 6 4 93463656
a range +396 +405 6 4 0.13
a contact +396 +404 1 2 97375962
a range +396 +404 1 2 0.12
a contact +397 +406 6 5 101978161
a range +397 +406 6 5 0.13
a contact +398 +414 2 4 980254745
a range +398 +414 2 4 1.19
a contact +398 +409 6 4 96015074
a range +398 +409 6 4 0.13
a contact +400 +411 2 1 100949210
a range +400 +411 2 1 0.12
a contact +400 +408 1 3 109969923
a range +400 +408 1 3 0.12
a contact +400 +419 4 3 1025593412
a range +400 +419 4 3 1.21
a contact +403 +413 2 1 109387365
a range +403 +413 2 1 0.12
a contact +404 +427 4 2 962067565
a range +404 +427 4 2 1.34
a contact +405 +428 3 4 1003272153
a range +405 +428 3 4 1.19
a contact +405 +427 3 5 1014073617
a range +405 +427 3 5 1.29
a contact +406 +416 4 6 94700626
a range +406 +416 4 6 0.13
a contact +406 +417 3 2 96640468
a range +406 +417 3 2 0.12
a contact +408 +428 4 3 982459523
a range +408 +428 4 3 1.38
a contact +409 +419 3 1 92196882
a range +409 +419 3 1 0.12
a contact +412 +430 5 2 1085504246
a range +412 +430 5 2 1.22
a contact +412 +436 4 3 1052665066
a range +412 +436 4 3 1.08
a contact +413 +421 2 3 92028122
a range +413 +421 2 3 0.12
a contact +413 +434 3 4 1025625006
a range +413 +434 3 4 1.37
a contact +415 +425 5 4 104377064
a range +415 +425 5 4 0.13
a contact +415 +426 4 6 108154410
a range +415 +426 4 6 0.13
a contact +415 +437 4 3 1009162112
a range +415 +437 4 3 1.25
a contact +415 +439 4 3 933720902
a range +415 +439 4 3 1.36
a contact +418 +429 6 5 96085475
a range +418 +429 6 5 0.13
a contact +420 +436 4 3 1042412936
a range +420 +436 4 3 1.18
a contact +420 +429 5 6 108756395
a range +420 +429 5 6 0.13
a contact +421 +430 4 5 102469041
a range +421 +430 4 5 0.13
a contact +421 +431 2 3 91371115
a range +421 +431 2 3 0.12
a contact +423 +432 1 3 91131399
a range +423 +432 1 3 0.12
a contact +424 +433 4 5 107219009
a range +424 +433 4 5 0.13
a contact +425 +433 1 3 101899438
a range +425 +433 1 3 0.12
a contact +425 +441 2 5 1067164612
a range +425 +441 2 5 1.07
a contact +427 +436 6 4 101832960
a range +427 +436 6 4 0.13
a contact +427 +438 1 2 99444952
a range +427 +438 1 2 0.12
a contact +427 +436 6 4 96003976
a range +427 +436 6 4 0.13
a contact +428 +436 1 2 103942527
a range +428 +436 1 2 0.12
a contact +428 +445 5 2 1095838604
a range +428 +445 5 2 1.06
a contact +431 +442 6 5 99991226
a range +431 +442 6 5 0.13
a contact +433 +444 4 6 91137125
a range +433 +444 4 6 0.13
a contact +433 +441 6 4 103197885
a range +433 +441 6 4 0.13
a contact +433 +455 4 2 958923077
a range +433 +455 4 2 1.03
a contact +435 +444 6 4 95471846
a range +435 +444 6 4 0.13
a contact +435 +445 2 1 101483227
a range +435 +445 2 1 0.12
a contact +437 +447 3 1 91078570
a range +437 +447 3 1 0.12
a contact +438 +461 4 3 973272628
a range +438 +461 4 3 1.24
a contact +438 +447 6 4 105657895
a range +438 +447 6 4 0.13
a contact +441 +450 1 3 90058457
a range +441 +450 1 3 0.12
a contact +441 +449 1 3 105989058
a range +441 +449 1 3 0.12
a contact +442 +452 4 6 108948686
a range +442 +452 4 6 0.13
a contact +443 +454 4 6 108051624
a range +443 +454 4 6 0.13
a contact +443 +451 1 2 109073979
a range +443 +451 1 2 0.12
a contact +444 +453 1 3 107804606
a range +444 +453 1 3 0.12
a contact +445 +466 5 3 920540272
a range +445 +466 5 3 1.03
a contact +446 +456 3 1 101570459
a range +446 +456 3 1 0.12
a contact +448 +456 4 6 99253150
a range +448 +456 4 6 0.13
a contact +449 +473 5 3 910462206
a range +449 +473 5 3 1.09
a contact +449 +473 5 2 1004418494
a range +449 +473 5 2 1.15
a contact +449 +459 3 2 98751275
a range +449 +459 3 2 0.12
a contact +450 +467 5 2 949484952
a range +450 +467 5 2 1.17
a contact +453 +461 5 6 108782655
a range +453 +461 5 6 0.13
a contact +454 +465 4 5 90273063
a range +454 +465 4 5 0.13
a contact +454 +478 4 2 950638037
a range +454 +478 4 2 1.1
a contact +454 +464 4 5 94555527
a range +454 +464 4 5 0.13
a contact +454 +462 6 5 102734589
a range +454 +462 6 5 0.13
a contact +456 +466 6 4 97028543
a range +456 +466 6 4 0.13
a contact +456 +471 4 3 988039685
a range +456 +471 4 3 1.15
a contact +458 +467 6 5 98311994
a range +458 +467 6 5 0.13
a contact +458 +467 5 6 96567676
a range +458 +467 5 6 0.13
a contact +459 +468 5 4 97446916
a range +459 +468 5 4 0.13
a contact +461 +471 6 5 101024362
a range +461 +471 6 5 0.13
a contact +461 +472 1 2 91436248
a range +461 +472 1 2 0.12
a contact +461 +469 3 1 95767298
a range +461 +469 3 1 0.12
a contact +462 +486 3 5 951981351
a range +462 +486 3 5 1.3
a contact +468 +476 5 6 109461353
a range +468 +476 5 6 0.13
a contact +469 +477 5 4 96314907
a range +469 +477 5 4 0.13
a contact +471 +482 2 3 90038695
a range +471 +482 2 3 0.12
a contact +471 +482 1 3 108180919
a range +471 +482 1 3 0.12
a contact +473 +482 3 1 108151377
a range +473 +482 3 1 0.12
a contact +475 +494 3 5 1075781931
a range +475 +494 3 5 1.24
a contact +475 +485 1 3 94703236
a range +475 +485 1 3 0.12
a contact +477 +486 6 4 98014084
a range +477 +486 6 4 0.13
a contact +480 +488 6 4 108781778
a range +480 +488 6 4 0.13
a contact +484 +507 5 2 1064382076
a range +484 +507 5 2 1.37
a contact +485 +500 5 3 1063174867
a range +485 +500 5 3 1.3
a contact +488 +496 6 4 96379180
a range +488 +496 6 4 0.13
a contact +489 +509 3 4 996157048
a range +489 +509 3 4 1.02
a contact +490 +508 5 2 1023809105
a range +490 +508 5 2 1.38
a contact +490 +501 5 4 92490129
a range +490 +501 5 4 0.13
a contact +491 +514 2 5 1031219289
a range +491 +514 2 5 1.32
a contact +493 +501 6 4 92566833
a range +493 +501 6 4 0.13
a contact +493 +503 5 4 93930805
a range +493 +503 5 4 0.13
a contact +494 +505 6 4 93145534
a range +494 +505 6 4 0.13
a contact +496 +504 3 2 98725231
a range +496 +504 3 2 0.12
a contact +496 +516 3 5 1011620461
a range +496 +516 3 5 1.29
a contact +496 +505 6 5 96857879
a range +496 +505 6 5 0.13
a contact +496 +507 4 6 96013256
a range +496 +507 4 6 0.13
a contact +499 +509 4 6 91499096
a range +499 +509 4 6 0.13
a contact +500 +509 1 2 92677152
a range +500 +509 1 2 0.12
a contact +500 +509 1 3 99917463
a range +500 +509 1 3 0.12
a contact +501 +510 3 1 92247470
a range +501 +510 3 1 0.12
a contact +502 +522 4 3 921660882
a range +502 +522 4 3 1.38
a contact +502 +518 5 3 1026128806
a range +502 +518 5 3 1.09
a contact +503 +519 5 3 1080101086
a range +503 +519 5 3 1.18
a contact +503 +514 5 4 107024152
a range +503 +514 5 4 0.13
a contact +504 +513 2 3 107369654
a range +504 +513 2 3 0.12
a contact +504 +519 5 2 1059892988
a range +504 +519 5 2 1.19
a contact +505 +514 6 4 98128897
a range +505 +514 6 4 0.13
a contact +505 +515 2 3 98843283
a range +505 +515 2 3 0.12
a contact +506 +515 2 3 95012705
a range +506 +515 2 3 0.12
a contact +511 +527 3 4 1059585401
a range +511 +527 3 4 1.19
a contact +513 +531 2 4 1045287950
a range +513 +531 2 4 1.29
a contact +513 +522 6 4 103563786
a range +513 +522 6 4 0.13
a contact +516 +527 4 5 105045323
a range +516 +527 4 5 0.13
a contact +518 +539 4 3 1017498844
a range +518 +539 4 3 1.31
a contact +518 +527 3 1 104050431
a range +518 +527 3 1 0.12
a contact +519 +543 3 5 946271089
a range +519 +543 3 5 1.21
a contact +521 +530 5 6 108385362
a range +521 +530 5 6 0.13
a contact +524 +535 6 4 108089768
a range +524 +535 6 4 0.13
a contact +526 +537 1 2 108371122
a range +526 +537 1 2 0.12
a contact +527 +538 6 5 98156806
a range +527 +538 6 5 0.13
a contact +528 +549 4 2 937705453
a range +528 +549 4 2 1.15
a contact +529 +539 3 1 93187503
a range +529 +539 3 1 0.12
a contact +530 +551 4 3 932325632
a range +530 +551 4 3 1.28
a contact +531 +540 2 3 98685328
a range +531 +540 2 3 0.12
a contact +532 +541 1 2 95967836
a range +532 +541 1 2 0.12
a contact +534 +542 2 1 91727790
a range +534 +542 2 1 0.12
a contact +534 +545 3 2 97891594
a range +534 +545 3 2 0.12
a contact +534 +552 4 3 950115200
a range +534 +552 4 3 1.03
a contact +535 +543 4 6 102971544
a range +535 +543 4 6 0.13
a contact +536 +546 5 6 106503379
a range +536 +546 5 6 0.13
a contact +539 +557 5 3 963802574
a range +539 +557 5 3 1.08
a contact +539 +549 1 3 102172253
a range +539 +549 1 3 0.12
a contact +540 +556 2 4 969246373
a range +540 +556 2 4 1.12
a contact +541 +549 5 4 102921023
a range +541 +549 5 4 0.13
a contact +542 +550 2 1 95970819
a range +542 +550 2 1 0.12
a contact +543 +552 5 6 96269257
a range +543 +552 5 6 0.13
a contact +545 +553 4 6 100180003
a range +545 +553 4 6 0.13
a contact +547 +558 5 4 107187085
a range +547 +558 5 4 0.13
a contact +548 +558 1 2 96001366
a range +548 +558 1 2 0.12
a contact +552 +562 5 4 91370125
a range +552 +562 5 4 0.13
a contact +554 +576 3 5 967756746
a range +554 +576 3 5 1.17
a contact +555 +579 4 2 1085314446
a range +555 +579 4 2 1.2
a contact +555 +564 5 4 101967808
a range +555 +564 5 4 0.13
a contact +557 +568 6 5 100652923
a range +557 +568 6 5 0.13
a contact +561 +585 3 4 1048188487
a range +561 +585 3 4 1.04
a contact +562 +570 5 4 99309419
a range +562 +570 5 4 0.13
a contact +562 +586 5 2 1036924258
a range +562 +586 5 2 1.1
a contact +563 +584 2 5 1054830132
a range +563 +584 2 5 1.16
a contact +563 +573 4 6 101394385
a range +563 +573 4 6 0.13
a contact +563 +571 5 6 97283375
a range +563 +571 5 6 0.13
a contact +564 +586 2 5 1019718482
a range +564 +586 2 5 1.06
a contact +564 +575 2 3 93307753
a range +564 +575 2 3 0.12
a contact +567 +577 5 6 109686015
a range +567 +577 5 6 0.13
a contact +568 +578 4 5 100562191
a range +568 +578 4 5 0.13
a contact +569 +593 3 4 1055055372
a range +569 +593 3 4 1.37
a contact +569 +592 5 3 1099395620
a range +569 +592 5 3 1.36
a contact +571 +579 5 4 103089389
a range +571 +579 5 4 0.13
a contact +571 +579 6 4 106096767
a range +571 +579 6 4 0.13
a contact +571 +579 6 5 108842037
a range +571 +579 6 5 0.13
a contact +572 +581 3 2 108520056
a range +572 +581 3 2 0.12
a contact +572 +583 5 6 93649767
a range +572 +583 5 6 0.13
a contact +574 +594 3 5 1068902093
a range +574 +594 3 5 1.36
a contact +576 +594 3 4 1097728143
a range +576 +594 3 4 1.16
a contact +577 +596 2 5 921760661
a range +577 +596 2 5 1.3
a contact +577 +585 1 3 109278893
a range +577 +585 1 3 0.12
a contact +578 +589 6 4 99974333
a range +578 +589 6 4 0.13
a contact +580 +590 6 4 106684389
a range +580 +590 6 4 0.13
a contact +580 +591 5 6 104739785
a range +580 +591 5 6 0.13
a contact +581 +591 1 3 105998844
a range +581 +591 1 3 0.12
a contact +582 +593 6 5 95783313
a range +582 +593 6 5 0.13
a contact +583 +592 5 4 96454709
a range +583 +592 5 4 0.13
a contact +584 +608 4 2 947119556
a range +584 +608 4 2 1.35
a contact +585 +596 4 6 94380735
a range +585 +596 4 6 0.13
a contact +587 +596 2 1 92590428
a range +587 +596 2 1 0.12
a contact +587 +606 3 5 917520679
a range +587 +606 3 5 1.34
a contact +589 +599 1 3 104097638
a range +589 +599 1 3 0.12
a contact +592 +602 5 4 90998949
a range +592 +602 5 4 0.13
a contact +592 +612 5 2 941363447
a range +592 +612 5 2 1.22
a contact +593 +604 2 1 105985034
a range +593 +604 2 1 0.12
a contact +594 +602 2 1 100361537
a range +594 +602 2 1 0.12
a contact +596 +607 1 2 109748722
a range +596 +607 1 2 0.12
a contact +596 +607 1 2 103144498
a range +596 +607 1 2 0.12
a contact +596 +616 5 2 925175802
a range +596 +616 5 2 1.14
a contact +597 +605 6 4 102966237
a range +597 +605 6 4 0.13
a contact +597 +613 5 2 1091442775
a range +597 +613 5 2 1.1
a contact +598 +608 3 1 100625268
a range +598 +608 3 1 0.12
a contact +598 +608 5 6 100495673
a range +598 +608 5 6 0.13
a contact +600 +609 1 3 108543571
a range +600 +609 1 3 0.12
a contact +601 +612 1 2 105533359
a range +601 +612 1 2 0.12
a contact +601 +610 6 4 105863744
a range +601 +610 6 4 0.13
a contact +604 +615 2 1 95938776
a range +604 +615 2 1 0.12
a contact +604 +626 4 3 902975175
a range +604 +626 4 3 1.32
a contact +605 +624 2 5 987347655
a range +605 +624 2 5 1.13
a contact +607 +617 4 5 97005453
a range +607 +617 4 5 0.13
a contact +608 +618 1 3 109841240
a range +608 +618 1 3 0.12
a contact +609 +620 3 1 100219709
a range +609 +620 3 1 0.12
a contact +610 +619 5 4 104418894
a range +610 +619 5 4 0.13
a contact +612 +620 3 2 96405973
a range +612 +620 3 2 0.12
a contact +612 +620 5 6 94357097
a range +612 +620 5 6 0.13
a contact +613 +632 5 3 1037192802
a range +613 +632 5 3 1.27
a contact +614 +622 6 5 98418429
a range +614 +622 6 5 0.13
a contact +617 +638 4 2 1072034065
a range +617 +638 4 2 1.34
a contact +617 +627 6 5 90063150
a range +617 +627 6 5 0.13
a contact +619 +634 2 4 924028694
a range +619 +634 2 4 1.32
a contact +619 +630 4 5 105462845
a range +619 +630 4 5 0.13
a contact +620 +639 4 3 1042451552
a range +620 +639 4 3 1.2
a contact +620 +636 2 4 970681866
a range +620 +636 2 4 1.16
a contact +621 +640 5 3 986009715
a range +621 +640 5 3 1.37
a contact +621 +641 3 5 967659748
a range +621 +641 3 5 1.16
a contact +623 +632 5 6 102406219
a range +623 +632 5 6 0.13
a contact +625 +644 3 5 1092344378
a range +625 +644 3 5 1.34
a contact +626 +636 6 5 96639419
a range +626 +636 6 5 0.13
a contact +627 +643 2 4 975130849
a range +627 +643 2 4 1.26
a contact +627 +645 5 2 1052555695
a range +627 +645 5 2 1.28
a contact +631 +649 5 2 1051598903
a range +631 +649 5 2 1.12
a contact +631 +640 5 6 106054809
a range +631 +640 5 6 0.13
a contact +632 +651 2 5 1018502442
a range +632 +651 2 5 1.19
a contact +633 +653 3 4 1096876041
a range +633 +653 3 4 1.23
a contact +635 +645 3 1 108914563
a range +635 +645 3 1 0.12
a contact +638 +653 2 5 928148639
a range +638 +653 2 5 1.32
a contact +638 +662 2 5 1009349223
a range +638 +662 2 5 1.19
a contact +639 +648 1 3 102338131
a range +639 +648 1 3 0.12
a contact +639 +649 5 6 91418278
a range +639 +649 5 6 0.13
a contact +639 +648 1 3 96397308
a range +639 +648 1 3 0.12
a contact +640 +655 2 5 1062938645
a range +640 +655 2 5 1.24
a contact +641 +661 2 4 933412789
a range +641 +661 2 4 1.33
a contact +642 +650 1 2 95648770
a range +642 +650 1 2 0.12
a contact +642 +650 1 2 94298304
a range +642 +650 1 2 0.12
a contact +643 +661 2 5 1048662044
a range +643 +661 2 5 1.15
a contact +643 +652 5 6 100307634
a range +643 +652 5 6 0.13
a contact +644 +653 1 2 106167926
a range +644 +653 1 2 0.12
a contact +644 +664 4 3 1047513685
a range +644 +664 4 3 1.31
a contact +644 +665 3 4 1032978560
a range +644 +665 3 4 1.19
a contact +646 +666 4 2 909523776
a range +646 +666 4 2 1.06
a contact +646 +669 4 2 1058924622
a range +646 +669 4 2 1.37
a contact +647 +657 1 3 102753047
a range +647 +657 1 3 0.12
a contact +653 +670 3 4 976791821
a range +653 +670 3 4 1.37
a contact +654 +663 2 1 93804818
a range +654 +663 2 1 0.12
a contact +654 +665 6 4 91482662
a range +654 +665 6 4 0.13
a contact +654 +672 4 3 1089154375
a range +654 +672 4 3 1.38
a contact +654 +672 2 5 1054536433
a range +654 +672 2 5 1.08
a contact +656 +673 2 4 911849160
a range +656 +673 2 4 1.24
a contact +657 +676 3 4 939672383
a range +657 +676 3 4 1.05
a contact +659 +679 5 3 1013634314
a range +659 +679 5 3 1.27
a contact +661 +670 4 6 99589131
a range +661 +670 4 6 0.13
a contact +662 +686 3 5 936777761
a range +662 +686 3 5 1.21
a contact +662 +679 5 2 958433087
a range +662 +679 5 2 1.11
a contact +663 +678 4 3 1064732910
a range +663 +678 4 3 1.27
a contact +663 +671 3 1 109341324
a range +663 +671 3 1 0.12
a contact +665 +674 6 5 96325595
a range +665 +674 6 5 0.13
a contact +667 +678 1 2 101939619
a range +667 +678 1 2 0.12
a contact +669 +684 5 3 1044150740
a range +669 +684 5 3 1.03
a contact +669 +678 2 3 100800271
a range +669 +678 2 3 0.12
a contact +669 +679 5 6 102594640
a range +669 +679 5 6 0.13
a contact +670 +679 3 2 90979313
a range +670 +679 3 2 0.12
a contact +670 +688 2 5 1053526084
a range +670 +688 2 5 1.14
a contact +670 +687 2 5 1066749363
a range +670 +687 2 5 1.05
a contact +670 +680 2 3 94351696
a range +670 +680 2 3 0.12
a contact +672 +683 5 4 96116653
a range +672 +683 5 4 0.13
a contact +672 +680 1 2 91189462
a range +672 +680 1 2 0.12
a contact +674 +696 4 2 1087942066
a range +674 +696 4 2 1.37
a contact +674 +684 5 4 103447747
a range +674 +684 5 4 0.13
a contact +674 +690 2 4 944072426
a range +674 +690 2 4 1.07
a contact +675 +694 5 3 1060680399
a range +675 +694 5 3 1.35
a contact +676 +685 4 5 103322777
a range +676 +685 4 5 0.13
a contact +676 +684 2 3 103627131
a range +676 +684 2 3 0.12
a contact +677 +696 2 4 1048207003
a range +677 +696 2 4 1.32
a contact +678 +686 6 5 100681539
a range +678 +686 6 5 0.13
a contact +679 +687 5 4 97063794
a range +679 +687 5 4 0.13
a contact +681 +701 5 3 948447109
a range +681 +701 5 3 1.21
a contact +683 +694 2 1 103655581
a range +683 +694 2 1 0.12
a contact +684 +701 2 5 913722904
a range +684 +701 2 5 1.32
a contact +686 +697 3 1 109588408
a range +686 +697 3 1 0.12
a contact +687 +705 4 2 968612329
a range +687 +705 4 2 1.27
a contact +687 +704 5 3 1023907165
a range +687 +704 5 3 1.05
a contact +689 +710 4 2 951045755
a range +689 +710 4 2 1.1
a contact +689 +697 1 2 105236118
a range +689 +697 1 2 0.12
a contact +690 +712 3 5 916431144
a range +690 +712 3 5 1.16
a contact +690 +698 2 1 90478478
a range +690 +698 2 1 0.12
a contact +691 +700 5 4 108704837
a range +691 +700 5 4 0.13
a contact +691 +710 3 4 1055406922
a range +691 +710 3 4 1.04
a contact +691 +701 2 3 99739197
a range +691 +701 2 3 0.12
a contact +691 +709 4 3 1013637618
a range +691 +709 4 3 1.05
a contact +693 +704 3 2 104379704
a range +693 +704 3 2 0.12
a contact +694 +705 5 6 101685611
a range +694 +705 5 6 0.13
a contact +695 +706 5 6 107249765
a range +695 +706 5 6 0.13
a contact +699 +716 2 4 944050023
a range +699 +716 2 4 1.35
a contact +699 +719 3 5 1049561867
a range +699 +719 3 5 1.09
a contact +700 +720 2 4 1085545951
a range +700 +720 2 4 1.13
a contact +701 +717 3 4 1016468143
a range +701 +717 3 4 1.17
a contact +703 +723 2 4 912573286
a range +703 +723 2 4 1.29
a contact +708 +719 5 6 92745162
a range +708 +719 5 6 0.13
a contact +708 +717 3 2 104545021
a range +708 +717 3 2 0.12
a contact +709 +719 2 3 99943227
a range +709 +719 2 3 0.12
a contact +709 +720 5 4 91370210
a range +709 +720 5 4 0.13
a contact +710 +729 2 5 924003716
a range +710 +729 2 5 1.25
a contact +711 +721 2 1 105783901
a range +711 +721 2 1 0.12
a contact +711 +720 3 2 92017806
a range +711 +720 3 2 0.12
a contact +713 +729 5 3 1020326500
a range +713 +729 5 3 1.37
a contact +713 +721 3 1 107441613
a range +713 +721 3 1 0.12
a contact +715 +735 5 3 1060160159
a range +715 +735 5 3 1.12
a contact +717 +732 4 3 1018826320
a range +717 +732 4 3 1.24
a contact +718 +733 2 4 1098409457
a range +718 +733 2 4 1.27
a contact +718 +726 3 1 99895286
a range +718 +726 3 1 0.12
a contact +719 +742 5 2 999163268
a range +719 +742 5 2 1.07
a contact +720 +728 3 1 91705610
a range +720 +728 3 1 0.12
a contact +720 +731 1 3 100950144
a range +720 +731 1 3 0.12
a contact +722 +730 4 5 109813961
a range +722 +730 4 5 0.13
a contact +722 +744 4 2 960423893
a range +722 +744 4 2 1.27
a contact +722 +745 3 4 926597351
a range +722 +745 3 4 1.27
a contact +724 +734 5 6 101487733
a range +724 +734 5 6 0.13
a contact +724 +733 1 3 109384326
a range +724 +733 1 3 0.12
a contact +725 +745 4 2 980364273
a range +725 +745 4 2 1.1
a contact +726 +735 4 6 91766022
a range +726 +735 4 6 0.13
a contact +726 +735 4 6 98982297
a range +726 +735 4 6 0.13
a contact +726 +736 4 5 104403754
a range +726 +736 4 5 0.13
a contact +728 +743 4 3 1028563689
a range +728 +743 4 3 1.29
a contact +728 +739 6 5 108429382
a range +728 +739 6 5 0.13
a contact +729 +740 3 1 109373793
a range +729 +740 3 1 0.12
a contact +729 +738 6 5 104874107
a range +729 +738 6 5 0.13
a contact +730 +746 5 3 1025346935
a range +730 +746 5 3 1.18
a contact +731 +747 4 2 1063080983
a range +731 +747 4 2 1.36
a contact +732 +755 5 2 1052858326
a range +732 +755 5 2 1.02
a contact +733 +741 6 5 104049736
a range +733 +741 6 5 0.13
a contact +733 +741 3 1 95375190
a range +733 +741 3 1 0.12
a contact +733 +743 1 3 103582121
a range +733 +743 1 3 0.12
a contact +734 +743 5 6 108775389
a range +734 +743 5 6 0.13
a contact +734 +743 3 1 98616634
a range +734 +743 3 1 0.12
a contact +735 +746 2 1 99096489
a range +735 +746 2 1 0.12
a contact +735 +745 6 5 109238412
a range +735 +745 6 5 0.13
a contact +735 +744 2 1 107465055
a range +735 +744 2 1 0.12
a contact +736 +753 5 3 984124182
a range +736 +753 5 3 1.37
a contact +738 +748 5 6 92477324
a range +738 +748 5 6 0.13
a contact +738 +760 5 2 981678018
a range +738 +760 5 2 1.16
a contact +738 +756 3 5 989026037
a range +738 +756 3 5 1.27
a contact +739 +747 1 3 94381075
a range +739 +747 1 3 0.12
a contact +740 +762 4 2 980904114
a range +740 +762 4 2 1.34
a contact +742 +760 3 4 1027867572
a range +742 +760 3 4 1.33
a contact +742 +751 3 1 104353844
a range +742 +751 3 1 0.12
a contact +745 +754 3 2 98254225
a range +745 +754 3 2 0.12
a contact +746 +763 2 5 936349394
a range +746 +763 2 5 1.17
a contact +746 +756 3 2 92224341
a range +746 +756 3 2 0.12
a contact +746 +757 1 2 103643206
a range +746 +757 1 2 0.12
a contact +746 +769 2 5 957992416
a range +746 +769 2 5 1.1
a contact +748 +757 2 1 108859613
a range +748 +757 2 1 0.12
a contact +748 +758 5 4 98521202
a range +748 +758 5 4 0.13
a contact +749 +760 2 1 106632224
a range +749 +760 2 1 0.12
a contact +749 +759 4 6 106466747
a range +749 +759 4 6 0.13
a contact +751 +760 5 6 105350290
a range +751 +760 5 6 0.13
a contact +753 +764 1 2 109890172
a range +753 +764 1 2 0.12
a contact +754 +771 5 2 958750809
a range +754 +771 5 2 1.34
a contact +755 +776 4 3 1027499517
a range +755 +776 4 3 1.15
a contact +755 +771 3 4 955659939
a range +755 +771 3 4 1.05
a contact +757 +768 5 6 103343697
a range +757 +768 5 6 0.13
a contact +757 +774 2 5 935760169
a range +757 +774 2 5 1.3
a contact +759 +769 1 2 107059795
a range +759 +769 1 2 0.12
a contact +761 +771 5 6 93366396
a range +761 +771 5 6 0.13
a contact +762 +785 3 5 934828957
a range +762 +785 3 5 1.28
a contact +762 +784 5 3 967924000
a range +762 +784 5 3 1.12
a contact +764 +779 5 2 1080748778
a range +764 +779 5 2 1.07
a contact +764 +785 3 4 1000680060
a range +764 +785 3 4 1.03
a contact +766 +788 5 2 908378137
a range +766 +788 5 2 1.24
a contact +767 +777 1 2 103821599
a range +767 +777 1 2 0.12
a contact +769 +792 3 5 1036769647
a range +769 +792 3 5 1.26
a contact +770 +791 2 5 996463402
a range +770 +791 2 5 1.07
a contact +772 +781 6 4 103815403
a range +772 +781 6 4 0.13
a contact +772 +795 3 4 1070552313
a range +772 +795 3 4 1.22
a contact +773 +792 2 4 926994223
a range +773 +792 2 4 1.23
a contact +777 +800 5 3 978920524
a range +777 +800 5 3 1.25
a contact +780 +803 2 5 1035237795
a range +780 +803 2 5 1.26
a contact +780 +797 5 3 1054327178
a range +780 +797 5 3 1.24
a contact +781 +802 3 5 992400264
a range +781 +802 3 5 1.09
a contact +782 +791 1 3 96748628
a range +782 +791 1 3 0.12
a contact +782 +790 6 4 102059586
a range +782 +790 6 4 0.13
a contact +783 +799 4 3 901908800
a range +783 +799 4 3 1.08
a contact +784 +795 6 4 105525915
a range +784 +795 6 4 0.13
a contact +785 +800 2 5 1003648151
a range +785 +800 2 5 1.11
a contact +785 +794 2 1 97502270
a range +785 +794 2 1 0.12
a contact +786 +797 4 5 101115522
a range +786 +797 4 5 0.13
a contact +787 +807 4 3 915640159
a range +787 +807 4 3 1.37
a contact +791 +800 1 2 101405317
a range +791 +800 1 2 0.12
a contact +792 +801 1 2 94202435
a range +792 +801 1 2 0.12
a contact +792 +815 3 5 1089125701
a range +792 +815 3 5 1.02
a contact +792 +809 3 4 1081743305
a range +792 +809 3 4 1.28
a contact +793 +814 3 4 1099144456
a range +793 +814 3 4 1.35
a contact +794 +803 5 6 100364085
a range +794 +803 5 6 0.13
a contact +795 +816 2 5 906161823
a range +795 +816 2 5 1.05
a contact +796 +807 3 1 98410799
a range +796 +807 3 1 0.12
a contact +799 +808 4 5 101173378
a range +799 +808 4 5 0.13
a contact +801 +825 2 5 1021362462
a range +801 +825 2 5 1.1
a contact +802 +825 3 4 966129688
a range +802 +825 3 4 1.17
a contact +806 +829 2 4 958193294
a range +806 +829 2 4 1.08
a contact +807 +828 3 5 1037334343
a range +807 +828 3 5 1.36
a contact +807 +816 2 3 95540499
a range +807 +816 2 3 0.12
a contact +808 +816 3 1 100573894
a range +808 +816 3 1 0.12
a contact +808 +818 4 5 101263694
a range +808 +818 4 5 0.13
a contact +810 +827 2 4 963720639
a range +810 +827 2 4 1.13
a contact +812 +835 2 5 1007797625
a range +812 +835 2 5 1.18
a contact +814 +823 6 4 102471142
a range +814 +823 6 4 0.13
a contact +817 +840 5 2 985754786
a range +817 +840 5 2 1.15
a contact +818 +828 4 5 108829498
a range +818 +828 4 5 0.13
a contact +818 +828 5 6 93598683
a range +818 +828 5 6 0.13
a contact +819 +830 6 5 107189800
a range +819 +830 6 5 0.13
a contact +820 +844 2 5 943220355
a range +820 +844 2 5 1.07
a contact +821 +831 3 1 95577698
a range +821 +831 3 1 0.12
a contact +821 +841 2 4 973637948
a range +821 +841 2 4 1.05
a contact +823 +833 5 4 99008579
a range +823 +833 5 4 0.13
a contact +825 +833 4 5 90203957
a range +825 +833 4 5 0.13
a contact +825 +836 5 4 100110846
a range +825 +836 5 4 0.13
a contact +825 +836 6 4 103512644
a range +825 +836 6 4 0.13
a contact +826 +850 5 3 1029776811
a range +826 +850 5 3 1.19
a contact +827 +844 3 4 1063632407
a range +827 +844 3 4 1.36
a contact +829 +851 3 4 908337997
a range +829 +851 3 4 1.16
a contact +830 +841 6 4 108715371
a range +830 +841 6 4 0.13
a contact +834 +843 3 2 95779156
a range +834 +843 3 2 0.12
a contact +834 +854 2 4 997160508
a range +834 +854 2 4 1.14
a contact +834 +858 4 3 1028840862
a range +834 +858 4 3 1.2
a contact +834 +851 2 5 962350713
a range +834 +851 2 5 1.09
a contact +834 +842 5 4 94552433
a range +834 +842 5 4 0.13
a contact +834 +844 5 4 90663547
a range +834 +844 5 4 0.13
a contact +835 +845 5 6 93120581
a range +835 +845 5 6 0.13
a contact +835 +846 5 6 106410434
a range +835 +846 5 6 0.13
a contact +837 +848 3 1 106114730
a range +837 +848 3 1 0.12
a contact +838 +849 3 2 109815012
a range +838 +849 3 2 0.12
a contact +840 +850 3 2 103787071
a range +840 +850 3 2 0.12
a contact +843 +852 2 1 106685984
a range +843 +852 2 1 0.12
a contact +844 +865 5 3 990151704
a range +844 +865 5 3 1.32
a contact +845 +855 4 5 98038858
a range +845 +855 4 5 0.13
a contact +847 +858 2 3 101104451
a range +847 +858 2 3 0.12
a contact +848 +857 3 2 90245682
a range +848 +857 3 2 0.12
a contact +848 +869 5 2 1025187121
a range +848 +869 5 2 1.31
a contact +849 +867 3 5 1087069626
a range +849 +867 3 5 1.28
a contact +849 +860 5 6 93063965
a range +849 +860 5 6 0.13
a contact +850 +859 6 5 92861394
a range +850 +859 6 5 0.13
a contact +850 +858 1 3 98028386
a range +850 +858 1 3 0.12
a contact +850 +858 6 5 109767892
a range +850 +858 6 5 0.13
a contact +852 +870 5 2 989499222
a range +852 +870 5 2 1.23
a contact +852 +861 5 6 98168683
a range +852 +861 5 6 0.13
a contact +853 +877 5 2 985134355
a range +853 +877 5 2 1.3
a contact +853 +861 5 6 101585312
a range +853 +861 5 6 0.13
a contact +853 +862 3 1 94697503
a range +853 +862 3 1 0.12
a contact +854 +870 3 5 923700639
a range +854 +870 3 5 1.07
a contact +854 +865 6 4 104680214
a range +854 +865 6 4 0.13
a contact +855 +866 1 3 95786341
a range +855 +866 1 3 0.12
a contact +855 +863 6 4 93503923
a range +855 +863 6 4 0.13
a contact +856 +878 3 4 927256516
a range +856 +878 3 4 1.21
a contact +858 +876 4 3 1041568373
a range +858 +876 4 3 1.15
a contact +858 +881 2 5 976504201
a range +858 +881 2 5 1.21
a contact +858 +868 6 5 91596516
a range +858 +868 6 5 0.13
a contact +859 +867 1 3 104237853
a range +859 +867 1 3 0.12
a contact +860 +871 1 2 100356692
a range +860 +871 1 2 0.12
a contact +862 +873 2 3 102812112
a range +862 +873 2 3 0.12
a contact +862 +872 6 4 107520340
a range +862 +872 6 4 0.13
a contact +864 +875 3 2 107011483
a range +864 +875 3 2 0.12
a contact +864 +873 5 4 90547313
a range +864 +873 5 4 0.13
a contact +866 +875 2 1 109260033
a range +866 +875 2 1 0.12
a contact +872 +887 4 3 1094460652
a range +872 +887 4 3 1.37
a contact +873 +892 4 2 925586610
a range +873 +892 4 2 1.07
a contact +874 +884 2 1 96487351
a range +874 +884 2 1 0.12
a contact +878 +901 4 2 1026475779
a range +878 +901 4 2 1.14
a contact +878 +888 4 6 107603434
a range +878 +888 4 6 0.13
a contact +879 +902 2 5 1019651796
a range +879 +902 2 5 1.15
a contact +880 +898 2 5 964526757
a range +880 +898 2 5 1.36
a contact +881 +892 3 2 97466433
a range +881 +892 3 2 0.12
a contact +882 +891 1 3 106151726
a range +882 +891 1 3 0.12
a contact +882 +904 2 5 932566460
a range +882 +904 2 5 1.32
a contact +887 +910 3 5 1006205305
a range +887 +910 3 5 1.13
a contact +889 +907 4 2 994491914
a range +889 +907 4 2 1.13
a contact +890 +901 5 6 96873665
a range +890 +901 5 6 0.13
a contact +891 +901 3 1 96210871
a range +891 +901 3 1 0.12
a contact +891 +914 5 3 1066687986
a range +891 +914 5 3 1.22
a contact +891 +901 2 3 92758778
a range +891 +901 2 3 0.12
a contact +893 +903 5 6 101817720
a range +893 +903 5 6 0.13
a contact +895 +911 2 4 961385209
a range +895 +911 2 4 1.1
a contact +896 +904 4 6 105420448
a range +896 +904 4 6 0.13
a contact +896 +911 5 3 999414174
a range +896 +911 5 3 1.22
a contact +898 +913 2 4 986129931
a range +898 +913 2 4 1.38
a contact +898 +919 2 5 968580290
a range +898 +919 2 5 1.15
a contact +899 +923 2 5 1054558412
a range +899 +923 2 5 1.33
a contact +901 +909 2 3 101119611
a range +901 +909 2 3 0.12
a contact +906 +925 4 2 951414688
a range +906 +925 4 2 1.15
a contact +908 +919 6 4 91187815
a range +908 +919 6 4 0.13
a contact +909 +920 6 4 100495631
a range +909 +920 6 4 0.13
a contact +909 +918 3 1 109373017
a range +909 +918 3 1 0.12
a contact +909 +917 6 5 92917152
a range +909 +917 6 5 0.13
a contact +909 +917 4 5 101633176
a range +909 +917 4 5 0.13
a contact +910 +919 4 5 97499640
a range +910 +919 4 5 0.13
a contact +910 +931 3 5 912531142
a range +910 +931 3 5 1.33
a contact +913 +922 1 2 91007900
a range +913 +922 1 2 0.12
a contact +919 +930 5 6 94029397
a range +919 +930 5 6 0.13
a contact +919 +928 3 2 97274700
a range +919 +928 3 2 0.12
a contact +919 +938 3 5 1000601424
a range +919 +938 3 5 1.1
a contact +919 +927 5 4 109304624
a range +919 +927 5 4 0.13
a contact +920 +938 5 2 975979941
a range +920 +938 5 2 1.21
a contact +921 +941 2 4 996934654
a range +921 +941 2 4 1.31
a contact +921 +929 3 2 90295511
a range +921 +929 3 2 0.12
a contact +922 +933 5 4 108371548
a range +922 +933 5 4 0.13
a contact +924 +942 3 4 1056732780
a range +924 +942 3 4 1.35
a contact +924 +935 4 6 101466229
a range +924 +935 4 6 0.13
a contact +924 +940 5 2 1020570733
a range +924 +940 5 2 1.25
a contact +928 +938 5 6 104239500
a range +928 +938 5 6 0.13
a contact +928 +937 3 1 104291606
a range +928 +937 3 1 0.12
a contact +930 +939 5 4 93814407
a range +930 +939 5 4 0.13
a contact +930 +939 6 4 104887868
a range +930 +939 6 4 0.13
a contact +931 +941 4 5 101703927
a range +931 +941 4 5 0.13
a contact +932 +948 3 4 1066453117
a range +932 +948 3 4 1.12
a contact +933 +943 6 5 109718702
a range +933 +943 6 5 0.13
a contact +933 +942 3 1 107608178
a range +933 +942 3 1 0.12
a contact +935 +956 5 2 1060708593
a range +935 +956 5 2 1.16
a contact +939 +947 2 1 108267783
a range +939 +947 2 1 0.12
a contact +940 +959 4 3 904874595
a range +940 +959 4 3 1.05
a contact +941 +951 3 1 106626953
a range +941 +951 3 1 0.12
a contact +942 +952 1 2 93066160
a range +942 +952 1 2 0.12
a contact +945 +955 5 6 92578968
a range +945 +955 5 6 0.13
a contact +945 +967 4 2 949583392
a range +945 +967 4 2 1.02
a contact +945 +962 2 5 999838159
a range +945 +962 2 5 1.26
a contact +946 +957 1 3 97834191
a range +946 +957 1 3 0.12
a contact +947 +955 4 6 103957075
a range +947 +955 4 6 0.13
a contact +948 +969 4 3 950051611
a range +948 +969 4 3 1.37
a contact +948 +958 5 4 91071137
a range +948 +958 5 4 0.13
a contact +948 +971 4 2 1081485391
a range +948 +971 4 2 1.06
a contact +949 +969 5 2 1052480257
a range +949 +969 5 2 1.34
a contact +949 +957 3 1 97433278
a range +949 +957 3 1 0.12
a contact +949 +973 5 3 1027036111
a range +949 +973 5 3 1.17
a contact +951 +960 3 1 99861958
a range +951 +960 3 1 0.12
a contact +951 +971 3 5 984367744
a range +951 +971 3 5 1.22
a contact +951 +969 4 2 991010798
a range +951 +969 4 2 1.37
a contact +953 +962 4 5 93447063
a range +953 +962 4 5 0.13
a contact +953 +962 3 2 95091976
a range +953 +962 3 2 0.12
a contact +954 +978 4 2 1029872995
a range +954 +978 4 2 1.16
a contact +955 +978 4 2 924346674
a range +955 +978 4 2 1.14
a contact +955 +975 3 5 928605364
a range +955 +975 3 5 1.35
a contact +955 +965 5 4 102979743
a range +955 +965 5 4 0.13
a contact +956 +979 5 2 940063701
a range +956 +979 5 2 1.05
a contact +956 +972 2 4 1078925982
a range +956 +972 2 4 1.14
a contact +957 +968 4 6 102043463
a range +957 +968 4 6 0.13
a contact +957 +975 2 4 992605809
a range +957 +975 2 4 1.34
a contact +959 +980 3 4 962061963
a range +959 +980 3 4 1.18
a contact +960 +982 5 2 909939758
a range +960 +982 5 2 1.12
a contact +962 +980 3 4 918016152
a range +962 +980 3 4 1.28
a contact +962 +973 1 3 95370047
a range +962 +973 1 3 0.12
a contact +962 +970 2 3 101690929
a range +962 +970 2 3 0.12
a contact +962 +972 5 4 95222337
a range +962 +972 5 4 0.13
a contact +963 +971 1 2 92424898
a range +963 +971 1 2 0.12
a contact +963 +979 4 2 1036444346
a range +963 +979 4 2 1.23
a contact +965 +976 3 1 97095475
a range +965 +976 3 1 0.12
a contact +965 +973 4 5 94286794
a range +965 +973 4 5 0.13
a contact +966 +974 2 1 104598046
a range +966 +974 2 1 0.12
a contact +967 +977 6 4 103335563
a range +967 +977 6 4 0.13
a contact +967 +975 4 5 99404244
a range +967 +975 4 5 0.13
a contact +967 +984 5 3 954220329
a range +967 +984 5 3 1.34
a contact +968 +979 4 5 108995693
a range +968 +979 4 5 0.13
a contact +968 +991 4 2 1058434200
a range +968 +991 4 2 1.09
a contact +971 +987 4 2 997650698
a range +971 +987 4 2 1.14
a contact +971 +982 6 4 106739619
a range +971 +982 6 4 0.13
a contact +973 +982 6 5 96529983
a range +973 +982 6 5 0.13
a contact +973 +981 6 5 90247687
a range +973 +981 6 5 0.13
a contact +975 +998 2 4 941401362
a range +975 +998 2 4 1.12
a contact +976 +992 4 3 1031719882
a range +976 +992 4 3 1.27
a contact +977 +994 2 5 973711003
a range +977 +994 2 5 1.18
a contact +977 +986 3 2 106759860
a range +977 +986 3 2 0.12
a contact +978 +999 2 5 1095240748
a range +978 +999 2 5 1.12
a contact +978 +1000 2 4 912431717
a range +978 +1000 2 4 1.17
a contact +979 +997 4 2 975223405
a range +979 +997 4 2 1.36
a contact +980 +988 2 3 108504751
a range +980 +988 2 3 0.12
a contact +980 +1000 5 2 960918133
a range +980 +1000 5 2 1.18
a contact +980 +998 2 4 905295802
a range +980 +998 2 4 1.33
a contact +982 +992 1 2 96959753
a range +982 +992 1 2 0.12
a contact +982 +991 1 3 98319173
a range +982 +991 1 3 0.12
a contact +982 +999 2 4 980518221
a range +982 +999 2 4 1.13
a contact +983 +1000 2 5 959410645
a range +983 +1000 2 5 1.25
a contact +985 +994 2 3 106893326
a range +985 +994 2 3 0.12
a contact +986 +1000 5 3 965098946
a range +986 +1000 5 3 1.25
a contact +989 +1000 4 3 912279977
a range +989 +1000 4 3 1.14
a contact +991 +999 4 5 101867704
a range +991 +999 4 5 0.13
a contact +991 +1000 2 5 926853854
a range +991 +1000 2 5 1.36
a contact +996 +1000 5 2 901846023
a range +996 +1000 5 2 1.07
a contact +997 +1000 5 3 958619236
a range +997 +1000 5 3 1.02
a contact +997 +1000 4 3 1092652501
a range +997 +1000 4 3 1.25
a contact +997 +1000 3 1 109661730
a range +997 +1000 3 1 0.12
a contact +998 +1000 5 2 984403601
a range +998 +1000 5 2 1.12
a contact +999 +1000 4 6 90341324
a range +999 +1000 4 6 0.13
a contact +999 +1000 4 3 1055388217
a range +999 +1000 4 3 1.2

