m horizon +0
a contact +16 +3457 4 6 816696477
a range +16 +3457 4 6 0.03
a contact +20 +4169 6 4 996803825
a range +20 +4169 6 4 0.03
a contact +30 +4256 2 4 989595212
a range +30 +4256 2 4 199.99
a contact +157 +3216 6 5 807641238
a range +157 +3216 6 5 0.08
a contact +163 +4091 4 5 928621778
a range +163 +4091 4 5 0.08
a contact +225 +3632 2 3 1079369029
a range +225 +3632 2 3 0.37
a contact +240 +3310 5 2 888593387
a range +240 +3310 5 2 200.04
a contact +247 +3417 5 4 811016922
a range +247 +3417 5 4 0.1
a contact +257 +4084 3 1 1110164352
a range +257 +4084 3 1 0.12
a contact +265 +4264 2 1 1046649155
a range +265 +4264 2 1 0.12
a contact +331 +4441 1 2 1051679318
a range +331 +4441 1 2 0.12
a contact +407 +4688 2 5 1150208617
a range +407 +4688 2 5 200.04
a contact +443 +4301 5 6 938717869
a range +443 +4301 5 6 0.08
a contact +444 +4267 4 2 812488859
a range +444 +4267 4 2 200.0
a contact +490 +3914 3 5 879957279
a range +490 +3914 3 5 199.99
a contact +497 +3980 4 3 953181176
a range +497 +3980 4 3 199.95
a contact +542 +4809 3 2 872600846
a range +542 +4809 3 2 0.37
a contact +542 +3896 5 3 1027676576
a range +542 +3896 5 3 200.02
a contact +563 +3868 1 3 876065224
a range +563 +3868 1 3 0.12
a contact +572 +4070 3 4 987819928
a range +572 +4070 3 4 200.09
a contact +3247 +7394 6 5 829212125
a range +3247 +7394 6 5 0.08
a contact +3538 +7228 5 4 997795898
a range +3538 +7228 5 4 0.05
a contact +3839 +8141 4 6 896617371
a range +3839 +8141 4 6 0.03
a contact +3872 +7517 5 2 965514260
a range +3872 +7517 5 2 200.02
a contact +4117 +8225 3 4 856409018
a range +4117 +8225 3 4 200.01
a contact +4135 +7979 2 3 960730600
a range +4135 +7979 2 3 0.37
a contact +4144 +7394 1 3 997068606
a range +4144 +7394 1 3 0.12
a contact +4195 +7458 4 5 1188757628
a range +4195 +7458 4 5 0.05
a contact +4215 +8363 5 3 848155876
a range +4215 +8363 5 3 200.01
a contact +4314 +8516 4 2 852306272
a range +4314 +8516 4 2 200.04
a contact +4402 +8035 5 6 1167557335
a range +4402 +8035 5 6 0.08
a contact +4420 +7540 3 5 1105539707
a range +4420 +7540 3 5 200.04
a contact +4476 +7908 4 3 1129494220
a range +4476 +7908 4 3 200.05
a contact +4537 +7536 6 4 962351440
a range +4537 +7536 6 4 0.03
a contact +4547 +8077 3 1 922911764
a range +4547 +8077 3 1 0.12
a contact +4573 +8673 2 1 947472700
a range +4573 +8673 2 1 0.12
a contact +4763 +8441 2 5 964875821
a range +4763 +8441 2 5 199.99
a contact +4816 +8049 1 2 1176750147
a range +4816 +8049 1 2 0.12
a contact +4823 +9085 2 4 889185929
a range +4823 +9085 2 4 200.07
a contact +5126 +8545 3 2 903528523
a range +5126 +8545 3 2 0.37
a contact +7354 +10484 5 4 1193392942
a range +7354 +10484 5 4 0.08
a contact +7577 +10684 4 5 936405632
a range +7577 +10684 4 5 0.07
a contact +7685 +10960 3 5 962877236
a range +7685 +10960 3 5 199.99
a contact +7744 +11764 1 3 1141565126
a range +7744 +11764 1 3 0.12
a contact +7778 +10810 6 4 1002124699
a range +7778 +10810 6 4 0.03
a contact +7781 +10987 5 2 858235802
a range +7781 +10987 5 2 199.96
a contact +7932 +12190 4 3 1000187450
a range +7932 +12190 4 3 200.05
a contact +7947 +12210 6 5 1163827917
a range +7947 +12210 6 5 0.08
a contact +8224 +12255 5 6 1184459821
a range +8224 +12255 5 6 0.08
a contact +8248 +12046 3 4 981853257
a range +8248 +12046 3 4 200.1
a contact +8259 +11414 1 2 858029005
a range +8259 +11414 1 2 0.12
a contact +8278 +11381 4 6 1092246103
a range +8278 +11381 4 6 0.03
a contact +8401 +12196 3 1 1123627693
a range +8401 +12196 3 1 0.12
a contact +8539 +11618 2 3 1058891202
a range +8539 +11618 2 3 0.37
a contact +8710 +12932 2 5 900412570
a range +8710 +12932 2 5 200.0
a contact +8722 +13033 2 1 1051798436
a range +8722 +13033 2 1 0.12
a contact +8779 +13000 4 2 1036682112
a range +8779 +13000 4 2 199.92
a contact +8862 +12986 5 3 891275410
a range +8862 +12986 5 3 200.01
a contact +8938 +12623 3 2 1068242011
a range +8938 +12623 3 2 0.37
a contact +9501 +13560 2 4 811423240
a range +9501 +13560 2 4 199.98
a contact +10662 +14493 5 4 1167781166
a range +10662 +14493 5 4 0.1
a contact +10765 +14642 4 5 809317146
a range +10765 +14642 4 5 0.05
a contact +11263 +15492 6 4 1010820941
a range +11263 +15492 6 4 0.03
a contact +11310 +14371 3 5 1161872197
a range +11310 +14371 3 5 199.97
a contact +11519 +15255 5 2 1044213659
a range +11519 +15255 5 2 200.04
a contact +11662 +15219 1 2 1103286100
a range +11662 +15219 1 2 0.12
a contact +11790 +15101 2 3 1155650642
a range +11790 +15101 2 3 0.37
a contact +11898 +15397 4 6 891444792
a range +11898 +15397 4 6 0.03
a contact +11920 +15098 1 3 1107813624
a range +11920 +15098 1 3 0.12
a contact +12332 +16462 4 3 1176673373
a range +12332 +16462 4 3 199.91
a contact +12382 +16608 3 4 1172254386
a range +12382 +16608 3 4 200.02
a contact +12386 +16342 5 6 1052580128
a range +12386 +16342 5 6 0.08
a contact +12526 +16295 6 5 989655495
a range +12526 +16295 6 5 0.08
a contact +12572 +16448 3 1 954396097
a range +12572 +16448 3 1 0.12
a contact +13005 +16450 4 2 937362742
a range +13005 +16450 4 2 199.94
a contact +13017 +15924 5 3 1148615319
a range +13017 +15924 5 3 199.97
a contact +13025 +16798 2 5 847314312
a range +13025 +16798 2 5 199.95
a contact +13105 +17271 2 1 1162278103
a range +13105 +17271 2 1 0.12
a contact +13174 +16758 3 2 943329540
a range +13174 +16758 3 2 0.37
a contact +13675 +17952 2 4 1135678788
a range +13675 +17952 2 4 200.02
a contact +14751 +18504 5 4 1098859694
a range +14751 +18504 5 4 0.1
a contact +14878 +18483 3 5 923348764
a range +14878 +18483 3 5 200.04
a contact +15166 +19313 4 5 893763898
a range +15166 +19313 4 5 0.05
a contact +15282 +19584 1 2 852356981
a range +15282 +19584 1 2 0.12
a contact +15317 +19257 2 3 800178050
a range +15317 +19257 2 3 0.37
a contact +15502 +18418 5 2 821454884
a range +15502 +18418 5 2 199.98
a contact +15513 +19449 1 3 1035520971
a range +15513 +19449 1 3 0.12
a contact +15798 +19351 6 4 812620627
a range +15798 +19351 6 4 0.03
a contact +15928 +19731 4 6 840376416
a range +15928 +19731 4 6 0.03
a contact +16190 +19994 5 3 1078394706
a range +16190 +19994 5 3 200.02
a contact +16399 +19438 5 6 854401468
a range +16399 +19438 5 6 0.08
a contact +16565 +19807 4 2 899701141
a range +16565 +19807 4 2 200.08
a contact +16630 +19945 4 3 935894559
a range +16630 +19945 4 3 200.04
a contact +16707 +20473 6 5 961211853
a range +16707 +20473 6 5 0.08
a contact +16821 +20244 3 2 1075315673
a range +16821 +20244 3 2 0.37
a contact +16878 +20977 3 1 1182443991
a range +16878 +20977 3 1 0.12
a contact +16967 +20912 3 4 1096866960
a range +16967 +20912 3 4 199.96
a contact +17152 +20767 2 5 1080505468
a range +17152 +20767 2 5 199.96
a contact +17341 +20520 2 1 987784525
a range +17341 +20520 2 1 0.12
a contact +18230 +21632 2 4 1095452564
a range +18230 +21632 2 4 200.03
a contact +18623 +22260 5 2 886671226
a range +18623 +22260 5 2 200.03
a contact +18701 +22794 3 5 958295431
a range +18701 +22794 3 5 199.97
a contact +18785 +22067 5 4 1030243139
a range +18785 +22067 5 4 0.1
a contact +19478 +23632 5 6 1027401294
a range +19478 +23632 5 6 0.08
a contact +19577 +23547 1 3 1003688775
a range +19577 +23547 1 3 0.12
a contact +19655 +23211 1 2 1056023819
a range +19655 +23211 1 2 0.12
a contact +19668 +23697 2 3 950584600
a range +19668 +23697 2 3 0.37
a contact +19683 +23467 6 4 997761394
a range +19683 +23467 6 4 0.03
a contact +19775 +22995 4 6 1109069610
a range +19775 +22995 4 6 0.03
a contact +19815 +23375 4 5 1154963019
a range +19815 +23375 4 5 0.09
a contact +19992 +23472 4 3 823858911
a range +19992 +23472 4 3 200.05
a contact +20232 +24136 4 2 961051978
a range +20232 +24136 4 2 200.02
a contact +20303 +24119 5 3 932312363
a range +20303 +24119 5 3 200.01
a contact +20304 +23606 3 2 1041023373
a range +20304 +23606 3 2 0.37
a contact +20703 +23951 6 5 810096752
a range +20703 +23951 6 5 0.08
a contact +20836 +25095 2 5 929677003
a range +20836 +25095 2 5 199.96
a contact +21051 +24568 3 4 994292587
a range +21051 +24568 3 4 200.0
a contact +21056 +24575 2 1 971569500
a range +21056 +24575 2 1 0.12
a contact +21214 +24798 3 1 890194047
a range +21214 +24798 3 1 0.12
a contact +21681 +25010 2 4 932237914
a range +21681 +25010 2 4 199.93
a contact +22086 +25581 5 4 1015549300
a range +22086 +25581 5 4 0.11
a contact +22757 +26498 5 2 919906583
a range +22757 +26498 5 2 200.01
a contact +23232 +27118 3 5 1087132652
a range +23232 +27118 3 5 199.97
a contact +23283 +26551 1 2 1110287626
a range +23283 +26551 1 2 0.12
a contact +23495 +26865 6 4 1047279501
a range +23495 +26865 6 4 0.03
a contact +23552 +27391 4 6 1023880977
a range +23552 +27391 4 6 0.03
a contact +23673 +27616 3 2 966772414
a range +23673 +27616 3 2 0.37
a contact +23730 +27921 4 5 1004413815
a range +23730 +27921 4 5 0.06
a contact +23848 +27006 2 3 841393538
a range +23848 +27006 2 3 0.37
a contact +23859 +27799 4 3 986409828
a range +23859 +27799 4 3 200.02
a contact +23946 +26971 5 6 1063165168
a range +23946 +26971 5 6 0.08
a contact +24089 +26984 1 3 1059340600
a range +24089 +26984 1 3 0.12
a contact +24183 +27660 4 2 1096729765
a range +24183 +27660 4 2 199.91
a contact +24309 +27275 5 3 842333208
a range +24309 +27275 5 3 199.96
a contact +24421 +28495 6 5 1040080781
a range +24421 +28495 6 5 0.08
a contact +24800 +28588 3 1 933100922
a range +24800 +28588 3 1 0.12
a contact +25078 +29149 3 4 986581809
a range +25078 +29149 3 4 199.93
a contact +25114 +29164 2 1 893604222
a range +25114 +29164 2 1 0.12
a contact +25324 +29131 2 4 952464429
a range +25324 +29131 2 4 199.94
a contact +25460 +29761 2 5 947665678
a range +25460 +29761 2 5 200.03
a contact +25749 +29284 5 4 1071745832
a range +25749 +29284 5 4 0.1
a contact +26502 +30797 5 2 895502416
a range +26502 +30797 5 2 199.96
a contact +26847 +31013 1 2 895673661
a range +26847 +31013 1 2 0.12
a contact +26874 +30113 6 4 858438907
a range +26874 +30113 6 4 0.03
a contact +27140 +31431 5 6 978832620
a range +27140 +31431 5 6 0.08
a contact +27192 +30595 2 3 895465775
a range +27192 +30595 2 3 0.37
a contact +27560 +31237 1 3 925679030
a range +27560 +31237 1 3 0.12
a contact +27582 +30525 3 5 814426694
a range +27582 +30525 3 5 200.01
a contact +27642 +31691 3 2 994629411
a range +27642 +31691 3 2 0.37
a contact +27691 +31709 4 6 1182752689
a range +27691 +31709 4 6 0.03
a contact +27695 +31696 5 3 1016463732
a range +27695 +31696 5 3 200.05
a contact +27994 +32162 4 2 1129074370
a range +27994 +32162 4 2 199.97
a contact +28262 +31264 4 3 1159748252
a range +28262 +31264 4 3 199.96
a contact +28482 +31691 4 5 1172970475
a range +28482 +31691 4 5 0.07
a contact +28959 +32685 6 5 1058094248
a range +28959 +32685 6 5 0.08
a contact +29031 +32457 3 1 966491866
a range +29031 +32457 3 1 0.12
a contact +29248 +32882 3 4 813294919
a range +29248 +32882 3 4 199.93
a contact +29415 +33317 2 4 1063023859
a range +29415 +33317 2 4 199.91
a contact +29584 +33297 2 1 1047293147
a range +29584 +33297 2 1 0.12
a contact +29624 +33494 5 4 1085414934
a range +29624 +33494 5 4 0.07
a contact +30141 +34081 2 5 911265988
a range +30141 +34081 2 5 200.01
a contact +30379 +33371 6 4 1198585993
a range +30379 +33371 6 4 0.03
a contact +30985 +33883 3 5 1117015644
a range +30985 +33883 3 5 199.97
a contact +31050 +34731 5 2 1111358300
a range +31050 +34731 5 2 199.98
a contact +31075 +34821 2 3 1000967228
a range +31075 +34821 2 3 0.37
a contact +31259 +35484 1 2 1101281291
a range +31259 +35484 1 2 0.12
a contact +31479 +35613 5 6 872264118
a range +31479 +35613 5 6 0.08
a contact +31639 +35737 4 3 1198269735
a range +31639 +35737 4 3 199.97
a contact +31747 +35148 1 3 1082898407
a range +31747 +35148 1 3 0.12
a contact +31878 +34818 3 2 1046863314
a range +31878 +34818 3 2 0.37
a contact +31893 +35697 4 5 855292491
a range +31893 +35697 4 5 0.05
a contact +32014 +35041 5 3 980658294
a range +32014 +35041 5 3 200.02
a contact +32206 +35786 4 2 921189307
a range +32206 +35786 4 2 199.98
a contact +32260 +36388 4 6 817294536
a range +32260 +36388 4 6 0.03
a contact +32571 +35632 3 1 1178973176
a range +32571 +35632 3 1 0.12
a contact +32829 +36149 6 5 1076400893
a range +32829 +36149 6 5 0.08
a contact +33261 +36369 3 4 977446074
a range +33261 +36369 3 4 200.0
a contact +33411 +37087 2 4 1047169694
a range +33411 +37087 2 4 199.99
a contact +33684 +37045 2 1 1020270826
a range +33684 +37045 2 1 0.12
a contact +33716 +36879 6 4 1143445975
a range +33716 +36879 6 4 0.03
a contact +33816 +37887 5 4 855853931
a range +33816 +37887 5 4 0.1
a contact +34034 +37048 3 5 814212210
a range +34034 +37048 3 5 200.0
a contact +34619 +38440 2 5 1025126359
a range +34619 +38440 2 5 199.95
a contact +34895 +38741 2 3 982901377
a range +34895 +38741 2 3 0.37
a contact +34989 +39303 5 2 1000837946
a range +34989 +39303 5 2 200.04
a contact +35040 +38323 3 2 1090640928
a range +35040 +38323 3 2 0.37
a contact +35175 +38450 1 3 1045338300
a range +35175 +38450 1 3 0.12
a contact +35206 +38672 5 3 942436657
a range +35206 +38672 5 3 199.95
a contact +35663 +39686 1 2 1021752664
a range +35663 +39686 1 2 0.12
a contact +35794 +38955 5 6 1116137690
a range +35794 +38955 5 6 0.08
a contact +35825 +39522 4 3 1156829502
a range +35825 +39522 4 3 199.97
a contact +35848 +39770 4 5 942610100
a range +35848 +39770 4 5 0.06
a contact +35921 +40119 3 1 877108003
a range +35921 +40119 3 1 0.12
a contact +36291 +39198 4 2 837705605
a range +36291 +39198 4 2 200.06
a contact +36392 +39361 6 5 1072647949
a range +36392 +39361 6 5 0.08
a contact +36547 +39809 4 6 986853364
a range +36547 +39809 4 6 0.03
a contact +36881 +40051 3 4 957948390
a range +36881 +40051 3 4 199.92
a contact +37135 +40786 3 5 1076462239
a range +37135 +40786 3 5 200.01
a contact +37261 +40453 2 1 1031000108
a range +37261 +40453 2 1 0.12
a contact +37453 +40880 6 4 871656667
a range +37453 +40880 6 4 0.03
a contact +37590 +41039 2 4 867263855
a range +37590 +41039 2 4 199.91
a contact +38337 +41647 5 4 978624397
a range +38337 +41647 5 4 0.07
a contact +38494 +42510 1 3 951375131
a range +38494 +42510 1 3 0.12
a contact +38808 +42952 2 5 1194335848
a range +38808 +42952 2 5 199.97
a contact +38820 +41849 3 2 838139728
a range +38820 +41849 3 2 0.37
a contact +39098 +42637 5 3 1135261451
a range +39098 +42637 5 3 200.05
a contact +39152 +42979 5 6 977801137
a range +39152 +42979 5 6 0.08
a contact +39159 +42596 2 3 1092377579
a range +39159 +42596 2 3 0.37
a contact +39515 +43324 6 5 1149908484
a range +39515 +43324 6 5 0.08
a contact +39632 +43915 5 2 893253678
a range +39632 +43915 5 2 200.02
a contact +39657 +43679 4 2 824336293
a range +39657 +43679 4 2 200.08
a contact +39844 +43897 4 3 1185341659
a range +39844 +43897 4 3 199.9
a contact +39897 +42959 4 6 1117083401
a range +39897 +42959 4 6 0.03
a contact +40035 +43221 4 5 1157780984
a range +40035 +43221 4 5 0.07
a contact +40106 +44214 1 2 1041263526
a range +40106 +44214 1 2 0.12
a contact +40567 +43916 3 1 1154867799
a range +40567 +43916 3 1 0.12
a contact +40571 +44338 3 4 839690961
a range +40571 +44338 3 4 200.09
a contact +40776 +43725 2 1 1092882414
a range +40776 +43725 2 1 0.12
a contact +40913 +45189 6 4 991324512
a range +40913 +45189 6 4 0.03
a contact +41088 +44301 2 4 1185934731
a range +41088 +44301 2 4 199.95
a contact +41224 +44363 3 5 1061222259
a range +41224 +44363 3 5 199.96
a contact +41705 +45433 5 4 1113994612
a range +41705 +45433 5 4 0.05
a contact +41904 +44985 3 2 806294723
a range +41904 +44985 3 2 0.37
a contact +42613 +46744 2 3 895058931
a range +42613 +46744 2 3 0.37
a contact +42973 +46765 5 3 903764140
a range +42973 +46765 5 3 200.04
a contact +43028 +46239 1 3 1096596822
a range +43028 +46239 1 3 0.12
a contact +43042 +46295 4 6 835192271
a range +43042 +46295 4 6 0.03
a contact +43306 +46367 2 5 905224019
a range +43306 +46367 2 5 200.01
a contact +43411 +46344 6 5 1102865768
a range +43411 +46344 6 5 0.08
a contact +43492 +46444 5 6 835903928
a range +43492 +46444 5 6 0.08
a contact +43646 +47753 4 5 1011758864
a range +43646 +47753 4 5 0.1
a contact +43784 +47530 4 2 864541217
a range +43784 +47530 4 2 199.91
a contact +43956 +47391 5 2 1088526330
a range +43956 +47391 5 2 200.03
a contact +44115 +48287 3 1 949087433
a range +44115 +48287 3 1 0.12
a contact +44130 +47036 4 3 940748317
a range +44130 +47036 4 3 199.96
a contact +44292 +47949 2 1 1005577733
a range +44292 +47949 2 1 0.12
a contact +44340 +48341 3 4 809804852
a range +44340 +48341 3 4 199.9
a contact +44699 +48911 1 2 955519260
a range +44699 +48911 1 2 0.12
a contact +44721 +47939 2 4 1113642305
a range +44721 +47939 2 4 199.98
a contact +44806 +48483 3 5 1001579871
a range +44806 +48483 3 5 200.0
a contact +45216 +48701 3 2 1052294992
a range +45216 +48701 3 2 0.37
a contact +45560 +49308 6 4 1106139817
a range +45560 +49308 6 4 0.03
a contact +45768 +49448 5 4 1196683147
a range +45768 +49448 5 4 0.1
a contact +46394 +50254 2 5 803491588
a range +46394 +50254 2 5 200.02
a contact +46445 +49609 1 3 819101600
a range +46445 +49609 1 3 0.12
a contact +46554 +50829 4 6 890212941
a range +46554 +50829 4 6 0.03
a contact +46764 +50845 2 3 875181721
a range +46764 +50845 2 3 0.37
a contact +46858 +50715 6 5 1046999813
a range +46858 +50715 6 5 0.08
a contact +46946 +50108 5 6 921378903
a range +46946 +50108 5 6 0.08
a contact +47104 +50598 4 3 1199558890
a range +47104 +50598 4 3 199.91
a contact +47189 +50702 5 3 1145707610
a range +47189 +50702 5 3 199.97
a contact +47565 +50737 4 2 1108174643
a range +47565 +50737 4 2 199.99
a contact +47676 +50801 5 2 1020063494
a range +47676 +50801 5 2 200.05
a contact +47829 +51917 4 5 1012630541
a range +47829 +51917 4 5 0.11
a contact +48386 +51373 2 4 949478330
a range +48386 +51373 2 4 199.95
a contact +48405 +52540 2 1 1168239920
a range +48405 +52540 2 1 0.12
a contact +48569 +51699 3 1 1113629837
a range +48569 +51699 3 1 0.12
a contact +48708 +53016 3 4 1127974901
a range +48708 +53016 3 4 199.9
a contact +48716 +52859 3 5 1176753298
a range +48716 +52859 3 5 200.04
a contact +48951 +52708 3 2 898395492
a range +48951 +52708 3 2 0.37
a contact +49101 +53402 1 2 946786083
a range +49101 +53402 1 2 0.12
a contact +49506 +53623 6 4 944464485
a range +49506 +53623 6 4 0.03
a contact +49751 +53175 5 4 1108696297
a range +49751 +53175 5 4 0.06
a contact +50054 +53568 1 3 1078338283
a range +50054 +53568 1 3 0.12
a contact +50514 +54694 5 6 888527734
a range +50514 +54694 5 6 0.08
a contact +50707 +54866 2 5 1049021589
a range +50707 +54866 2 5 200.03
a contact +50763 +54488 5 3 988672622
a range +50763 +54488 5 3 200.05
a contact +50820 +54995 4 2 820347067
a range +50820 +54995 4 2 200.03
a contact +50828 +54062 4 3 1134268077
a range +50828 +54062 4 3 200.02
a contact +50881 +55172 6 5 888606681
a range +50881 +55172 6 5 0.08
a contact +51114 +55210 2 3 1007051310
a range +51114 +55210 2 3 0.37
a contact +51183 +54324 5 2 832727313
a range +51183 +54324 5 2 200.02
a contact +51338 +55481 4 6 1166180181
a range +51338 +55481 4 6 0.03
a contact +51686 +55352 2 4 1027758424
a range +51686 +55352 2 4 199.92
a contact +52173 +56021 4 5 908299754
a range +52173 +56021 4 5 0.09
a contact +52193 +55254 3 1 1199946178
a range +52193 +55254 3 1 0.12
a contact +52606 +56462 2 1 1003530885
a range +52606 +56462 2 1 0.12
a contact +52719 +56175 3 2 853061471
a range +52719 +56175 3 2 0.37
a contact +53013 +56922 3 5 1038163184
a range +53013 +56922 3 5 200.04
a contact +53264 +57368 3 4 1028040414
a range +53264 +57368 3 4 200.0
a contact +53632 +56579 5 4 971291523
a range +53632 +56579 5 4 0.05
a contact +53885 +57464 1 3 1059328273
a range +53885 +57464 1 3 0.12
a contact +53972 +57428 1 2 1060569748
a range +53972 +57428 1 2 0.12
a contact +54166 +57213 6 4 1110764785
a range +54166 +57213 6 4 0.03
a contact +54405 +58149 5 2 1006171495
a range +54405 +58149 5 2 199.95
a contact +54507 +58137 4 3 1025076990
a range +54507 +58137 4 3 199.98
a contact +54845 +59062 5 3 1069119751
a range +54845 +59062 5 3 200.0
a contact +55174 +59006 5 6 1133650905
a range +55174 +59006 5 6 0.08
a contact +55261 +58662 4 2 1103019371
a range +55261 +58662 4 2 199.99
a contact +55365 +58847 6 5 822455578
a range +55365 +58847 6 5 0.08
a contact +55407 +58901 2 5 897429413
a range +55407 +58901 2 5 199.96
a contact +55528 +59339 3 1 904911703
a range +55528 +59339 3 1 0.12
a contact +55652 +59372 2 3 1196335556
a range +55652 +59372 2 3 0.37
a contact +55873 +59081 4 6 1071688830
a range +55873 +59081 4 6 0.03
a contact +55877 +59670 2 4 1076883694
a range +55877 +59670 2 4 199.93
a contact +56233 +60273 4 5 1194873444
a range +56233 +60273 4 5 0.11
a contact +56464 +60527 3 2 976244738
a range +56464 +60527 3 2 0.37
a contact +56879 +60422 2 1 860144567
a range +56879 +60422 2 1 0.12
a contact +57056 +60622 5 4 809056340
a range +57056 +60622 5 4 0.1
a contact +57158 +61440 3 5 1054288553
a range +57158 +61440 3 5 200.01
a contact +57455 +61485 1 2 1085615479
a range +57455 +61485 1 2 0.12
a contact +57515 +61119 6 4 886709935
a range +57515 +61119 6 4 0.03
a contact +57782 +61681 3 4 800218694
a range +57782 +61681 3 4 199.91
a contact +58037 +61973 1 3 1095579236
a range +58037 +61973 1 3 0.12
a contact +58610 +62264 4 3 839597285
a range +58610 +62264 4 3 200.0
a contact +58648 +61951 5 2 895503920
a range +58648 +61951 5 2 200.03
a contact +58885 +62973 4 2 962685517
a range +58885 +62973 4 2 199.96
a contact +59171 +63405 2 5 979140942
a range +59171 +63405 2 5 200.01
a contact +59191 +62717 6 5 807876661
a range +59191 +62717 6 5 0.08
a contact +59207 +62724 5 3 892098794
a range +59207 +62724 5 3 199.98
a contact +59457 +62638 5 6 1145330398
a range +59457 +62638 5 6 0.08
a contact +59523 +63642 4 6 811078887
a range +59523 +63642 4 6 0.03
a contact +59767 +63122 3 1 983560267
a range +59767 +63122 3 1 0.12
a contact +59822 +62778 2 3 1188980085
a range +59822 +62778 2 3 0.37
a contact +60052 +64195 2 4 1044547224
a range +60052 +64195 2 4 200.06
a contact +60565 +64166 3 2 870042920
a range +60565 +64166 3 2 0.37
a contact +60793 +64499 4 5 1152710929
a range +60793 +64499 4 5 0.11
a contact +60854 +64404 5 4 899098922
a range +60854 +64404 5 4 0.06
a contact +60984 +65291 2 1 986415506
a range +60984 +65291 2 1 0.12
a contact +61463 +64506 6 4 859023304
a range +61463 +64506 6 4 0.03
a contact +61767 +65383 1 2 1042036765
a range +61767 +65383 1 2 0.12
a contact +61794 +66079 3 4 991150772
a range +61794 +66079 3 4 200.09
a contact +61974 +65417 3 5 905736809
a range +61974 +65417 3 5 200.02
a contact +62099 +66061 1 3 1116470663
a range +62099 +66061 1 3 0.12
a contact +62350 +66186 5 2 1114566260
a range +62350 +66186 5 2 199.99
a contact +62483 +66789 4 3 1179036264
a range +62483 +66789 4 3 200.07
a contact +62929 +66092 5 6 1140231934
a range +62929 +66092 5 6 0.08
a contact +62971 +66512 5 3 860759531
a range +62971 +66512 5 3 200.03
a contact +62977 +65859 6 5 871403410
a range +62977 +65859 6 5 0.08
a contact +62989 +67180 4 2 834752160
a range +62989 +67180 4 2 200.02
a contact +63346 +66416 2 3 1003040217
a range +63346 +66416 2 3 0.37
a contact +63562 +66730 2 5 909926053
a range +63562 +66730 2 5 200.02
a contact +63656 +67431 3 1 896890707
a range +63656 +67431 3 1 0.12
a contact +63703 +66739 4 6 897583478
a range +63703 +66739 4 6 0.03
a contact +64457 +68733 3 2 1184885589
a range +64457 +68733 3 2 0.37
a contact +64611 +68629 4 5 959010949
a range +64611 +68629 4 5 0.07
a contact +64677 +68024 2 4 1050851346
a range +64677 +68024 2 4 200.02
a contact +64761 +68556 6 4 1069091898
a range +64761 +68556 6 4 0.03
a contact +64863 +67909 5 4 1177105489
a range +64863 +67909 5 4 0.09
a contact +65549 +69099 1 2 1195842896
a range +65549 +69099 1 2 0.12
a contact +65559 +69788 3 5 883403556
a range +65559 +69788 3 5 199.98
a contact +65588 +69755 2 1 875694685
a range +65588 +69755 2 1 0.12
a contact +66255 +70270 1 3 1049444221
a range +66255 +70270 1 3 0.12
a contact +66266 +69875 5 6 829860996
a range +66266 +69875 5 6 0.08
a contact +66343 +69971 6 5 878860105
a range +66343 +69971 6 5 0.08
a contact +66423 +70436 3 4 887092276
a range +66423 +70436 3 4 200.0
a contact +66542 +69774 5 3 1088640594
a range +66542 +69774 5 3 199.96
a contact +66658 +69754 5 2 804464248
a range +66658 +69754 5 2 200.0
a contact +66672 +70339 2 3 1029365807
a range +66672 +70339 2 3 0.37
a contact +66770 +70452 4 6 800208991
a range +66770 +70452 4 6 0.03
a contact +66820 +69891 4 3 881363586
a range +66820 +69891 4 3 200.0
a contact +67097 +70818 2 5 813164277
a range +67097 +70818 2 5 199.95
a contact +67268 +70897 4 2 877285752
a range +67268 +70897 4 2 200.09
a contact +67736 +70947 3 1 1083200186
a range +67736 +70947 3 1 0.12
a contact +68119 +71986 2 4 838026334
a range +68119 +71986 2 4 199.95
a contact +68210 +71211 5 4 889720462
a range +68210 +71211 5 4 0.07
a contact +68769 +73053 3 2 941440695
a range +68769 +73053 3 2 0.37
a contact +68897 +73065 4 5 1157002100
a range +68897 +73065 4 5 0.1
a contact +68956 +71922 6 4 980291309
a range +68956 +71922 6 4 0.03
a contact +69236 +72382 1 2 925125835
a range +69236 +72382 1 2 0.12
a contact +69783 +72674 5 3 930743505
a range +69783 +72674 5 3 199.99
a contact +69892 +73806 5 2 832699693
a range +69892 +73806 5 2 199.97
a contact +69930 +73464 4 3 935549449
a range +69930 +73464 4 3 199.96
a contact +70125 +73645 2 1 1142142766
a range +70125 +73645 2 1 0.12
a contact +70179 +74400 3 5 1066107433
a range +70179 +74400 3 5 200.02
a contact +70206 +73483 6 5 902957143
a range +70206 +73483 6 5 0.08
a contact +70446 +74252 5 6 952664152
a range +70446 +74252 5 6 0.08
a contact +70496 +73728 3 4 1142596028
a range +70496 +73728 3 4 200.09
a contact +70597 +73924 4 6 850945327
a range +70597 +73924 4 6 0.03
a contact +70709 +73919 2 3 921636814
a range +70709 +73919 2 3 0.37
a contact +70824 +74480 1 3 905255588
a range +70824 +74480 1 3 0.12
a contact +70931 +75108 4 2 935957593
a range +70931 +75108 4 2 199.91
a contact +71032 +74208 3 1 923623133
a range +71032 +74208 3 1 0.12
a contact +71082 +74129 2 5 895817165
a range +71082 +74129 2 5 199.96
a contact +71547 +75841 5 4 866118192
a range +71547 +75841 5 4 0.07
a contact +72016 +75039 6 4 1128517990
a range +72016 +75039 6 4 0.03
a contact +72226 +75973 2 4 1133360031
a range +72226 +75973 2 4 200.03
a contact +72469 +75437 1 2 973302807
a range +72469 +75437 1 2 0.12
a contact +72852 +76825 5 3 1012165619
a range +72852 +76825 5 3 200.02
a contact +73352 +77527 3 2 1102991378
a range +73352 +77527 3 2 0.37
a contact +73562 +76497 4 5 1176828808
a range +73562 +76497 4 5 0.09
a contact +73825 +76939 3 4 1197141944
a range +73825 +76939 3 4 200.07
a contact +73884 +77318 4 3 918092782
a range +73884 +77318 4 3 200.04
a contact +73893 +77265 2 1 820336422
a range +73893 +77265 2 1 0.12
a contact +73924 +77997 6 5 829896368
a range +73924 +77997 6 5 0.08
a contact +74274 +77995 5 2 844094086
a range +74274 +77995 5 2 200.04
a contact +74297 +77404 4 6 857118015
a range +74297 +77404 4 6 0.03
a contact +74401 +78646 2 3 1087403808
a range +74401 +78646 2 3 0.37
a contact +74435 +78636 3 5 1139199358
a range +74435 +78636 3 5 199.96
a contact +74515 +78405 2 5 1141508152
a range +74515 +78405 2 5 199.97
a contact +74767 +77896 3 1 1160679343
a range +74767 +77896 3 1 0.12
a contact +74802 +78866 5 6 985179196
a range +74802 +78866 5 6 0.08
a contact +75022 +78045 1 3 1160697223
a range +75022 +78045 1 3 0.12
a contact +75603 +79314 4 2 913666838
a range +75603 +79314 4 2 199.97
a contact +75673 +79176 1 2 1002291290
a range +75673 +79176 1 2 0.12
a contact +76254 +80318 2 4 1060644639
a range +76254 +80318 2 4 200.06
a contact +76687 +79720 4 5 1190877607
a range +76687 +79720 4 5 0.09
a contact +77049 +81359 3 4 865386357
a range +77049 +81359 3 4 200.05
a contact +77534 +80604 2 1 833258029
a range +77534 +80604 2 1 0.12
a contact +78759 +82707 2 5 843483754
a range +78759 +82707 2 5 199.96
