m horizon +0
a contact +7595 +11821 3 2 1198801546
a range +7595 +11821 3 2 0.12
a contact +11992 +14968 6 4 818829698
a range +11992 +14968 6 4 0.13
a contact +13416 +17625 2 3 977958853
a range +13416 +17625 2 3 0.12
a contact +17862 +21555 3 1 1089677933
a range +17862 +21555 3 1 0.12
a contact +18030 +20952 3 2 848535805
a range +18030 +20952 3 2 0.12
a contact +19842 +22920 2 4 987468995
a range +19842 +22920 2 4 843.27
a contact +21076 +25147 2 3 1125874292
a range +21076 +25147 2 3 0.12
a contact +24126 +27181 6 4 853864638
a range +24126 +27181 6 4 0.13
a contact +25246 +28144 3 4 1053248328
a range +25246 +28144 3 4 837.97
a contact +26172 +30258 1 2 1135407758
a range +26172 +30258 1 2 0.12
a contact +28372 +31306 4 3 1173044984
a range +28372 +31306 4 3 846.71
a contact +36279 +38937 5 6 1095088254
a range +36279 +38937 5 6 0.13
a contact +39595 +43465 2 4 884028370
a range +39595 +43465 2 4 835.47
a contact +41533 +44822 5 4 1134682847
a range +41533 +44822 5 4 0.13
a contact +41919 +45799 3 1 1098592265
a range +41919 +45799 3 1 0.12
a contact +41993 +45514 6 4 1154892073
a range +41993 +45514 6 4 0.13
a contact +44310 +48342 4 6 889219245
a range +44310 +48342 4 6 0.13
a contact +51512 +55000 2 4 953778510
a range +51512 +55000 2 4 840.93
a contact +51597 +55564 3 1 1179572296
a range +51597 +55564 3 1 0.12
a contact +51626 +54706 5 3 910075817
a range +51626 +54706 5 3 842.21
a contact +56869 +60541 4 6 1139263246
a range +56869 +60541 4 6 0.13
a contact +56966 +60058 5 3 1004997261
a range +56966 +60058 5 3 835.38
a contact +57818 +60936 2 3 931791406
a range +57818 +60936 2 3 0.12
a contact +58973 +63268 4 3 945826580
a range +58973 +63268 4 3 833.69
a contact +59070 +62082 1 2 1005863626
a range +59070 +62082 1 2 0.12
a contact +59613 +63168 3 5 1146832137
a range +59613 +63168 3 5 845.8
a contact +60527 +64069 3 2 863293354
a range +60527 +64069 3 2 0.12
a contact +61431 +65321 4 2 1095136966
a range +61431 +65321 4 2 843.72
a contact +61463 +64911 2 4 1010355546
a range +61463 +64911 2 4 837.02
a contact +61636 +65514 1 3 1112287852
a range +61636 +65514 1 3 0.12
a contact +62910 +67124 5 2 1027832605
a range +62910 +67124 5 2 839.79
a contact +63576 +67177 4 3 1080014095
a range +63576 +67177 4 3 835.25
a contact +64067 +68260 5 6 1118633259
a range +64067 +68260 5 6 0.13
a contact +64773 +68283 3 4 1069033613
a range +64773 +68283 3 4 832.74
a contact +66429 +68827 4 5 908483378
a range +66429 +68827 4 5 0.13
a contact +66645 +69942 2 3 1006101562
a range +66645 +69942 2 3 0.12
a contact +67244 +70337 5 2 888295180
a range +67244 +70337 5 2 833.57
a contact +67380 +70009 4 6 1064318037
a range +67380 +70009 4 6 0.13
a contact +67957 +71797 3 5 843417078
a range +67957 +71797 3 5 845.23
a contact +68136 +72185 1 2 1090382445
a range +68136 +72185 1 2 0.12
a contact +68590 +70964 5 4 805763291
a range +68590 +70964 5 4 0.13
a contact +69057 +73192 5 6 1133054429
a range +69057 +73192 5 6 0.13
a contact +69066 +71968 3 1 1133208991
a range +69066 +71968 3 1 0.12
a contact +69090 +73321 5 3 863688954
a range +69090 +73321 5 3 847.28
a contact +69671 +71715 4 2 1008542439
a range +69671 +71715 4 2 846.38
a contact +70005 +73597 4 3 1131655143
a range +70005 +73597 4 3 838.4
a contact +70672 +74239 2 1 937828738
a range +70672 +74239 2 1 0.12
a contact +70875 +74671 6 4 929036535
a range +70875 +74671 6 4 0.13
a contact +70961 +75227 4 5 1135888149
a range +70961 +75227 4 5 0.13
a contact +70999 +74041 1 3 906257193
a range +70999 +74041 1 3 0.12
a contact +71139 +74914 2 4 1136818689
a range +71139 +74914 2 4 843.39
a contact +71315 +75028 2 3 850406095
a range +71315 +75028 2 3 0.12
a contact +71399 +75153 3 2 1167256161
a range +71399 +75153 3 2 0.12
a contact +71425 +74491 3 4 834406469
a range +71425 +74491 3 4 834.92
a contact +71489 +75007 6 5 864302349
a range +71489 +75007 6 5 0.13
a contact +71629 +75871 2 5 870501682
a range +71629 +75871 2 5 846.06
a contact +71827 +75156 4 6 1095181486
a range +71827 +75156 4 6 0.13
a contact +71933 +75978 5 2 987057677
a range +71933 +75978 5 2 835.16
a contact +72001 +75368 3 2 861454219
a range +72001 +75368 3 2 0.12
a contact +72005 +75442 1 2 1033093229
a range +72005 +75442 1 2 0.12
a contact +72011 +75832 3 1 926202693
a range +72011 +75832 3 1 0.12
a contact +72022 +75490 5 2 857663500
a range +72022 +75490 5 2 839.22
a contact +72043 +76225 5 2 942282280
a range +72043 +76225 5 2 844.68
a contact +72053 +75586 5 2 839065703
a range +72053 +75586 5 2 833.17
a contact +72069 +75243 3 5 844217389
a range +72069 +75243 3 5 833.51
a contact +72081 +75141 4 2 1076763374
a range +72081 +75141 4 2 845.97
a contact +72123 +75086 3 1 944389752
a range +72123 +75086 3 1 0.12
a contact +72128 +75671 6 5 1162418542
a range +72128 +75671 6 5 0.13
a contact +72135 +75451 4 2 877508294
a range +72135 +75451 4 2 842.62
a contact +72150 +75725 2 3 901907763
a range +72150 +75725 2 3 0.12
a contact +72163 +76478 2 5 955357015
a range +72163 +76478 2 5 837.83
a contact +72172 +75377 5 6 1004970060
a range +72172 +75377 5 6 0.13
a contact +72172 +76104 6 5 1070323841
a range +72172 +76104 6 5 0.13
a contact +72205 +75320 4 3 1157409978
a range +72205 +75320 4 3 839.43
a contact +72206 +75924 1 2 805093788
a range +72206 +75924 1 2 0.12
a contact +72211 +75701 4 2 1170062112
a range +72211 +75701 4 2 847.9
a contact +72267 +76444 4 6 1154863897
a range +72267 +76444 4 6 0.13
a contact +72281 +75440 5 4 858074041
a range +72281 +75440 5 4 0.13
a contact +72288 +75288 6 5 854086180
a range +72288 +75288 6 5 0.13
a contact +72294 +75443 2 5 1090835918
a range +72294 +75443 2 5 838.12
a contact +72341 +76319 2 1 1052373166
a range +72341 +76319 2 1 0.12
a contact +72352 +76606 2 5 1016711203
a range +72352 +76606 2 5 834.54
a contact +72356 +76253 3 4 955748672
a range +72356 +76253 3 4 844.96
a contact +72365 +75790 4 2 909796495
a range +72365 +75790 4 2 843.23
a contact +72406 +75755 4 2 997239410
a range +72406 +75755 4 2 833.03
a contact +72414 +76674 3 2 1082516512
a range +72414 +76674 3 2 0.12
a contact +72414 +75700 4 3 1089502002
a range +72414 +75700 4 3 836.96
a contact +72425 +75940 4 6 1027194321
a range +72425 +75940 4 6 0.13
a contact +72430 +76171 6 4 1007463116
a range +72430 +76171 6 4 0.13
a contact +72433 +75405 3 4 1170713992
a range +72433 +75405 3 4 838.65
a contact +72438 +76751 4 5 1115981498
a range +72438 +76751 4 5 0.13
a contact +72456 +76295 3 4 1139617654
a range +72456 +76295 3 4 847.11
a contact +72459 +75924 5 6 950874984
a range +72459 +75924 5 6 0.13
a contact +72502 +76424 2 3 899881574
a range +72502 +76424 2 3 0.12
a contact +72509 +75980 2 1 951423294
a range +72509 +75980 2 1 0.12
a contact +72521 +75937 2 5 905637470
a range +72521 +75937 2 5 847.53
a contact +72558 +76338 5 3 847738741
a range +72558 +76338 5 3 841.12
a contact +72566 +76365 4 5 945013069
a range +72566 +76365 4 5 0.13
a contact +72568 +76401 5 6 844818328
a range +72568 +76401 5 6 0.13
a contact +72570 +76237 6 4 1017125693
a range +72570 +76237 6 4 0.13
a contact +72611 +76790 6 5 906994633
a range +72611 +76790 6 5 0.13
a contact +72653 +75801 4 6 885082455
a range +72653 +75801 4 6 0.13
a contact +72653 +76228 4 6 983159183
a range +72653 +76228 4 6 0.13
a contact +72666 +76026 4 5 850167870
a range +72666 +76026 4 5 0.13
a contact +72684 +75972 6 4 1120982987
a range +72684 +75972 6 4 0.13
a contact +72692 +75583 3 1 1123212601
a range +72692 +75583 3 1 0.12
a contact +72698 +76718 4 2 1131649056
a range +72698 +76718 4 2 832.77
a contact +72701 +75366 4 2 951008430
a range +72701 +75366 4 2 834.4
a contact +72715 +76174 4 2 846920862
a range +72715 +76174 4 2 834.43
a contact +72725 +76189 5 3 1093610467
a range +72725 +76189 5 3 841.48
a contact +72737 +76780 3 5 1037403355
a range +72737 +76780 3 5 837.19
a contact +72764 +76770 2 1 1023843802
a range +72764 +76770 2 1 0.12
a contact +72767 +76327 1 2 977392595
a range +72767 +76327 1 2 0.12
a contact +72783 +76864 2 1 1103501297
a range +72783 +76864 2 1 0.12
a contact +72792 +76377 3 2 1068990824
a range +72792 +76377 3 2 0.12
a contact +72801 +76077 3 5 1055807286
a range +72801 +76077 3 5 842.83
a contact +72830 +77146 5 6 911008845
a range +72830 +77146 5 6 0.13
a contact +72854 +75226 4 5 953191607
a range +72854 +75226 4 5 0.13
a contact +72871 +76583 5 2 924875695
a range +72871 +76583 5 2 832.43
a contact +72883 +76920 4 6 1013880446
a range +72883 +76920 4 6 0.13
a contact +72893 +76216 6 5 1059527781
a range +72893 +76216 6 5 0.13
a contact +72923 +75824 4 2 830254408
a range +72923 +75824 4 2 838.39
a contact +72928 +77072 2 3 1032849608
a range +72928 +77072 2 3 0.12
a contact +72931 +76755 1 3 1033584997
a range +72931 +76755 1 3 0.12
a contact +72952 +76966 2 5 1156147085
a range +72952 +76966 2 5 837.8
a contact +72964 +76430 4 2 1035936930
a range +72964 +76430 4 2 838.76
a contact +72970 +77225 6 5 886750824
a range +72970 +77225 6 5 0.13
a contact +72972 +76828 1 2 812190736
a range +72972 +76828 1 2 0.12
a contact +72974 +77047 2 3 1088383043
a range +72974 +77047 2 3 0.12
a contact +72976 +76644 3 1 961251250
a range +72976 +76644 3 1 0.12
a contact +73019 +76525 4 6 991149379
a range +73019 +76525 4 6 0.13
a contact +73031 +77204 3 5 923338302
a range +73031 +77204 3 5 837.84
a contact +73043 +76764 3 4 963555135
a range +73043 +76764 3 4 843.47
a contact +73057 +77038 3 1 989951236
a range +73057 +77038 3 1 0.12
a contact +73065 +77368 1 2 1057253687
a range +73065 +77368 1 2 0.12
a contact +73081 +77152 2 4 1152635075
a range +73081 +77152 2 4 838.09
a contact +73086 +75699 6 5 1034566887
a range +73086 +75699 6 5 0.13
a contact +73096 +76485 3 2 1177988781
a range +73096 +76485 3 2 0.12
a contact +73137 +75312 4 3 1077207141
a range +73137 +75312 4 3 847.84
a contact +73169 +76512 4 5 946607200
a range +73169 +76512 4 5 0.13
a contact +73197 +76326 1 2 991096518
a range +73197 +76326 1 2 0.12
a contact +73212 +76121 3 5 1026371359
a range +73212 +76121 3 5 840.43
a contact +73217 +77107 3 2 1008481539
a range +73217 +77107 3 2 0.12
a contact +73220 +76131 2 1 1048104119
a range +73220 +76131 2 1 0.12
a contact +73234 +76937 3 1 1159822698
a range +73234 +76937 3 1 0.12
a contact +73244 +76432 3 2 1000475238
a range +73244 +76432 3 2 0.12
a contact +73253 +77322 5 2 867071166
a range +73253 +77322 5 2 837.86
a contact +73294 +77437 2 4 1012277678
a range +73294 +77437 2 4 841.63
a contact +73317 +76642 4 5 806084459
a range +73317 +76642 4 5 0.13
a contact +73335 +76420 4 5 952516016
a range +73335 +76420 4 5 0.13
a contact +73357 +76495 1 3 1179067725
a range +73357 +76495 1 3 0.12
a contact +73370 +76340 1 2 1129729531
a range +73370 +76340 1 2 0.12
a contact +73370 +77394 4 3 1178239224
a range +73370 +77394 4 3 832.39
a contact +73407 +76733 1 2 1192848013
a range +73407 +76733 1 2 0.12
a contact +73421 +76693 4 5 1088868964
a range +73421 +76693 4 5 0.13
a contact +73438 +77640 5 3 951365281
a range +73438 +77640 5 3 835.64
a contact +73549 +76460 5 3 845894630
a range +73549 +76460 5 3 844.41
a contact +73557 +76798 4 6 1128351029
a range +73557 +76798 4 6 0.13
a contact +73576 +76708 2 1 1175170253
a range +73576 +76708 2 1 0.12
a contact +73582 +77479 5 2 1013967586
a range +73582 +77479 5 2 838.51
a contact +73664 +76931 4 6 1025089047
a range +73664 +76931 4 6 0.13
a contact +73705 +77315 6 5 1185281455
a range +73705 +77315 6 5 0.13
a contact +73761 +76988 2 1 1012215793
a range +73761 +76988 2 1 0.12
a contact +73819 +75940 4 6 1006689424
a range +73819 +75940 4 6 0.13
a contact +73825 +77025 5 4 1171961526
a range +73825 +77025 5 4 0.13
a contact +73857 +77001 2 1 893674384
a range +73857 +77001 2 1 0.12
a contact +73867 +77962 3 2 844762316
a range +73867 +77962 3 2 0.12
a contact +73867 +77167 5 4 855901305
a range +73867 +77167 5 4 0.13
a contact +73871 +77920 1 2 1104097376
a range +73871 +77920 1 2 0.12
a contact +73881 +77379 3 5 1189802249
a range +73881 +77379 3 5 843.49
a contact +73893 +76870 3 5 1053810577
a range +73893 +76870 3 5 835.18
a contact +73896 +78127 4 6 928235282
a range +73896 +78127 4 6 0.13
a contact +73909 +77403 5 2 1110709013
a range +73909 +77403 5 2 846.93
a contact +73916 +77562 3 4 1118746701
a range +73916 +77562 3 4 848.12
a contact +73921 +77671 6 4 1153055479
a range +73921 +77671 6 4 0.13
a contact +73956 +77595 2 5 926032741
a range +73956 +77595 2 5 845.29
a contact +73988 +77984 5 3 1126969522
a range +73988 +77984 5 3 835.71
a contact +73993 +76057 4 5 882112786
a range +73993 +76057 4 5 0.13
a contact +73996 +77583 5 2 1145745579
a range +73996 +77583 5 2 847.17
a contact +74016 +77868 5 2 824038093
a range +74016 +77868 5 2 842.43
a contact +74027 +77647 2 1 980952530
a range +74027 +77647 2 1 0.12
a contact +74030 +76126 6 4 969711432
a range +74030 +76126 6 4 0.13
a contact +74084 +77552 4 3 1097622756
a range +74084 +77552 4 3 841.66
a contact +74088 +76497 4 3 1008429493
a range +74088 +76497 4 3 840.73
a contact +74109 +76268 4 5 910839176
a range +74109 +76268 4 5 0.13
a contact +74115 +77836 2 5 970116905
a range +74115 +77836 2 5 841.45
a contact +74158 +78332 5 3 974213460
a range +74158 +78332 5 3 841.21
a contact +74229 +78261 4 2 834711683
a range +74229 +78261 4 2 836.1
a contact +74263 +77987 4 6 1197341392
a range +74263 +77987 4 6 0.13
a contact +74272 +77264 1 3 1190945953
a range +74272 +77264 1 3 0.12
a contact +74308 +77287 2 4 1195867480
a range +74308 +77287 2 4 838.7
a contact +74315 +77954 3 4 1180519043
a range +74315 +77954 3 4 844.56
a contact +74328 +76842 4 6 1091397591
a range +74328 +76842 4 6 0.13
a contact +74343 +77677 1 3 1145007566
a range +74343 +77677 1 3 0.12
a contact +74365 +78025 5 2 828492333
a range +74365 +78025 5 2 835.57
a contact +74406 +77510 2 5 997057884
a range +74406 +77510 2 5 840.12
a contact +74423 +78242 6 5 1000881524
a range +74423 +78242 6 5 0.13
a contact +74424 +78104 5 6 893550394
a range +74424 +78104 5 6 0.13
a contact +74460 +78479 2 3 1045751038
a range +74460 +78479 2 3 0.12
a contact +74525 +78338 5 2 1173927309
a range +74525 +78338 5 2 839.08
a contact +74554 +77935 5 3 1058127765
a range +74554 +77935 5 3 836.92
a contact +74556 +78008 3 5 1100044023
a range +74556 +78008 3 5 837.65
a contact +74556 +77710 5 6 977467013
a range +74556 +77710 5 6 0.13
a contact +74558 +78866 1 2 1123167251
a range +74558 +78866 1 2 0.12
a contact +74564 +78369 5 4 975343328
a range +74564 +78369 5 4 0.13
a contact +74593 +78111 1 2 1118347022
a range +74593 +78111 1 2 0.12
a contact +74597 +77711 1 3 1029554232
a range +74597 +77711 1 3 0.12
a contact +74599 +78518 4 3 1133602829
a range +74599 +78518 4 3 832.72
a contact +74638 +77683 3 1 971880979
a range +74638 +77683 3 1 0.12
a contact +74640 +77636 3 5 894336310
a range +74640 +77636 3 5 840.77
a contact +74650 +77592 5 3 1112669542
a range +74650 +77592 5 3 831.72
a contact +74663 +77682 3 5 1192972538
a range +74663 +77682 3 5 845.61
a contact +74666 +78352 3 4 864955251
a range +74666 +78352 3 4 833.23
a contact +74703 +78010 1 3 1196775403
a range +74703 +78010 1 3 0.12
a contact +74717 +77683 2 4 1053579669
a range +74717 +77683 2 4 839.74
a contact +74720 +77925 2 5 1185911948
a range +74720 +77925 2 5 836.63
a contact +74787 +78265 3 4 800183219
a range +74787 +78265 3 4 846.44
a contact +74795 +77800 4 2 916440230
a range +74795 +77800 4 2 846.5
a contact +74803 +78834 3 4 811884763
a range +74803 +78834 3 4 841.91
a contact +74807 +79117 2 5 1158400074
a range +74807 +79117 2 5 834.86
a contact +74809 +78456 6 5 1117136546
a range +74809 +78456 6 5 0.13
a contact +74824 +78545 2 5 930836849
a range +74824 +78545 2 5 842.69
a contact +74832 +79009 2 5 873218358
a range +74832 +79009 2 5 838.31
a contact +74857 +79048 1 3 1180296638
a range +74857 +79048 1 3 0.12
a contact +74864 +79077 2 1 1149420018
a range +74864 +79077 2 1 0.12
a contact +74866 +79083 6 4 875181486
a range +74866 +79083 6 4 0.13
a contact +74874 +78070 4 2 1104231708
a range +74874 +78070 4 2 837.38
a contact +74912 +79128 4 2 807603079
a range +74912 +79128 4 2 836.47
a contact +74918 +78021 1 2 1192292292
a range +74918 +78021 1 2 0.12
a contact +74933 +78188 4 6 831384705
a range +74933 +78188 4 6 0.13
a contact +74964 +77954 4 5 1180865839
a range +74964 +77954 4 5 0.13
a contact +74974 +78742 5 2 1098553063
a range +74974 +78742 5 2 841.2
a contact +74987 +78971 5 2 1197127263
a range +74987 +78971 5 2 837.54
a contact +74998 +78072 2 4 1059633414
a range +74998 +78072 2 4 832.94
a contact +75035 +78559 3 5 871376442
a range +75035 +78559 3 5 833.13
a contact +75062 +78392 4 6 1197924695
a range +75062 +78392 4 6 0.13
a contact +75095 +78064 5 3 922541619
a range +75095 +78064 5 3 847.9
a contact +75096 +78207 3 2 1194676422
a range +75096 +78207 3 2 0.12
a contact +75111 +78675 4 2 868555160
a range +75111 +78675 4 2 839.66
a contact +75159 +78224 1 3 1184602587
a range +75159 +78224 1 3 0.12
a contact +75163 +79109 1 2 1140522389
a range +75163 +79109 1 2 0.12
a contact +75165 +78691 1 2 1107667823
a range +75165 +78691 1 2 0.12
a contact +75201 +78492 5 2 1170152440
a range +75201 +78492 5 2 843.57
a contact +75202 +78134 1 3 941794024
a range +75202 +78134 1 3 0.12
a contact +75210 +79107 3 5 1029824973
a range +75210 +79107 3 5 839.52
a contact +75222 +78451 2 3 1089015621
a range +75222 +78451 2 3 0.12
a contact +75226 +78263 2 3 1065202681
a range +75226 +78263 2 3 0.12
a contact +75248 +79229 1 3 1065525585
a range +75248 +79229 1 3 0.12
a contact +75283 +79051 3 5 808149972
a range +75283 +79051 3 5 835.89
a contact +75297 +78920 4 6 1155139491
a range +75297 +78920 4 6 0.13
a contact +75299 +78805 5 3 1035542443
a range +75299 +78805 5 3 847.37
a contact +75315 +79260 5 4 1100415350
a range +75315 +79260 5 4 0.13
a contact +75316 +79009 1 3 1182784809
a range +75316 +79009 1 3 0.12
a contact +75320 +79104 4 5 1007054235
a range +75320 +79104 4 5 0.13
a contact +75321 +79422 2 5 1192676998
a range +75321 +79422 2 5 836.59
a contact +75327 +78314 3 4 902531373
a range +75327 +78314 3 4 837.7
a contact +75337 +79137 2 1 1101138687
a range +75337 +79137 2 1 0.12
a contact +75343 +79322 2 5 959046254
a range +75343 +79322 2 5 835.3
a contact +75349 +78863 4 2 920201377
a range +75349 +78863 4 2 838.03
a contact +75353 +78301 5 3 827512426
a range +75353 +78301 5 3 839.8
a contact +75357 +78593 5 3 1057322295
a range +75357 +78593 5 3 834.92
a contact +75379 +79071 4 2 974898933
a range +75379 +79071 4 2 840.5
a contact +75389 +78795 4 5 1099294713
a range +75389 +78795 4 5 0.13
a contact +75393 +79394 3 4 1166241835
a range +75393 +79394 3 4 840.14
a contact +75394 +78406 3 4 828124010
a range +75394 +78406 3 4 836.88
a contact +75394 +78448 4 5 886531213
a range +75394 +78448 4 5 0.13
a contact +75441 +79638 5 6 813668792
a range +75441 +79638 5 6 0.13
a contact +75443 +77712 6 4 976641931
a range +75443 +77712 6 4 0.13
a contact +75445 +78266 5 4 911357117
a range +75445 +78266 5 4 0.13
a contact +75453 +78427 3 1 1009250006
a range +75453 +78427 3 1 0.12
a contact +75472 +79094 1 3 1077139157
a range +75472 +79094 1 3 0.12
a contact +75487 +78830 2 3 1123808911
a range +75487 +78830 2 3 0.12
a contact +75494 +79581 2 4 941355331
a range +75494 +79581 2 4 831.98
a contact +75500 +79253 5 4 864728927
a range +75500 +79253 5 4 0.13
a contact +75501 +78042 4 5 952831613
a range +75501 +78042 4 5 0.13
a contact +75511 +78859 5 4 916725633
a range +75511 +78859 5 4 0.13
a contact +75526 +79185 5 6 1136542853
a range +75526 +79185 5 6 0.13
a contact +75528 +79611 4 2 850565364
a range +75528 +79611 4 2 845.81
a contact +75559 +78489 2 1 1007044692
a range +75559 +78489 2 1 0.12
a contact +75572 +79647 2 3 891178077
a range +75572 +79647 2 3 0.12
a contact +75592 +79624 2 1 1021132100
a range +75592 +79624 2 1 0.12
a contact +75608 +78987 1 2 1038470711
a range +75608 +78987 1 2 0.12
a contact +75616 +79766 2 1 1143730677
a range +75616 +79766 2 1 0.12
a contact +75621 +78506 4 5 937775883
a range +75621 +78506 4 5 0.13
a contact +75657 +79641 4 2 952628951
a range +75657 +79641 4 2 831.69
a contact +75657 +79810 6 5 837213358
a range +75657 +79810 6 5 0.13
a contact +75678 +78933 4 3 1003841916
a range +75678 +78933 4 3 832.61
a contact +75706 +79779 2 1 1113155400
a range +75706 +79779 2 1 0.12
a contact +75712 +78742 3 4 1044224812
a range +75712 +78742 3 4 841.2
a contact +75719 +79969 2 4 956448960
a range +75719 +79969 2 4 838.52
a contact +75726 +79731 4 5 1104508770
a range +75726 +79731 4 5 0.13
a contact +75742 +79701 5 3 1037908441
a range +75742 +79701 5 3 835.21
a contact +75752 +79016 4 6 824442222
a range +75752 +79016 4 6 0.13
a contact +75774 +79728 6 5 1063796017
a range +75774 +79728 6 5 0.13
a contact +75775 +79273 3 2 930075953
a range +75775 +79273 3 2 0.12
a contact +75827 +78883 5 4 1156986188
a range +75827 +78883 5 4 0.13
a contact +75829 +80140 6 4 1002922338
a range +75829 +80140 6 4 0.13
a contact +75849 +79323 5 2 1174598642
a range +75849 +79323 5 2 834.27
a contact +75856 +79011 6 4 960506899
a range +75856 +79011 6 4 0.13
a contact +75880 +78831 4 6 993641994
a range +75880 +78831 4 6 0.13
a contact +75893 +79314 2 5 1004163436
a range +75893 +79314 2 5 832.63
a contact +75913 +80132 4 3 1166914198
a range +75913 +80132 4 3 840.83
a contact +75940 +79043 5 3 866743983
a range +75940 +79043 5 3 836.02
a contact +75941 +79985 1 3 1159068954
a range +75941 +79985 1 3 0.12
a contact +75962 +78898 2 4 1001513784
a range +75962 +78898 2 4 846.98
a contact +75997 +79162 5 6 1104048859
a range +75997 +79162 5 6 0.13
a contact +76033 +79362 5 6 1103276302
a range +76033 +79362 5 6 0.13
a contact +76038 +79639 3 4 1081273204
a range +76038 +79639 3 4 832.99
a contact +76088 +79010 5 4 899144788
a range +76088 +79010 5 4 0.13
a contact +76096 +80294 3 1 1023263440
a range +76096 +80294 3 1 0.12
a contact +76100 +80304 2 5 882073191
a range +76100 +80304 2 5 838.84
a contact +76108 +79595 3 2 1085258401
a range +76108 +79595 3 2 0.12
a contact +76136 +79258 4 3 1013852993
a range +76136 +79258 4 3 832.29
a contact +76152 +79037 3 5 997028559
a range +76152 +79037 3 5 845.58
a contact +76155 +79206 4 3 1033028983
a range +76155 +79206 4 3 847.31
a contact +76159 +78221 4 2 889153708
a range +76159 +78221 4 2 841.69
a contact +76162 +79045 2 3 904439712
a range +76162 +79045 2 3 0.12
a contact +76192 +79993 5 3 879913417
a range +76192 +79993 5 3 839.31
a contact +76214 +79333 4 6 871426556
a range +76214 +79333 4 6 0.13
a contact +76216 +79577 2 4 1128210640
a range +76216 +79577 2 4 839.18
a contact +76261 +79877 3 5 833657830
a range +76261 +79877 3 5 848.04
a contact +76262 +80377 3 2 1122017657
a range +76262 +80377 3 2 0.12
a contact +76287 +80471 5 4 829719875
a range +76287 +80471 5 4 0.13
a contact +76295 +79336 6 5 912540046
a range +76295 +79336 6 5 0.13
a contact +76327 +79555 6 5 957199885
a range +76327 +79555 6 5 0.13
a contact +76329 +79423 3 4 940231032
a range +76329 +79423 3 4 845.85
a contact +76341 +79326 2 3 1094914060
a range +76341 +79326 2 3 0.12
a contact +76342 +79381 3 1 1079430505
a range +76342 +79381 3 1 0.12
a contact +76372 +80396 3 5 818991015
a range +76372 +80396 3 5 833.83
a contact +76373 +79854 6 4 896286691
a range +76373 +79854 6 4 0.13
a contact +76394 +79543 3 2 1094001978
a range +76394 +79543 3 2 0.12
a contact +76427 +80625 6 5 1139512529
a range +76427 +80625 6 5 0.13
a contact +76457 +79431 2 5 867098409
a range +76457 +79431 2 5 848.09
a contact +76459 +79412 2 5 918040503
a range +76459 +79412 2 5 845.24
a contact +76543 +80631 4 5 852050830
a range +76543 +80631 4 5 0.13
a contact +76551 +79451 3 4 990675915
a range +76551 +79451 3 4 834.46
a contact +76563 +80577 3 1 926774437
a range +76563 +80577 3 1 0.12
a contact +76577 +79541 5 3 957382053
a range +76577 +79541 5 3 834.52
a contact +76583 +79859 1 3 1102594688
a range +76583 +79859 1 3 0.12
a contact +76596 +80304 6 5 917791714
a range +76596 +80304 6 5 0.13
a contact +76599 +79760 5 6 916307582
a range +76599 +79760 5 6 0.13
a contact +76602 +80843 2 3 992000651
a range +76602 +80843 2 3 0.12
a contact +76656 +79571 6 4 1182338517
a range +76656 +79571 6 4 0.13
a contact +76690 +79579 2 1 1072345138
a range +76690 +79579 2 1 0.12
a contact +76705 +80698 2 5 860194902
a range +76705 +80698 2 5 841.71
a contact +76741 +80756 2 5 1087728392
a range +76741 +80756 2 5 836.46
a contact +76742 +80392 5 2 1013125943
a range +76742 +80392 5 2 841.85
a contact +76790 +79208 6 4 821974876
a range +76790 +79208 6 4 0.13
a contact +76795 +80582 2 4 1010732342
a range +76795 +80582 2 4 836.9
a contact +76830 +80644 2 4 1173705852
a range +76830 +80644 2 4 836.5
a contact +76849 +80905 4 3 871771419
a range +76849 +80905 4 3 832.8
a contact +76852 +79892 5 3 931840217
a range +76852 +79892 5 3 844.34
a contact +76857 +79926 5 2 1004985725
a range +76857 +79926 5 2 832.96
a contact +76857 +81174 6 4 1131623612
a range +76857 +81174 6 4 0.13
a contact +76859 +80517 5 4 812231739
a range +76859 +80517 5 4 0.13
a contact +76920 +80298 6 4 1010351153
a range +76920 +80298 6 4 0.13
a contact +76924 +79183 4 3 1018867187
a range +76924 +79183 4 3 838.5
a contact +76932 +79923 2 4 914152024
a range +76932 +79923 2 4 848.16
a contact +76945 +79875 5 4 988558897
a range +76945 +79875 5 4 0.13
a contact +77019 +80220 3 4 1143691590
a range +77019 +80220 3 4 840.15
a contact +77025 +80646 3 2 836022142
a range +77025 +80646 3 2 0.12
a contact +77036 +81017 5 4 965443962
a range +77036 +81017 5 4 0.13
a contact +77042 +81200 4 5 840512645
a range +77042 +81200 4 5 0.13
a contact +77055 +81331 2 4 1174189806
a range +77055 +81331 2 4 843.34
a contact +77059 +79521 4 6 1150325659
a range +77059 +79521 4 6 0.13
a contact +77091 +81332 3 2 881124458
a range +77091 +81332 3 2 0.12
a contact +77100 +80199 5 2 935143191
a range +77100 +80199 5 2 836.78
a contact +77110 +80102 2 1 807265245
a range +77110 +80102 2 1 0.12
a contact +77114 +81265 3 2 912170172
a range +77114 +81265 3 2 0.12
a contact +77162 +80283 1 3 1157565739
a range +77162 +80283 1 3 0.12
a contact +77184 +80917 6 4 1120124415
a range +77184 +80917 6 4 0.13
a contact +77189 +81312 3 4 1078285556
a range +77189 +81312 3 4 834.43
a contact +77207 +80960 2 4 1177266995
a range +77207 +80960 2 4 831.73
a contact +77220 +80681 4 3 1142358306
a range +77220 +80681 4 3 841.78
a contact +77237 +80407 2 4 1104443260
a range +77237 +80407 2 4 842.97
a contact +77262 +81358 3 1 976317660
a range +77262 +81358 3 1 0.12
a contact +77292 +80603 4 3 865778125
a range +77292 +80603 4 3 847.14
a contact +77326 +80470 3 1 1085816037
a range +77326 +80470 3 1 0.12
a contact +77337 +80738 2 5 1031348793
a range +77337 +80738 2 5 846.21
a contact +77356 +81609 2 1 968796395
a range +77356 +81609 2 1 0.12
a contact +77423 +81694 2 1 915331270
a range +77423 +81694 2 1 0.12
a contact +77440 +80603 4 3 959808718
a range +77440 +80603 4 3 835.68
a contact +77487 +80882 2 3 1097834778
a range +77487 +80882 2 3 0.12
a contact +77489 +80686 5 4 937987732
a range +77489 +80686 5 4 0.13
a contact +77530 +81530 4 2 831223590
a range +77530 +81530 4 2 835.83
a contact +77532 +81172 5 2 1104413785
a range +77532 +81172 5 2 833.82
a contact +77577 +81389 2 3 809812602
a range +77577 +81389 2 3 0.12
a contact +77635 +81788 3 4 1080767157
a range +77635 +81788 3 4 839.34
a contact +77645 +81312 1 2 1004432449
a range +77645 +81312 1 2 0.12
a contact +77652 +81007 2 3 816077797
a range +77652 +81007 2 3 0.12
a contact +77667 +80990 3 5 828478289
a range +77667 +80990 3 5 840.15
a contact +77668 +81186 5 4 1078673585
a range +77668 +81186 5 4 0.13
a contact +77683 +79893 6 5 980579407
a range +77683 +79893 6 5 0.13
a contact +77710 +81115 3 5 822881080
a range +77710 +81115 3 5 845.43
a contact +77714 +81138 2 3 828618675
a range +77714 +81138 2 3 0.12
a contact +77723 +80657 5 6 824779752
a range +77723 +80657 5 6 0.13
a contact +77744 +81364 2 3 1066835409
a range +77744 +81364 2 3 0.12
a contact +77795 +82051 2 3 806465486
a range +77795 +82051 2 3 0.12
a contact +77818 +81165 3 4 1106453684
a range +77818 +81165 3 4 841.77
a contact +77888 +81170 5 3 950728309
a range +77888 +81170 5 3 842.8
a contact +77891 +80179 6 4 1089231021
a range +77891 +80179 6 4 0.13
a contact +77935 +81981 5 4 1145862328
a range +77935 +81981 5 4 0.13
a contact +77984 +80132 4 2 804581446
a range +77984 +80132 4 2 844.75
a contact +78045 +81688 3 2 1188967712
a range +78045 +81688 3 2 0.12
a contact +78045 +81871 6 5 897536418
a range +78045 +81871 6 5 0.13
a contact +78165 +82394 1 3 1165768157
a range +78165 +82394 1 3 0.12
a contact +78210 +81317 2 1 1162035467
a range +78210 +81317 2 1 0.12
a contact +78232 +82024 1 2 846872689
a range +78232 +82024 1 2 0.12
a contact +78261 +81342 1 3 1108803167
a range +78261 +81342 1 3 0.12
a contact +78271 +81224 3 5 1018512600
a range +78271 +81224 3 5 848.0
a contact +78381 +81331 3 4 1146620607
a range +78381 +81331 3 4 843.32
a contact +78396 +82367 5 4 992217267
a range +78396 +82367 5 4 0.13
a contact +78400 +81506 4 6 1039504286
a range +78400 +81506 4 6 0.13
a contact +78420 +81791 5 4 874489572
a range +78420 +81791 5 4 0.13
a contact +78447 +81459 3 5 1150145581
a range +78447 +81459 3 5 839.63
a contact +78472 +81322 6 4 862712128
a range +78472 +81322 6 4 0.13
a contact +78538 +81640 5 6 1011316770
a range +78538 +81640 5 6 0.13
a contact +78563 +81910 5 4 903118406
a range +78563 +81910 5 4 0.13
a contact +78569 +81977 6 5 860942275
a range +78569 +81977 6 5 0.13
a contact +78637 +81737 1 2 1119634228
a range +78637 +81737 1 2 0.12
a contact +78652 +82938 5 4 811208391
a range +78652 +82938 5 4 0.13
a contact +78719 +82287 5 2 930596922
a range +78719 +82287 5 2 839.04
a contact +78722 +82434 3 1 1165916804
a range +78722 +82434 3 1 0.12
a contact +78746 +81999 2 5 1045175479
a range +78746 +81999 2 5 844.57
a contact +78796 +82452 2 1 1165508846
a range +78796 +82452 2 1 0.12
a contact +78825 +82525 4 5 1000036712
a range +78825 +82525 4 5 0.13
a contact +78912 +82696 5 6 1014410905
a range +78912 +82696 5 6 0.13
a contact +78926 +81989 5 3 1097633323
a range +78926 +81989 5 3 843.72
a contact +79003 +82981 4 5 860243327
a range +79003 +82981 4 5 0.13
a contact +79153 +82911 2 4 999536735
a range +79153 +82911 2 4 845.61
a contact +79168 +83346 3 1 812254476
a range +79168 +83346 3 1 0.12
a contact +79244 +83147 1 2 931153035
a range +79244 +83147 1 2 0.12
a contact +79324 +81928 5 3 1061220471
a range +79324 +81928 5 3 846.32
a contact +79446 +81517 4 3 913400256
a range +79446 +81517 4 3 832.38
a contact +79473 +83346 2 5 851462006
a range +79473 +83346 2 5 839.93
a contact +79473 +83129 6 5 827240625
a range +79473 +83129 6 5 0.13
a contact +79551 +82710 2 1 856924512
a range +79551 +82710 2 1 0.12
a contact +79728 +82700 6 4 1105772629
a range +79728 +82700 6 4 0.13
a contact +79735 +82816 3 2 1173783292
a range +79735 +82816 3 2 0.12
a contact +79877 +82850 2 4 1176966140
a range +79877 +82850 2 4 847.09
a contact +80032 +83520 2 4 1112583624
a range +80032 +83520 2 4 842.79
a contact +80049 +83374 4 3 1155754532
a range +80049 +83374 4 3 838.57
a contact +80052 +83228 5 6 1170975842
a range +80052 +83228 5 6 0.13
a contact +80137 +84412 3 1 1100717019
a range +80137 +84412 3 1 0.12
a contact +80151 +83640 3 1 905943525
a range +80151 +83640 3 1 0.12
a contact +80290 +83612 3 2 1040611348
a range +80290 +83612 3 2 0.12
a contact +80397 +83917 6 4 1150633705
a range +80397 +83917 6 4 0.13
a contact +80458 +83800 3 5 930712778
a range +80458 +83800 3 5 847.1
a contact +80474 +83768 3 1 1197968569
a range +80474 +83768 3 1 0.12
a contact +80513 +83886 3 5 1106714859
a range +80513 +83886 3 5 835.74
a contact +80518 +84679 5 2 1157431164
a range +80518 +84679 5 2 845.35
a contact +80549 +84350 2 3 879608572
a range +80549 +84350 2 3 0.12
a contact +80569 +83535 5 3 1026099397
a range +80569 +83535 5 3 841.88
a contact +80732 +84959 1 3 892546820
a range +80732 +84959 1 3 0.12
a contact +80780 +84011 4 5 1051827279
a range +80780 +84011 4 5 0.13
a contact +80813 +83710 6 5 958739193
a range +80813 +83710 6 5 0.13
a contact +80870 +84149 3 1 1184734740
a range +80870 +84149 3 1 0.12
a contact +80962 +84142 5 6 1023510558
a range +80962 +84142 5 6 0.13
a contact +81075 +84782 5 4 873088154
a range +81075 +84782 5 4 0.13
a contact +81162 +85128 1 2 825171894
a range +81162 +85128 1 2 0.12
a contact +81224 +84179 4 3 899060107
a range +81224 +84179 4 3 839.96
a contact +81226 +85090 6 5 942649050
a range +81226 +85090 6 5 0.13
a contact +81673 +85601 1 2 933744304
a range +81673 +85601 1 2 0.12
a contact +81680 +85855 2 1 1092130098
a range +81680 +85855 2 1 0.12
a contact +81690 +83833 6 4 899369550
a range +81690 +83833 6 4 0.13
a contact +82038 +85460 6 5 1186201406
a range +82038 +85460 6 5 0.13
a contact +82203 +86276 3 1 944996570
a range +82203 +86276 3 1 0.12
a contact +82269 +85403 3 2 977295435
a range +82269 +85403 3 2 0.12
a contact +82332 +86467 1 3 973017087
a range +82332 +86467 1 3 0.12
a contact +83545 +85738 5 6 947375768
a range +83545 +85738 5 6 0.13
a contact +83765 +87772 5 6 1109891288
a range +83765 +87772 5 6 0.13
a contact +83832 +87171 1 3 974853419
a range +83832 +87171 1 3 0.12
a contact +84006 +87807 2 4 1149199988
a range +84006 +87807 2 4 842.42
a contact +84191 +88185 1 3 975475219
a range +84191 +88185 1 3 0.12
a contact +84829 +88212 5 6 1129248323
a range +84829 +88212 5 6 0.13
a contact +84907 +89227 3 2 1040220374
a range +84907 +89227 3 2 0.12
a contact +85007 +88363 1 3 1121656497
a range +85007 +88363 1 3 0.12
a contact +85468 +88677 4 3 952800924
a range +85468 +88677 4 3 834.45
a contact +85837 +89370 5 6 829273324
a range +85837 +89370 5 6 0.13
a contact +87872 +91534 5 6 1142226580
a range +87872 +91534 5 6 0.13
