m horizon +0
a contact +1 +22 2 4 827398784
a range +1 +22 2 4 1.03
a contact +1 +18.8 2 5 1196651061
a range +1 +18.8 2 5 1.29
a contact +3 +19 1 3 1043474188
a range +3 +19 1 3 0.12
a contact +3 +20.8 3 4 970988460
a range +3 +20.8 3 4 1.18
a contact +5 +26 2 3 871833106
a range +5 +26 2 3 0.12
a contact +6 +22.8 3 5 827057187
a range +6 +22.8 3 5 1.19
a contact +11 +30 4 6 847870904
a range +11 +30 4 6 0.13
a contact +15 +32 2 3 982233454
a range +15 +32 2 3 0.12
a contact +16 +37 1 3 1121480520
a range +16 +37 1 3 0.12
a contact +17 +37.8 1 3 970738031
a range +17 +37.8 1 3 0.12
a contact +19 +40 2 3 1039952985
a range +19 +40 2 3 0.12
a contact +19 +37 3 4 1129424513
a range +19 +37 3 4 1.16
a contact +19 +35 3 4 1118192485
a range +19 +35 3 4 1.37
a contact +22 +38 2 4 1081200228
a range +22 +38 2 4 1.1
a contact +22 +38 4 5 852005357
a range +22 +38 4 5 0.13
a contact +22 +42 4 6 1003756623
a range +22 +42 4 6 0.13
a contact +23 +39 4 6 927092495
a range +23 +39 4 6 0.13
a contact +27 +45 2 4 890889765
a range +27 +45 2 4 1.31
a contact +28 +50 2 5 900049742
a range +28 +50 2 5 1.11
a contact +28 +44 5 6 1157972279
a range +28 +44 5 6 0.13
a contact +33 +55 4 5 1056142269
a range +33 +55 4 5 0.13
a contact +36 +53 4 6 1023307566
a range +36 +53 4 6 0.13
a contact +37 +59 1 3 851107069
a range +37 +59 1 3 0.12
a contact +37 +60 3 5 1030260608
a range +37 +60 3 5 1.28
a contact +39 +56 2 5 1175790964
a range +39 +56 2 5 1.34
a contact +39 +55 5 6 870615483
a range +39 +55 5 6 0.13
a contact +41 +62 3 4 882169601
a range +41 +62 3 4 1.05
a contact +42 +56.8 3 5 1022115673
a range +42 +56.8 3 5 1.07
a contact +44 +64 4 6 860701419
a range +44 +64 4 6 0.13
a contact +45 +61 2 5 1157012556
a range +45 +61 2 5 1.19
a contact +45 +65 4 5 1103693798
a range +45 +65 4 5 0.13
a contact +45 +68 4 6 885918559
a range +45 +68 4 6 0.13
a contact +47 +69 1 3 836535989
a range +47 +69 1 3 0.12
a contact +47 +68 4 5 811609612
a range +47 +68 4 5 0.13
a contact +47 +64 4 5 883950687
a range +47 +64 4 5 0.13
a contact +48 +71 2 3 837727373
a range +48 +71 2 3 0.12
a contact +48 +66 5 6 1103020503
a range +48 +66 5 6 0.13
a contact +51 +72 2 4 801823614
a range +51 +72 2 4 1.25
a contact +53 +70 2 5 957247376
a range +53 +70 2 5 1.18
a contact +54 +74 2 5 814621210
a range +54 +74 2 5 1.28
a contact +55 +74 2 3 930089392
a range +55 +74 2 3 0.12
a contact +55 +75 3 4 903314324
a range +55 +75 3 4 1.19
a contact +56 +76.8 1 3 881026109
a range +56 +76.8 1 3 0.12
a contact +58 +76 1 2 823802762
a range +58 +76 1 2 0.12
a contact +58 +73.8 1 3 908490084
a range +58 +73.8 1 3 0.12
a contact +59 +82 3 4 1185368069
a range +59 +82 3 4 1.36
a contact +59 +75.8 3 4 909580343
a range +59 +75.8 3 4 1.04
a contact +59 +77 3 5 874510636
a range +59 +77 3 5 1.38
a contact +59 +80 5 6 1011394862
a range +59 +80 5 6 0.13
a contact +59 +77 5 6 821875848
a range +59 +77 5 6 0.13
a contact +61 +79 5 6 964698298
a range +61 +79 5 6 0.13
a contact +62 +77.8 1 2 804839138
a range +62 +77.8 1 2 0.12
a contact +62 +82 5 6 1048969260
a range +62 +82 5 6 0.13
a contact +63 +84.8 1 2 1125128462
a range +63 +84.8 1 2 0.12
a contact +63 +86 5 6 1095627839
a range +63 +86 5 6 0.13
a contact +64 +78.8 1 3 1084501966
a range +64 +78.8 1 3 0.12
a contact +67 +86 3 4 918942871
a range +67 +86 3 4 1.29
a contact +68 +89 1 2 844108607
a range +68 +89 1 2 0.12
a contact +68 +85 1 2 851190692
a range +68 +85 1 2 0.12
a contact +68 +83.8 3 4 1027011250
a range +68 +83.8 3 4 1.03
a contact +68 +86 4 5 927429835
a range +68 +86 4 5 0.13
a contact +68 +89 5 6 979649660
a range +68 +89 5 6 0.13
a contact +69 +83.8 1 2 1069702287
a range +69 +83.8 1 2 0.12
a contact +69 +92 1 3 1189587645
a range +69 +92 1 3 0.12
a contact +69 +88 4 5 1036145015
a range +69 +88 4 5 0.13
a contact +70 +89 4 6 1149922500
a range +70 +89 4 6 0.13
a contact +71 +87.8 2 3 1087562309
a range +71 +87.8 2 3 0.12
a contact +72 +94 5 6 869234284
a range +72 +94 5 6 0.13
a contact +73 +91 5 6 1083629648
a range +73 +91 5 6 0.13
a contact +74 +93 2 4 1166867209
a range +74 +93 2 4 1.14
a contact +75 +94 2 4 1077070582
a range +75 +94 2 4 1.23
a contact +75 +94.8 2 4 1132683011
a range +75 +94.8 2 4 1.08
a contact +75 +91 2 5 803740777
a range +75 +91 2 5 1.21
a contact +77 +96 1 3 1055487831
a range +77 +96 1 3 0.12
a contact +77 +93 3 4 955067395
a range +77 +93 3 4 1.12
a contact +78 +92.8 2 4 822082512
a range +78 +92.8 2 4 1.14
a contact +79 +102 4 6 1151654887
a range +79 +102 4 6 0.13
a contact +80 +98 2 4 1153927558
a range +80 +98 2 4 1.04
a contact +80 +96 2 5 1005759696
a range +80 +96 2 5 1.27
a contact +81 +99 4 6 1145554333
a range +81 +99 4 6 0.13
a contact +82 +104 4 5 1035166335
a range +82 +104 4 5 0.13
a contact +83 +101 4 6 990799865
a range +83 +101 4 6 0.13
a contact +84 +106 4 6 1043657334
a range +84 +106 4 6 0.13
a contact +85 +101 4 6 837791415
a range +85 +101 4 6 0.13
a contact +86 +108 5 6 1100297952
a range +86 +108 5 6 0.13
a contact +87 +105.8 2 3 812398342
a range +87 +105.8 2 3 0.12
a contact +87 +108.8 2 3 1121942360
a range +87 +108.8 2 3 0.12
a contact +87 +108 4 6 827089880
a range +87 +108 4 6 0.13
a contact +87 +106 5 6 1103204755
a range +87 +106 5 6 0.13
a contact +88 +105 4 5 1016578068
a range +88 +105 4 5 0.13
a contact +89 +107 1 3 1048617526
a range +89 +107 1 3 0.12
a contact +89 +111 3 5 915318087
a range +89 +111 3 5 1.1
a contact +89 +108 4 6 898597187
a range +89 +108 4 6 0.13
a contact +91 +110 1 3 915504108
a range +91 +110 1 3 0.12
a contact +92 +113 4 6 910280361
a range +92 +113 4 6 0.13
a contact +95 +110.8 1 2 959264921
a range +95 +110.8 1 2 0.12
a contact +95 +109.8 1 3 1078486320
a range +95 +109.8 1 3 0.12
a contact +95 +111 4 5 1029116310
a range +95 +111 4 5 0.13
a contact +96 +115.8 1 3 944039551
a range +96 +115.8 1 3 0.12
a contact +96 +114.8 2 4 1079161298
a range +96 +114.8 2 4 1.2
a contact +96 +119 2 5 1149897942
a range +96 +119 2 5 1.19
a contact +96 +114.8 3 4 1061872564
a range +96 +114.8 3 4 1.32
a contact +97 +113 1 2 1118029456
a range +97 +113 1 2 0.12
a contact +97 +118.8 3 4 873122129
a range +97 +118.8 3 4 1.07
a contact +97 +116 4 5 894381087
a range +97 +116 4 5 0.13
a contact +98 +116.8 1 3 997919085
a range +98 +116.8 1 3 0.12
a contact +98 +117 3 5 1027769561
a range +98 +117 3 5 1.37
a contact +102 +121 1 2 934250612
a range +102 +121 1 2 0.12
a contact +102 +118 2 4 1095624299
a range +102 +118 2 4 1.31
a contact +105 +125 2 4 1187631526
a range +105 +125 2 4 1.24
a contact +105 +121 4 5 942614853
a range +105 +121 4 5 0.13
a contact +106 +126 2 3 1124879551
a range +106 +126 2 3 0.12
a contact +106 +126 2 5 1082685132
a range +106 +126 2 5 1.05
a contact +107 +123 2 5 1075642429
a range +107 +123 2 5 1.37
a contact +109 +125 2 3 959615754
a range +109 +125 2 3 0.12
a contact +109 +129 4 5 838498138
a range +109 +129 4 5 0.13
a contact +110 +131 2 3 1139248391
a range +110 +131 2 3 0.12
a contact +110 +131 3 4 1157007868
a range +110 +131 3 4 1.02
a contact +114 +133 1 2 995822313
a range +114 +133 1 2 0.12
a contact +114 +136 2 4 1086090908
a range +114 +136 2 4 1.13
a contact +114 +133.8 3 5 1012692820
a range +114 +133.8 3 5 1.24
a contact +115 +137 2 4 1166538391
a range +115 +137 2 4 1.3
a contact +116 +134.8 3 4 861813380
a range +116 +134.8 3 4 1.33
a contact +117 +140 4 5 830767344
a range +117 +140 4 5 0.13
a contact +119 +134.8 1 3 1098833152
a range +119 +134.8 1 3 0.12
a contact +120 +138.8 2 3 1150821315
a range +120 +138.8 2 3 0.12
a contact +120 +139.8 2 5 880244288
a range +120 +139.8 2 5 1.22
a contact +121 +143 1 2 1038053564
a range +121 +143 1 2 0.12
a contact +121 +140 4 5 1190431611
a range +121 +140 4 5 0.13
a contact +122 +136.8 2 3 1036272949
a range +122 +136.8 2 3 0.12
a contact +122 +142 4 6 1142783974
a range +122 +142 4 6 0.13
a contact +125 +143 1 3 821428432
a range +125 +143 1 3 0.12
a contact +125 +142 4 5 973936923
a range +125 +142 4 5 0.13
a contact +126 +149 5 6 1058887485
a range +126 +149 5 6 0.13
a contact +127 +149 2 5 1158115428
a range +127 +149 2 5 1.07
a contact +128 +150 2 3 1162956263
a range +128 +150 2 3 0.12
a contact +128 +148 4 6 1112123134
a range +128 +148 4 6 0.13
a contact +130 +152 4 6 1145255164
a range +130 +152 4 6 0.13
a contact +133 +151.8 3 4 1052986359
a range +133 +151.8 3 4 1.08
a contact +135 +156 2 3 998072321
a range +135 +156 2 3 0.12
a contact +135 +154 5 6 900832614
a range +135 +154 5 6 0.13
a contact +137 +158 2 5 835589162
a range +137 +158 2 5 1.25
a contact +137 +155.8 3 4 973877285
a range +137 +155.8 3 4 1.32
a contact +138 +160 5 6 1119989836
a range +138 +160 5 6 0.13
a contact +139 +161 1 3 897841023
a range +139 +161 1 3 0.12
a contact +140 +157 4 5 1008034866
a range +140 +157 4 5 0.13
a contact +143 +165 3 4 822065502
a range +143 +165 3 4 1.27
a contact +145 +163 1 3 1159974829
a range +145 +163 1 3 0.12
a contact +147 +165 2 4 1042252808
a range +147 +165 2 4 1.08
a contact +148 +166.8 1 2 1048126456
a range +148 +166.8 1 2 0.12
a contact +149 +168 2 3 828369518
a range +149 +168 2 3 0.12
a contact +150 +171 2 5 846763702
a range +150 +171 2 5 1.12
a contact +150 +169 4 6 1061617949
a range +150 +169 4 6 0.13
a contact +153 +168.8 3 4 1060142509
a range +153 +168.8 3 4 1.15
a contact +155 +175 2 3 1090209546
a range +155 +175 2 3 0.12
a contact +155 +177 1 3 1102784846
a range +155 +177 1 3 0.12
a contact +155 +171 3 5 1159850029
a range +155 +171 3 5 1.15
a contact +155 +178 4 5 852573777
a range +155 +178 4 5 0.13
a contact +155 +177 4 6 971738544
a range +155 +177 4 6 0.13
a contact +156 +177.8 2 3 987705770
a range +156 +177.8 2 3 0.12
a contact +157 +173 3 5 966377989
a range +157 +173 3 5 1.26
a contact +157 +176.8 3 5 819308842
a range +157 +176.8 3 5 1.18
a contact +158 +178 1 3 800609959
a range +158 +178 1 3 0.12
a contact +158 +174 2 4 1029759579
a range +158 +174 2 4 1.07
a contact +158 +178 3 5 977822926
a range +158 +178 3 5 1.25
a contact +159 +176 2 5 1056804793
a range +159 +176 2 5 1.17
a contact +162 +183 4 6 1193668750
a range +162 +183 4 6 0.13
a contact +166 +187.8 2 4 833726835
a range +166 +187.8 2 4 1.16
a contact +167 +184.8 2 3 868688486
a range +167 +184.8 2 3 0.12
a contact +167 +187 2 3 850459477
a range +167 +187 2 3 0.12
a contact +167 +183 4 6 1020398028
a range +167 +183 4 6 0.13
a contact +167 +186 5 6 1194705147
a range +167 +186 5 6 0.13
a contact +168 +184 1 2 956005628
a range +168 +184 1 2 0.12
a contact +170 +188 3 5 965784104
a range +170 +188 3 5 1.14
a contact +171 +194 3 5 882790755
a range +171 +194 3 5 1.32
a contact +175 +195 5 6 1143112526
a range +175 +195 5 6 0.13
a contact +175 +191 5 6 1113491214
a range +175 +191 5 6 0.13
a contact +177 +193 1 2 815290896
a range +177 +193 1 2 0.12
a contact +178 +198.8 3 4 889015797
a range +178 +198.8 3 4 1.19
a contact +178 +200 3 5 970304007
a range +178 +200 3 5 1.07
a contact +179 +195.8 2 4 829736277
a range +179 +195.8 2 4 1.26
a contact +179 +199 2 5 1031023461
a range +179 +199 2 5 1.05
a contact +179 +200 4 6 1117439998
a range +179 +200 4 6 0.13
a contact +181 +198.8 3 4 1117042962
a range +181 +198.8 3 4 1.26
a contact +182 +200 2 5 963732456
a range +182 +200 2 5 1.13
a contact +182 +202 5 6 812442423
a range +182 +202 5 6 0.13
a contact +184 +202 3 4 1129108141
a range +184 +202 3 4 1.09
a contact +187 +205 2 3 927719848
a range +187 +205 2 3 0.12
a contact +187 +201.8 3 5 1048732406
a range +187 +201.8 3 5 1.16
a contact +187 +208 3 5 1085436924
a range +187 +208 3 5 1.16
a contact +190 +210 4 6 813027514
a range +190 +210 4 6 0.13
a contact +191 +206.8 2 5 1036327655
a range +191 +206.8 2 5 1.16
a contact +192 +215 2 3 964112565
a range +192 +215 2 3 0.12
a contact +192 +215 2 4 1149266836
a range +192 +215 2 4 1.3
a contact +196 +210.8 3 5 884095187
a range +196 +210.8 3 5 1.12
a contact +197 +220 1 2 995059493
a range +197 +220 1 2 0.12
a contact +197 +214 2 3 971520709
a range +197 +214 2 3 0.12
a contact +197 +214 2 3 819111718
a range +197 +214 2 3 0.12
a contact +197 +216 2 4 850006064
a range +197 +216 2 4 1.09
a contact +198 +218 2 5 915935239
a range +198 +218 2 5 1.08
a contact +198 +215 4 5 1180698072
a range +198 +215 4 5 0.13
a contact +199 +220.8 1 3 811723870
a range +199 +220.8 1 3 0.12
a contact +199 +219.8 3 4 898463822
a range +199 +219.8 3 4 1.26
a contact +200 +214.8 1 3 1173079277
a range +200 +214.8 1 3 0.12
a contact +203 +221.8 1 2 1036374247
a range +203 +221.8 1 2 0.12
a contact +203 +226 3 4 859481369
a range +203 +226 3 4 1.36
a contact +204 +223 1 2 1173403400
a range +204 +223 1 2 0.12
a contact +204 +218.8 1 3 1112210589
a range +204 +218.8 1 3 0.12
a contact +206 +224.8 1 3 1020847503
a range +206 +224.8 1 3 0.12
a contact +206 +229 5 6 1119058450
a range +206 +229 5 6 0.13
a contact +207 +225 3 4 837537654
a range +207 +225 3 4 1.14
a contact +207 +227 4 5 1044522123
a range +207 +227 4 5 0.13
a contact +207 +223 4 6 869903183
a range +207 +223 4 6 0.13
a contact +210 +226 4 5 1012000265
a range +210 +226 4 5 0.13
a contact +211 +231 2 3 1014213742
a range +211 +231 2 3 0.12
a contact +213 +230.8 2 5 1014622221
a range +213 +230.8 2 5 1.35
a contact +215 +231.8 2 5 1106476485
a range +215 +231.8 2 5 1.04
a contact +215 +232 3 4 1196124753
a range +215 +232 3 4 1.31
a contact +216 +233 3 5 896783852
a range +216 +233 3 5 1.37
a contact +216 +234 3 5 1135229261
a range +216 +234 3 5 1.1
a contact +216 +233 5 6 1083131273
a range +216 +233 5 6 0.13
a contact +217 +238 2 4 857895322
a range +217 +238 2 4 1.08
a contact +217 +235 4 5 1087776666
a range +217 +235 4 5 0.13
a contact +220 +243 3 4 1076095499
a range +220 +243 3 4 1.24
a contact +222 +240 5 6 839820973
a range +222 +240 5 6 0.13
a contact +224 +247 5 6 1119593950
a range +224 +247 5 6 0.13
a contact +225 +242.8 2 3 1000726540
a range +225 +242.8 2 3 0.12
a contact +225 +243 4 6 1016571913
a range +225 +243 4 6 0.13
a contact +226 +246 2 4 871527425
a range +226 +246 2 4 1.38
a contact +227 +243.8 1 2 1067662861
a range +227 +243.8 1 2 0.12
a contact +229 +246 4 6 911768644
a range +229 +246 4 6 0.13
a contact +230 +248 4 5 811638764
a range +230 +248 4 5 0.13
a contact +232 +248 2 4 1194285158
a range +232 +248 2 4 1.19
a contact +232 +251 2 4 1019611983
a range +232 +251 2 4 1.26
a contact +234 +254 4 5 1062497839
a range +234 +254 4 5 0.13
a contact +235 +254.8 2 3 1051001284
a range +235 +254.8 2 3 0.12
a contact +235 +253 2 5 1019679115
a range +235 +253 2 5 1.32
a contact +236 +254 2 5 850909241
a range +236 +254 2 5 1.3
a contact +239 +258.8 3 5 948254857
a range +239 +258.8 3 5 1.3
a contact +240 +261.8 1 3 1063830926
a range +240 +261.8 1 3 0.12
a contact +240 +263 4 5 1122750647
a range +240 +263 4 5 0.13
a contact +241 +261 2 3 1071895425
a range +241 +261 2 3 0.12
a contact +242 +260.8 1 2 959764832
a range +242 +260.8 1 2 0.12
a contact +243 +257.8 2 5 993516055
a range +243 +257.8 2 5 1.2
a contact +244 +260.8 2 3 1190078973
a range +244 +260.8 2 3 0.12
a contact +245 +264.8 1 3 836352597
a range +245 +264.8 1 3 0.12
a contact +245 +264 3 4 901580210
a range +245 +264 3 4 1.15
a contact +245 +268 4 5 1010784153
a range +245 +268 4 5 0.13
a contact +246 +262 1 2 984283012
a range +246 +262 1 2 0.12
a contact +246 +262 2 3 1079660115
a range +246 +262 2 3 0.12
a contact +246 +266 4 6 907381187
a range +246 +266 4 6 0.13
a contact +247 +261.8 3 4 993084445
a range +247 +261.8 3 4 1.14
a contact +248 +271 2 5 873472294
a range +248 +271 2 5 1.17
a contact +248 +265.8 3 4 1184464025
a range +248 +265.8 3 4 1.09
a contact +249 +265.8 3 5 1123801656
a range +249 +265.8 3 5 1.12
a contact +250 +267 1 2 823712987
a range +250 +267 1 2 0.12
a contact +251 +272 1 3 913740550
a range +251 +272 1 3 0.12
a contact +253 +275 4 6 1157185064
a range +253 +275 4 6 0.13
a contact +255 +278 1 2 814426182
a range +255 +278 1 2 0.12
a contact +255 +274.8 3 5 845547298
a range +255 +274.8 3 5 1.02
a contact +256 +274 3 5 1139514910
a range +256 +274 3 5 1.11
a contact +256 +275 4 5 848708809
a range +256 +275 4 5 0.13
a contact +257 +272.8 1 2 1066855995
a range +257 +272.8 1 2 0.12
a contact +259 +277 5 6 1052303243
a range +259 +277 5 6 0.13
a contact +260 +283 1 3 1009229201
a range +260 +283 1 3 0.12
a contact +260 +278 2 4 1123168273
a range +260 +278 2 4 1.09
a contact +262 +283.8 2 4 1003199962
a range +262 +283.8 2 4 1.38
a contact +262 +278 2 5 1015635208
a range +262 +278 2 5 1.37
a contact +262 +276.8 2 5 866608127
a range +262 +276.8 2 5 1.21
a contact +263 +282 5 6 1067345375
a range +263 +282 5 6 0.13
a contact +265 +282 3 4 1158296741
a range +265 +282 3 4 1.29
a contact +265 +281 4 6 1180527487
a range +265 +281 4 6 0.13
a contact +266 +288 4 5 1131913646
a range +266 +288 4 5 0.13
a contact +267 +286 4 6 1034225245
a range +267 +286 4 6 0.13
a contact +268 +288 4 6 1079910541
a range +268 +288 4 6 0.13
a contact +270 +286.8 1 2 1084351419
a range +270 +286.8 1 2 0.12
a contact +270 +293 1 2 840335219
a range +270 +293 1 2 0.12
a contact +272 +293 2 5 983155753
a range +272 +293 2 5 1.13
a contact +272 +294 3 4 898621173
a range +272 +294 3 4 1.25
a contact +272 +293 4 5 960427617
a range +272 +293 4 5 0.13
a contact +273 +291 3 4 1166450332
a range +273 +291 3 4 1.12
a contact +273 +289 3 5 933526994
a range +273 +289 3 5 1.07
a contact +273 +295 4 5 862910066
a range +273 +295 4 5 0.13
a contact +273 +292 5 6 904177753
a range +273 +292 5 6 0.13
a contact +274 +290 2 5 899459347
a range +274 +290 2 5 1.3
a contact +274 +290 5 6 1005747075
a range +274 +290 5 6 0.13
a contact +275 +292 5 6 951752253
a range +275 +292 5 6 0.13
a contact +278 +301 1 2 1030901170
a range +278 +301 1 2 0.12
a contact +278 +293.8 2 3 916924071
a range +278 +293.8 2 3 0.12
a contact +278 +299 3 5 989697484
a range +278 +299 3 5 1.11
a contact +279 +299 2 4 1125945891
a range +279 +299 2 4 1.04
a contact +280 +299 2 4 805879151
a range +280 +299 2 4 1.09
a contact +281 +298.8 2 3 804580047
a range +281 +298.8 2 3 0.12
a contact +282 +305 1 3 903463732
a range +282 +305 1 3 0.12
a contact +284 +300 2 3 1125933770
a range +284 +300 2 3 0.12
a contact +284 +304.8 3 5 857127769
a range +284 +304.8 3 5 1.21
a contact +285 +304 1 2 1029767102
a range +285 +304 1 2 0.12
a contact +290 +310 4 6 1105034076
a range +290 +310 4 6 0.13
a contact +291 +310.8 3 5 871525908
a range +291 +310.8 3 5 1.31
a contact +291 +308 5 6 1066302944
a range +291 +308 5 6 0.13
a contact +292 +309 2 5 900861200
a range +292 +309 2 5 1.09
a contact +292 +311 2 5 818638531
a range +292 +311 2 5 1.26
a contact +293 +314 3 4 1139259036
a range +293 +314 3 4 1.03
a contact +293 +316 4 5 916596488
a range +293 +316 4 5 0.13
a contact +294 +314 2 3 1041442506
a range +294 +314 2 3 0.12
a contact +294 +310 2 5 1061095609
a range +294 +310 2 5 1.29
a contact +294 +317 4 6 866760208
a range +294 +317 4 6 0.13
a contact +295 +316 5 6 846387744
a range +295 +316 5 6 0.13
a contact +296 +316 2 5 1162385745
a range +296 +316 2 5 1.35
a contact +296 +312 4 6 1081435961
a range +296 +312 4 6 0.13
a contact +300 +318 2 5 1081883878
a range +300 +318 2 5 1.03
a contact +301 +315.8 2 5 968126601
a range +301 +315.8 2 5 1.05
a contact +303 +319.8 3 4 872699410
a range +303 +319.8 3 4 1.12
a contact +306 +323 2 3 928405248
a range +306 +323 2 3 0.12
a contact +306 +329 5 6 837897280
a range +306 +329 5 6 0.13
a contact +308 +328 2 4 979719592
a range +308 +328 2 4 1.19
a contact +309 +324.8 2 3 1172732203
a range +309 +324.8 2 3 0.12
a contact +311 +331 1 2 820172495
a range +311 +331 1 2 0.12
a contact +312 +331 4 5 998388739
a range +312 +331 4 5 0.13
a contact +312 +333 5 6 996949108
a range +312 +333 5 6 0.13
a contact +313 +336 2 4 906597475
a range +313 +336 2 4 1.09
a contact +313 +327.8 3 5 832484726
a range +313 +327.8 3 5 1.35
a contact +313 +331 4 5 1006820396
a range +313 +331 4 5 0.13
a contact +316 +336 5 6 1183024363
a range +316 +336 5 6 0.13
a contact +317 +335 1 2 1082236202
a range +317 +335 1 2 0.12
a contact +318 +336 4 5 1156189233
a range +318 +336 4 5 0.13
a contact +319 +339 1 3 1103721053
a range +319 +339 1 3 0.12
a contact +320 +342 1 3 928660603
a range +320 +342 1 3 0.12
a contact +324 +344 5 6 947227847
a range +324 +344 5 6 0.13
a contact +326 +340.8 1 3 937210644
a range +326 +340.8 1 3 0.12
a contact +326 +349 2 4 892749178
a range +326 +349 2 4 1.26
a contact +326 +347 4 5 1122050819
a range +326 +347 4 5 0.13
a contact +327 +346.8 3 4 1176890479
a range +327 +346.8 3 4 1.18
a contact +329 +346 3 4 1159380607
a range +329 +346 3 4 1.18
a contact +329 +350 3 5 1168873426
a range +329 +350 3 5 1.24
a contact +331 +349 2 3 854015858
a range +331 +349 2 3 0.12
a contact +332 +352 5 6 1108331491
a range +332 +352 5 6 0.13
a contact +333 +354 1 3 854331427
a range +333 +354 1 3 0.12
a contact +333 +349.8 3 4 1155903295
a range +333 +349.8 3 4 1.27
a contact +336 +353.8 3 4 1028795229
a range +336 +353.8 3 4 1.26
a contact +340 +361 1 3 835809629
a range +340 +361 1 3 0.12
a contact +340 +361.8 2 4 1107466013
a range +340 +361.8 2 4 1.03
a contact +340 +356.8 3 5 890961523
a range +340 +356.8 3 5 1.12
a contact +343 +366 4 6 868780876
a range +343 +366 4 6 0.13
a contact +344 +362 3 4 1134472327
a range +344 +362 3 4 1.24
a contact +345 +366.8 2 3 982606421
a range +345 +366.8 2 3 0.12
a contact +346 +364 1 2 1045283067
a range +346 +364 1 2 0.12
a contact +346 +368 4 5 920691371
a range +346 +368 4 5 0.13
a contact +348 +371 4 5 989471237
a range +348 +371 4 5 0.13
a contact +349 +370.8 3 5 830529441
a range +349 +370.8 3 5 1.37
a contact +350 +370.8 2 5 1133948878
a range +350 +370.8 2 5 1.03
a contact +350 +367 3 4 889411409
a range +350 +367 3 4 1.25
a contact +351 +368 3 4 1044312717
a range +351 +368 3 4 1.07
a contact +351 +371 5 6 1007852951
a range +351 +371 5 6 0.13
a contact +352 +374 2 5 926330921
a range +352 +374 2 5 1.34
a contact +352 +372 5 6 964688163
a range +352 +372 5 6 0.13
a contact +353 +375 1 3 941588752
a range +353 +375 1 3 0.12
a contact +354 +376 5 6 1117513848
a range +354 +376 5 6 0.13
a contact +356 +371.8 1 3 1077845547
a range +356 +371.8 1 3 0.12
a contact +357 +378 2 3 817243144
a range +357 +378 2 3 0.12
a contact +358 +376 2 3 922818687
a range +358 +376 2 3 0.12
a contact +358 +379.8 3 5 912170711
a range +358 +379.8 3 5 1.08
a contact +359 +375 1 2 942494818
a range +359 +375 1 2 0.12
a contact +360 +382 2 4 989085192
a range +360 +382 2 4 1.12
a contact +361 +379 1 3 1006118528
a range +361 +379 1 3 0.12
a contact +363 +381 4 5 887998279
a range +363 +381 4 5 0.13
a contact +364 +383 2 5 1105434009
a range +364 +383 2 5 1.17
a contact +365 +384 4 5 1173688982
a range +365 +384 4 5 0.13
a contact +372 +394 4 5 1197070710
a range +372 +394 4 5 0.13
a contact +373 +394 1 2 1078249706
a range +373 +394 1 2 0.12
a contact +373 +394.8 1 2 979962771
a range +373 +394.8 1 2 0.12
a contact +373 +388.8 1 3 992224680
a range +373 +388.8 1 3 0.12
a contact +373 +390.8 2 4 807538699
a range +373 +390.8 2 4 1.1
a contact +374 +390.8 2 3 817032288
a range +374 +390.8 2 3 0.12
a contact +374 +393 2 5 930569359
a range +374 +393 2 5 1.27
a contact +374 +396 4 6 1190120571
a range +374 +396 4 6 0.13
a contact +376 +396 3 5 1115369256
a range +376 +396 3 5 1.18
a contact +378 +397 1 2 1097141865
a range +378 +397 1 2 0.12
a contact +378 +399.8 2 5 817179578
a range +378 +399.8 2 5 1.05
a contact +378 +395 4 5 1068062802
a range +378 +395 4 5 0.13
a contact +379 +396 2 5 1096797306
a range +379 +396 2 5 1.21
a contact +381 +396.8 2 3 1146182377
a range +381 +396.8 2 3 0.12
a contact +381 +400 2 4 1180970685
a range +381 +400 2 4 1.24
a contact +382 +403 3 5 1163670931
a range +382 +403 3 5 1.24
a contact +382 +404 4 6 1199557745
a range +382 +404 4 6 0.13
a contact +383 +400 1 3 1026645671
a range +383 +400 1 3 0.12
a contact +385 +401 1 3 937533827
a range +385 +401 1 3 0.12
a contact +387 +407 3 4 961880465
a range +387 +407 3 4 1.18
a contact +388 +408 2 5 969370859
a range +388 +408 2 5 1.1
a contact +388 +407 4 6 956426516
a range +388 +407 4 6 0.13
a contact +390 +409 2 4 1119658995
a range +390 +409 2 4 1.16
a contact +391 +414 4 6 943903458
a range +391 +414 4 6 0.13
a contact +391 +412 5 6 1157186184
a range +391 +412 5 6 0.13
a contact +392 +411 1 3 1068502676
a range +392 +411 1 3 0.12
a contact +393 +411.8 1 2 886762152
a range +393 +411.8 1 2 0.12
a contact +394 +412 3 4 1040045296
a range +394 +412 3 4 1.23
a contact +395 +413.8 3 5 1120163653
a range +395 +413.8 3 5 1.37
a contact +395 +414 5 6 858198472
a range +395 +414 5 6 0.13
a contact +398 +419 5 6 1175011134
a range +398 +419 5 6 0.13
a contact +399 +417 5 6 1090754750
a range +399 +417 5 6 0.13
a contact +401 +421 1 2 806633076
a range +401 +421 1 2 0.12
a contact +403 +419.8 3 4 1081508960
a range +403 +419.8 3 4 1.33
a contact +404 +422 4 6 945466539
a range +404 +422 4 6 0.13
a contact +405 +423 4 5 1084480884
a range +405 +423 4 5 0.13
a contact +406 +423 1 3 1151552954
a range +406 +423 1 3 0.12
a contact +406 +425 4 5 1035268149
a range +406 +425 4 5 0.13
a contact +407 +425 2 4 1163902857
a range +407 +425 2 4 1.07
a contact +407 +425 3 4 982658708
a range +407 +425 3 4 1.34
a contact +407 +428 5 6 905620491
a range +407 +428 5 6 0.13
a contact +408 +425 3 4 1016543668
a range +408 +425 3 4 1.02
a contact +410 +424.8 1 3 805379492
a range +410 +424.8 1 3 0.12
a contact +411 +426.8 2 4 895979513
a range +411 +426.8 2 4 1.23
a contact +412 +428.8 1 2 979525065
a range +412 +428.8 1 2 0.12
a contact +412 +431 3 5 920874221
a range +412 +431 3 5 1.36
a contact +418 +436 3 5 1199339340
a range +418 +436 3 5 1.32
a contact +419 +440 4 6 998170339
a range +419 +440 4 6 0.13
a contact +422 +445 5 6 1155179706
a range +422 +445 5 6 0.13
a contact +423 +440 4 5 858986092
a range +423 +440 4 5 0.13
a contact +424 +442 2 3 1152048935
a range +424 +442 2 3 0.12
a contact +426 +443.8 2 3 1170419189
a range +426 +443.8 2 3 0.12
a contact +426 +449 4 6 1163775264
a range +426 +449 4 6 0.13
a contact +427 +447 1 3 1069687035
a range +427 +447 1 3 0.12
a contact +427 +448 2 5 1096369310
a range +427 +448 2 5 1.19
a contact +427 +448 5 6 997899633
a range +427 +448 5 6 0.13
a contact +429 +449 2 4 1166973345
a range +429 +449 2 4 1.17
a contact +429 +443.8 3 5 1069959625
a range +429 +443.8 3 5 1.17
a contact +430 +447.8 2 5 891310124
a range +430 +447.8 2 5 1.33
a contact +431 +453 2 3 950115531
a range +431 +453 2 3 0.12
a contact +431 +449 2 5 1087869388
a range +431 +449 2 5 1.23
a contact +431 +452 4 5 1177417261
a range +431 +452 4 5 0.13
a contact +432 +452 2 5 1102390059
a range +432 +452 2 5 1.3
a contact +432 +453 4 5 1108005668
a range +432 +453 4 5 0.13
a contact +434 +454 1 3 1132604466
a range +434 +454 1 3 0.12
a contact +434 +449.8 2 4 982426287
a range +434 +449.8 2 4 1.12
a contact +434 +455 3 5 1006357627
a range +434 +455 3 5 1.23
a contact +434 +451 4 5 1067457149
a range +434 +451 4 5 0.13
a contact +435 +451 5 6 927418395
a range +435 +451 5 6 0.13
a contact +440 +457 4 5 1154648144
a range +440 +457 4 5 0.13
a contact +440 +463 4 6 847348502
a range +440 +463 4 6 0.13
a contact +440 +461 5 6 860702082
a range +440 +461 5 6 0.13
a contact +443 +464 4 6 858911746
a range +443 +464 4 6 0.13
a contact +445 +465 3 5 1085334201
a range +445 +465 3 5 1.19
a contact +445 +464 4 6 1026300203
a range +445 +464 4 6 0.13
a contact +446 +468 1 2 940345027
a range +446 +468 1 2 0.12
a contact +447 +461.8 1 2 947124187
a range +447 +461.8 1 2 0.12
a contact +447 +469 2 3 1027000642
a range +447 +469 2 3 0.12
a contact +448 +462.8 1 3 965468874
a range +448 +462.8 1 3 0.12
a contact +448 +468 1 3 806177183
a range +448 +468 1 3 0.12
a contact +449 +472 4 5 823138874
a range +449 +472 4 5 0.13
a contact +451 +473 2 4 1034978668
a range +451 +473 2 4 1.16
a contact +451 +468 4 5 951000313
a range +451 +468 4 5 0.13
a contact +451 +470 5 6 1128557728
a range +451 +470 5 6 0.13
a contact +452 +471 5 6 1122365991
a range +452 +471 5 6 0.13
a contact +453 +473 2 5 849343628
a range +453 +473 2 5 1.13
a contact +453 +471 3 5 951922684
a range +453 +471 3 5 1.32
a contact +453 +470 5 6 971581825
a range +453 +470 5 6 0.13
a contact +454 +474 3 5 1041944019
a range +454 +474 3 5 1.25
a contact +454 +473 5 6 820947362
a range +454 +473 5 6 0.13
a contact +457 +472.8 2 4 1128360686
a range +457 +472.8 2 4 1.17
a contact +457 +478 2 5 1044529543
a range +457 +478 2 5 1.2
a contact +457 +473.8 3 4 1195217227
a range +457 +473.8 3 4 1.29
a contact +460 +477.8 2 3 976120984
a range +460 +477.8 2 3 0.12
a contact +461 +477 2 4 943277480
a range +461 +477 2 4 1.34
a contact +462 +483 3 4 964065037
a range +462 +483 3 4 1.22
a contact +462 +483 4 5 1099278630
a range +462 +483 4 5 0.13
a contact +463 +479 2 3 943099307
a range +463 +479 2 3 0.12
a contact +464 +481 4 5 831852427
a range +464 +481 4 5 0.13
a contact +465 +480.8 1 3 1046477420
a range +465 +480.8 1 3 0.12
a contact +465 +482 4 5 806271576
a range +465 +482 4 5 0.13
a contact +467 +490 2 5 1118969150
a range +467 +490 2 5 1.09
a contact +469 +489 1 2 814571373
a range +469 +489 1 2 0.12
a contact +470 +489.8 1 2 1105176825
a range +470 +489.8 1 2 0.12
a contact +470 +490 1 2 840074722
a range +470 +490 1 2 0.12
a contact +470 +486 1 2 1138305963
a range +470 +486 1 2 0.12
a contact +472 +491 2 4 842666177
a range +472 +491 2 4 1.21
a contact +472 +488 5 6 817662794
a range +472 +488 5 6 0.13
a contact +474 +493 4 6 1061618105
a range +474 +493 4 6 0.13
a contact +475 +497 1 2 993795935
a range +475 +497 1 2 0.12
a contact +477 +492.8 2 3 1060480418
a range +477 +492.8 2 3 0.12
a contact +477 +498 2 4 1096221309
a range +477 +498 2 4 1.2
a contact +478 +498 2 4 1008510012
a range +478 +498 2 4 1.09
a contact +478 +498 2 5 1124931537
a range +478 +498 2 5 1.34
a contact +478 +500 4 6 1059195131
a range +478 +500 4 6 0.13
a contact +479 +495 1 3 853807646
a range +479 +495 1 3 0.12
a contact +479 +497 2 4 890584534
a range +479 +497 2 4 1.04
a contact +479 +499 3 4 987059942
a range +479 +499 3 4 1.15
a contact +479 +494.8 3 5 1160552287
a range +479 +494.8 3 5 1.1
a contact +480 +495.8 3 5 900693661
a range +480 +495.8 3 5 1.17
a contact +480 +499 4 5 910329130
a range +480 +499 4 5 0.13
a contact +481 +498 2 3 1022211582
a range +481 +498 2 3 0.12
a contact +481 +502 4 6 1166592349
a range +481 +502 4 6 0.13
a contact +482 +505 4 5 1060006424
a range +482 +505 4 5 0.13
a contact +483 +500 4 6 1160398578
a range +483 +500 4 6 0.13
a contact +483 +500 5 6 1130513476
a range +483 +500 5 6 0.13
a contact +484 +502 5 6 1180489248
a range +484 +502 5 6 0.13
a contact +487 +509 3 5 1164322791
a range +487 +509 3 5 1.1
a contact +488 +504.8 2 5 1158817840
a range +488 +504.8 2 5 1.2
a contact +489 +511 3 4 839870299
a range +489 +511 3 4 1.26
a contact +489 +512 3 5 1190810459
a range +489 +512 3 5 1.16
a contact +489 +512 5 6 1034872386
a range +489 +512 5 6 0.13
a contact +490 +509 4 6 1119741715
a range +490 +509 4 6 0.13
a contact +491 +514 1 2 1199919225
a range +491 +514 1 2 0.12
a contact +491 +508.8 1 3 1008489818
a range +491 +508.8 1 3 0.12
a contact +491 +513 4 6 1087119178
a range +491 +513 4 6 0.13
a contact +492 +511 5 6 977809130
a range +492 +511 5 6 0.13
a contact +493 +511 2 3 1088401858
a range +493 +511 2 3 0.12
a contact +493 +511 4 6 1125036019
a range +493 +511 4 6 0.13
a contact +494 +511 1 3 916255171
a range +494 +511 1 3 0.12
a contact +495 +514 2 4 959339407
a range +495 +514 2 4 1.28
a contact +496 +517.8 2 4 948538641
a range +496 +517.8 2 4 1.16
a contact +496 +513 3 5 934591445
a range +496 +513 3 5 1.25
a contact +497 +513 2 3 1017334087
a range +497 +513 2 3 0.12
a contact +497 +516 2 4 1182003899
a range +497 +516 2 4 1.3
a contact +497 +516 4 5 848254150
a range +497 +516 4 5 0.13
a contact +498 +518 3 5 1166746754
a range +498 +518 3 5 1.25
a contact +499 +521 4 6 956741406
a range +499 +521 4 6 0.13
a contact +500 +523 5 6 803692593
a range +500 +523 5 6 0.13
a contact +501 +523 1 2 1134707383
a range +501 +523 1 2 0.12
a contact +501 +521 1 2 1117120243
a range +501 +521 1 2 0.12
a contact +501 +518.8 2 4 1033157630
a range +501 +518.8 2 4 1.08
a contact +502 +520 5 6 825585896
a range +502 +520 5 6 0.13
a contact +503 +525 5 6 1114473862
a range +503 +525 5 6 0.13
a contact +505 +523 3 5 1000727326
a range +505 +523 3 5 1.34
a contact +506 +526 2 5 933932745
a range +506 +526 2 5 1.22
a contact +508 +522.8 2 3 966697737
a range +508 +522.8 2 3 0.12
a contact +508 +528.8 2 5 836467568
a range +508 +528.8 2 5 1.23
a contact +508 +524 3 4 1053097565
a range +508 +524 3 4 1.29
a contact +509 +531 1 3 832361553
a range +509 +531 1 3 0.12
a contact +510 +533 2 3 1162935673
a range +510 +533 2 3 0.12
a contact +511 +532 2 3 998533463
a range +511 +532 2 3 0.12
a contact +511 +533 4 6 943804568
a range +511 +533 4 6 0.13
a contact +513 +531 2 3 800242216
a range +513 +531 2 3 0.12
a contact +513 +530 4 5 917791234
a range +513 +530 4 5 0.13
a contact +516 +537 4 5 1001528398
a range +516 +537 4 5 0.13
a contact +517 +537 3 5 1061432622
a range +517 +537 3 5 1.26
a contact +517 +534 5 6 817212813
a range +517 +534 5 6 0.13
a contact +519 +540.8 1 3 1093401960
a range +519 +540.8 1 3 0.12
a contact +519 +533.8 3 4 1037473258
a range +519 +533.8 3 4 1.07
a contact +519 +540 5 6 860056436
a range +519 +540 5 6 0.13
a contact +520 +541 1 2 1065757968
a range +520 +541 1 2 0.12
a contact +521 +537 4 5 912143471
a range +521 +537 4 5 0.13
a contact +522 +542.8 1 3 1111932866
a range +522 +542.8 1 3 0.12
a contact +522 +543.8 1 3 802517275
a range +522 +543.8 1 3 0.12
a contact +522 +538 5 6 1126015557
a range +522 +538 5 6 0.13
a contact +523 +544 3 4 1192362653
a range +523 +544 3 4 1.21
a contact +523 +539 4 6 878652121
a range +523 +539 4 6 0.13
a contact +524 +541 2 3 935903013
a range +524 +541 2 3 0.12
a contact +524 +543 4 5 1107946774
a range +524 +543 4 5 0.13
a contact +525 +541 2 3 805449032
a range +525 +541 2 3 0.12
a contact +525 +543 3 4 1178749263
a range +525 +543 3 4 1.06
a contact +526 +542 3 4 976303705
a range +526 +542 3 4 1.15
a contact +527 +543 2 4 890384697
a range +527 +543 2 4 1.13
a contact +527 +545.8 3 5 1113513990
a range +527 +545.8 3 5 1.28
a contact +528 +546 2 5 1088056420
a range +528 +546 2 5 1.35
a contact +528 +551 5 6 903745602
a range +528 +551 5 6 0.13
a contact +529 +546 2 5 1115569115
a range +529 +546 2 5 1.18
a contact +529 +546 5 6 941378212
a range +529 +546 5 6 0.13
a contact +530 +553 3 5 1076095679
a range +530 +553 3 5 1.07
a contact +533 +550.8 1 2 869812145
a range +533 +550.8 1 2 0.12
a contact +533 +554 2 4 1137345501
a range +533 +554 2 4 1.03
a contact +533 +554 4 5 899566943
a range +533 +554 4 5 0.13
a contact +534 +552 2 4 1198150182
a range +534 +552 2 4 1.3
a contact +534 +552 4 5 1118807344
a range +534 +552 4 5 0.13
a contact +534 +555 4 5 1177352182
a range +534 +555 4 5 0.13
a contact +534 +553 5 6 1198378284
a range +534 +553 5 6 0.13
a contact +535 +556 1 3 1188666370
a range +535 +556 1 3 0.12
a contact +536 +555 3 4 937600676
a range +536 +555 3 4 1.34
a contact +536 +553.8 3 5 977268703
a range +536 +553.8 3 5 1.35
a contact +538 +559 3 4 864159977
a range +538 +559 3 4 1.08
a contact +539 +555.8 1 3 913227500
a range +539 +555.8 1 3 0.12
a contact +541 +556.8 2 3 1155422167
a range +541 +556.8 2 3 0.12
a contact +542 +558 3 4 968016541
a range +542 +558 3 4 1.12
a contact +543 +564 1 2 1089971903
a range +543 +564 1 2 0.12
a contact +543 +562 4 5 842910124
a range +543 +562 4 5 0.13
a contact +545 +563.8 1 2 1082382844
a range +545 +563.8 1 2 0.12
a contact +546 +562 4 5 982894379
a range +546 +562 4 5 0.13
a contact +548 +565 2 3 811461000
a range +548 +565 2 3 0.12
a contact +549 +565 2 4 1119275337
a range +549 +565 2 4 1.29
a contact +550 +571 4 5 840387241
a range +550 +571 4 5 0.13
a contact +552 +574 5 6 867301253
a range +552 +574 5 6 0.13
a contact +554 +571 2 5 814550621
a range +554 +571 2 5 1.16
a contact +556 +574 1 2 892785518
a range +556 +574 1 2 0.12
a contact +559 +575 2 4 926872874
a range +559 +575 2 4 1.02
a contact +559 +579.8 2 5 1008638130
a range +559 +579.8 2 5 1.28
a contact +560 +580.8 2 5 831730066
a range +560 +580.8 2 5 1.26
a contact +560 +582 4 6 870916821
a range +560 +582 4 6 0.13
a contact +561 +578.8 3 4 1029370594
a range +561 +578.8 3 4 1.08
a contact +562 +584 2 5 833908649
a range +562 +584 2 5 1.02
a contact +563 +579.8 2 5 1030268246
a range +563 +579.8 2 5 1.36
a contact +564 +582 5 6 987132018
a range +564 +582 5 6 0.13
a contact +565 +582 2 3 823973079
a range +565 +582 2 3 0.12
a contact +565 +583 3 4 931700319
a range +565 +583 3 4 1.37
a contact +568 +590 2 5 875245841
a range +568 +590 2 5 1.08
a contact +569 +591 1 2 930207226
a range +569 +591 1 2 0.12
a contact +569 +589.8 2 3 1049909702
a range +569 +589.8 2 3 0.12
a contact +572 +588 4 6 1178264564
a range +572 +588 4 6 0.13
a contact +575 +595.8 3 5 828197284
a range +575 +595.8 3 5 1.03
a contact +575 +598 4 6 1082023242
a range +575 +598 4 6 0.13
a contact +576 +597 1 3 1125932765
a range +576 +597 1 3 0.12
a contact +576 +597 2 4 898691391
a range +576 +597 2 4 1.34
a contact +576 +591.8 2 4 920606073
a range +576 +591.8 2 4 1.14
a contact +577 +594.8 1 2 1091279939
a range +577 +594.8 1 2 0.12
a contact +577 +595 1 3 1170056868
a range +577 +595 1 3 0.12
a contact +577 +596 2 4 968200012
a range +577 +596 2 4 1.07
a contact +579 +598 1 2 887078611
a range +579 +598 1 2 0.12
a contact +580 +603 3 4 1159833532
a range +580 +603 3 4 1.19
a contact +581 +604 1 2 802560066
a range +581 +604 1 2 0.12
a contact +581 +603 1 2 873985853
a range +581 +603 1 2 0.12
a contact +581 +600 1 2 1183825880
a range +581 +600 1 2 0.12
a contact +582 +600 3 4 1119373190
a range +582 +600 3 4 1.32
a contact +584 +605 3 5 908818034
a range +584 +605 3 5 1.09
a contact +585 +605.8 3 5 966592414
a range +585 +605.8 3 5 1.16
a contact +586 +605 3 4 1184843289
a range +586 +605 3 4 1.11
a contact +587 +608.8 1 2 1103109230
a range +587 +608.8 1 2 0.12
a contact +588 +611 1 2 1142955910
a range +588 +611 1 2 0.12
a contact +588 +606 4 5 1177550247
a range +588 +606 4 5 0.13
a contact +590 +611 5 6 884011022
a range +590 +611 5 6 0.13
a contact +591 +607 2 5 1160566729
a range +591 +607 2 5 1.2
a contact +594 +611 3 4 1037977229
a range +594 +611 3 4 1.26
a contact +594 +610 3 5 837626644
a range +594 +610 3 5 1.02
a contact +594 +613 3 5 826632269
a range +594 +613 3 5 1.29
a contact +595 +616 2 3 1185953165
a range +595 +616 2 3 0.12
a contact +596 +615 1 3 1149579555
a range +596 +615 1 3 0.12
a contact +597 +617 5 6 829128105
a range +597 +617 5 6 0.13
a contact +602 +623 3 5 1181200185
a range +602 +623 3 5 1.22
a contact +604 +623 4 6 1185632671
a range +604 +623 4 6 0.13
a contact +604 +624 5 6 1186307991
a range +604 +624 5 6 0.13
a contact +605 +624 1 2 1082795571
a range +605 +624 1 2 0.12
a contact +605 +624.8 3 5 1142019748
a range +605 +624.8 3 5 1.13
a contact +605 +624 4 6 1195076399
a range +605 +624 4 6 0.13
a contact +606 +624 1 3 1140090053
a range +606 +624 1 3 0.12
a contact +609 +629 5 6 1091974537
a range +609 +629 5 6 0.13
a contact +610 +627.8 2 3 905730943
a range +610 +627.8 2 3 0.12
a contact +612 +628 1 3 891120007
a range +612 +628 1 3 0.12
a contact +612 +629 2 4 1190728871
a range +612 +629 2 4 1.31
a contact +613 +635 4 5 943478241
a range +613 +635 4 5 0.13
a contact +615 +636.8 3 4 845515566
a range +615 +636.8 3 4 1.24
a contact +615 +632 5 6 1076497285
a range +615 +632 5 6 0.13
a contact +616 +631.8 3 4 1044242258
a range +616 +631.8 3 4 1.28
a contact +617 +636 2 3 1029253314
a range +617 +636 2 3 0.12
a contact +618 +641 3 4 1182918267
a range +618 +641 3 4 1.04
a contact +620 +642 1 3 843016526
a range +620 +642 1 3 0.12
a contact +621 +638 2 4 1149161423
a range +621 +638 2 4 1.35
a contact +622 +641 2 3 1122175713
a range +622 +641 2 3 0.12
a contact +624 +646 2 3 821714099
a range +624 +646 2 3 0.12
a contact +624 +641.8 3 4 1199842974
a range +624 +641.8 3 4 1.28
a contact +624 +643 3 5 867509760
a range +624 +643 3 5 1.02
a contact +625 +645 3 4 828213718
a range +625 +645 3 4 1.37
a contact +626 +645 2 5 1078740396
a range +626 +645 2 5 1.05
a contact +627 +647 2 3 970171856
a range +627 +647 2 3 0.12
a contact +627 +646.8 2 4 913249678
a range +627 +646.8 2 4 1.24
a contact +627 +647.8 2 5 936806015
a range +627 +647.8 2 5 1.25
a contact +628 +650 4 6 1129686391
a range +628 +650 4 6 0.13
a contact +631 +649.8 2 3 851546315
a range +631 +649.8 2 3 0.12
a contact +632 +654 3 5 848218808
a range +632 +654 3 5 1.19
a contact +634 +655 2 3 904638814
a range +634 +655 2 3 0.12
a contact +635 +655 3 5 1173435392
a range +635 +655 3 5 1.1
a contact +636 +654 2 5 1002679473
a range +636 +654 2 5 1.02
a contact +636 +655 4 6 1199278737
a range +636 +655 4 6 0.13
a contact +638 +658 2 3 899241383
a range +638 +658 2 3 0.12
a contact +638 +658 3 5 1046602729
a range +638 +658 3 5 1.31
a contact +640 +659.8 3 5 854671467
a range +640 +659.8 3 5 1.29
a contact +640 +660 4 5 932565661
a range +640 +660 4 5 0.13
a contact +642 +658 4 5 954680832
a range +642 +658 4 5 0.13
a contact +643 +663.8 2 3 837285385
a range +643 +663.8 2 3 0.12
a contact +644 +658.8 1 2 877827340
a range +644 +658.8 1 2 0.12
a contact +645 +665 1 2 961214007
a range +645 +665 1 2 0.12
a contact +647 +669 1 2 983162915
a range +647 +669 1 2 0.12
a contact +647 +668 4 6 1038436462
a range +647 +668 4 6 0.13
a contact +648 +670 2 4 1088079380
a range +648 +670 2 4 1.27
a contact +651 +671.8 1 2 869679322
a range +651 +671.8 1 2 0.12
a contact +651 +669 3 5 939756230
a range +651 +669 3 5 1.18
a contact +653 +669 1 3 1153365840
a range +653 +669 1 3 0.12
a contact +654 +671 4 6 1031510444
a range +654 +671 4 6 0.13
a contact +655 +677 4 6 1086449172
a range +655 +677 4 6 0.13
a contact +656 +679 1 3 1184881846
a range +656 +679 1 3 0.12
a contact +656 +679 5 6 976835494
a range +656 +679 5 6 0.13
a contact +657 +674.8 3 4 1094050730
a range +657 +674.8 3 4 1.23
a contact +657 +676 3 4 1091780787
a range +657 +676 3 4 1.17
a contact +658 +676 3 5 1194301201
a range +658 +676 3 5 1.38
a contact +659 +677 4 6 1121152507
a range +659 +677 4 6 0.13
a contact +660 +677 2 5 800751687
a range +660 +677 2 5 1.02
a contact +660 +683 4 5 898697400
a range +660 +683 4 5 0.13
a contact +662 +685 1 2 1102276007
a range +662 +685 1 2 0.12
a contact +664 +685 2 4 1135538416
a range +664 +685 2 4 1.2
a contact +665 +681.8 2 3 830783306
a range +665 +681.8 2 3 0.12
a contact +665 +682 1 3 1106646888
a range +665 +682 1 3 0.12
a contact +667 +687.8 1 2 970533311
a range +667 +687.8 1 2 0.12
a contact +668 +683.8 1 2 1039648602
a range +668 +683.8 1 2 0.12
a contact +669 +683.8 3 5 1199917292
a range +669 +683.8 3 5 1.34
a contact +671 +691 4 6 1177081452
a range +671 +691 4 6 0.13
a contact +672 +692 1 3 1098569282
a range +672 +692 1 3 0.12
a contact +672 +688 3 4 1057357110
a range +672 +688 3 4 1.11
a contact +672 +695 3 5 1055462156
a range +672 +695 3 5 1.3
a contact +673 +693 2 4 1007462223
a range +673 +693 2 4 1.04
a contact +674 +691 3 4 1127858728
a range +674 +691 3 4 1.17
a contact +675 +697 1 2 965950441
a range +675 +697 1 2 0.12
a contact +675 +698 2 5 839911709
a range +675 +698 2 5 1.22
a contact +675 +697 3 5 946795870
a range +675 +697 3 5 1.24
a contact +675 +695 4 5 938700726
a range +675 +695 4 5 0.13
a contact +676 +698 2 4 892914819
a range +676 +698 2 4 1.34
a contact +676 +694 5 6 1161197106
a range +676 +694 5 6 0.13
a contact +677 +698.8 3 5 959798146
a range +677 +698.8 3 5 1.36
a contact +677 +699 4 5 862006030
a range +677 +699 4 5 0.13
a contact +677 +698 4 5 936181891
a range +677 +698 4 5 0.13
a contact +678 +697 2 3 965319944
a range +678 +697 2 3 0.12
a contact +678 +699.8 3 5 961963345
a range +678 +699.8 3 5 1.09
a contact +678 +698 3 5 1024900074
a range +678 +698 3 5 1.25
a contact +678 +696 5 6 1037987628
a range +678 +696 5 6 0.13
a contact +679 +698 3 5 907793641
a range +679 +698 3 5 1.18
a contact +679 +701 4 5 996770446
a range +679 +701 4 5 0.13
a contact +679 +700 4 6 989419019
a range +679 +700 4 6 0.13
a contact +681 +702 2 4 826065540
a range +681 +702 2 4 1.18
a contact +681 +697 2 4 993024753
a range +681 +697 2 4 1.23
a contact +681 +696.8 2 5 916922980
a range +681 +696.8 2 5 1.18
a contact +682 +702 4 6 1185549932
a range +682 +702 4 6 0.13
a contact +683 +700 1 3 804746986
a range +683 +700 1 3 0.12
a contact +683 +699 1 3 1174078561
a range +683 +699 1 3 0.12
a contact +684 +700.8 1 2 1152936256
a range +684 +700.8 1 2 0.12
a contact +685 +703 4 5 835251318
a range +685 +703 4 5 0.13
a contact +685 +701 4 6 1109615811
a range +685 +701 4 6 0.13
a contact +687 +704 1 3 862074072
a range +687 +704 1 3 0.12
a contact +688 +702.8 3 4 837767595
a range +688 +702.8 3 4 1.33
a contact +688 +709 5 6 1001182127
a range +688 +709 5 6 0.13
a contact +691 +710 1 3 825674834
a range +691 +710 1 3 0.12
a contact +691 +712.8 3 4 866360698
a range +691 +712.8 3 4 1.35
a contact +692 +712.8 2 3 885743698
a range +692 +712.8 2 3 0.12
a contact +692 +706.8 1 3 825353029
a range +692 +706.8 1 3 0.12
a contact +692 +712.8 1 3 856479388
a range +692 +712.8 1 3 0.12
a contact +693 +709 4 6 867726492
a range +693 +709 4 6 0.13
a contact +695 +710.8 2 4 1111704257
a range +695 +710.8 2 4 1.28
a contact +695 +713 2 5 1008820816
a range +695 +713 2 5 1.17
a contact +696 +715 2 4 1162807125
a range +696 +715 2 4 1.32
a contact +698 +716 2 3 1034214283
a range +698 +716 2 3 0.12
a contact +698 +715 4 5 945927667
a range +698 +715 4 5 0.13
a contact +702 +716.8 1 3 1112303032
a range +702 +716.8 1 3 0.12
a contact +703 +723 1 2 1100041107
a range +703 +723 1 2 0.12
a contact +704 +727 4 6 1172846447
a range +704 +727 4 6 0.13
a contact +705 +726 3 4 1177680892
a range +705 +726 3 4 1.03
a contact +705 +728 4 5 986200807
a range +705 +728 4 5 0.13
a contact +707 +728 2 4 884249509
a range +707 +728 2 4 1.33
a contact +707 +726 3 5 993687146
a range +707 +726 3 5 1.12
a contact +709 +728 2 3 876434355
a range +709 +728 2 3 0.12
a contact +710 +730 5 6 1064247672
a range +710 +730 5 6 0.13
a contact +713 +736 5 6 1096665464
a range +713 +736 5 6 0.13
a contact +714 +735 2 3 885549512
a range +714 +735 2 3 0.12
a contact +714 +729.8 2 4 1065195557
a range +714 +729.8 2 4 1.17
a contact +715 +737 1 2 970601101
a range +715 +737 1 2 0.12
a contact +715 +732.8 1 2 1094883252
a range +715 +732.8 1 2 0.12
a contact +715 +738 2 4 915690055
a range +715 +738 2 4 1.04
a contact +715 +734 3 4 921549222
a range +715 +734 3 4 1.02
a contact +717 +739 1 2 911424090
a range +717 +739 1 2 0.12
a contact +717 +735.8 3 4 930990828
a range +717 +735.8 3 4 1.04
a contact +719 +740.8 2 4 1108536256
a range +719 +740.8 2 4 1.37
a contact +719 +735.8 2 5 856602412
a range +719 +735.8 2 5 1.27
a contact +720 +737 1 2 945523832
a range +720 +737 1 2 0.12
a contact +720 +737 4 5 911445097
a range +720 +737 4 5 0.13
a contact +722 +745 1 3 1164021255
a range +722 +745 1 3 0.12
a contact +722 +741 4 6 1067325418
a range +722 +741 4 6 0.13
a contact +725 +740.8 1 2 1019189413
a range +725 +740.8 1 2 0.12
a contact +725 +747 3 4 1168373107
a range +725 +747 3 4 1.05
a contact +726 +741.8 1 2 1189012757
a range +726 +741.8 1 2 0.12
a contact +726 +743 2 4 1062804788
a range +726 +743 2 4 1.3
a contact +729 +751 2 5 1121521123
a range +729 +751 2 5 1.08
a contact +729 +751 2 5 898767608
a range +729 +751 2 5 1.24
a contact +732 +755 1 3 1057204404
a range +732 +755 1 3 0.12
a contact +732 +754 2 4 806234462
a range +732 +754 2 4 1.23
a contact +733 +752.8 1 2 1111764511
a range +733 +752.8 1 2 0.12
a contact +733 +748.8 2 4 963418329
a range +733 +748.8 2 4 1.25
a contact +734 +751 2 5 1072180963
a range +734 +751 2 5 1.18
a contact +734 +750.8 3 4 999484289
a range +734 +750.8 3 4 1.3
a contact +735 +756 4 6 996100724
a range +735 +756 4 6 0.13
a contact +737 +760 5 6 832225822
a range +737 +760 5 6 0.13
a contact +738 +759 5 6 1085975026
a range +738 +759 5 6 0.13
a contact +741 +758 2 4 821100286
a range +741 +758 2 4 1.11
a contact +741 +757 2 5 837860757
a range +741 +757 2 5 1.13
a contact +741 +758 2 5 967004881
a range +741 +758 2 5 1.21
a contact +743 +761 5 6 1042097100
a range +743 +761 5 6 0.13
a contact +743 +763 5 6 941870235
a range +743 +763 5 6 0.13
a contact +744 +766 2 3 1171379161
a range +744 +766 2 3 0.12
a contact +744 +759.8 3 5 1088087547
a range +744 +759.8 3 5 1.12
a contact +744 +762 3 5 997700396
a range +744 +762 3 5 1.37
a contact +748 +770 4 6 1126257262
a range +748 +770 4 6 0.13
a contact +749 +768 3 5 1067866552
a range +749 +768 3 5 1.37
a contact +751 +771 1 3 876816794
a range +751 +771 1 3 0.12
a contact +752 +771 4 5 1160014382
a range +752 +771 4 5 0.13
a contact +753 +774 2 4 1071845227
a range +753 +774 2 4 1.22
a contact +755 +776.8 2 3 901955312
a range +755 +776.8 2 3 0.12
a contact +755 +775 4 6 833263818
a range +755 +775 4 6 0.13
a contact +756 +773 1 2 1103704315
a range +756 +773 1 2 0.12
a contact +757 +779 1 2 918566053
a range +757 +779 1 2 0.12
a contact +762 +785 3 5 943787643
a range +762 +785 3 5 1.08
a contact +762 +779 4 6 1044404280
a range +762 +779 4 6 0.13
a contact +764 +782 1 3 1049786845
a range +764 +782 1 3 0.12
a contact +766 +789 2 5 979782324
a range +766 +789 2 5 1.04
a contact +767 +787 4 6 834060714
a range +767 +787 4 6 0.13
a contact +767 +789 5 6 943799435
a range +767 +789 5 6 0.13
a contact +768 +785 5 6 1190780538
a range +768 +785 5 6 0.13
a contact +769 +789 1 2 973601260
a range +769 +789 1 2 0.12
a contact +769 +787 2 5 813996798
a range +769 +787 2 5 1.18
a contact +770 +784.8 3 4 1052981678
a range +770 +784.8 3 4 1.03
a contact +774 +796 2 3 935938987
a range +774 +796 2 3 0.12
a contact +774 +795 4 5 904652453
a range +774 +795 4 5 0.13
a contact +776 +798 2 4 1194111117
a range +776 +798 2 4 1.2
a contact +777 +793.8 2 5 1146375637
a range +777 +793.8 2 5 1.33
a contact +778 +799 4 6 959493951
a range +778 +799 4 6 0.13
a contact +779 +795 2 3 878257557
a range +779 +795 2 3 0.12
a contact +779 +799 1 3 971649853
a range +779 +799 1 3 0.12
a contact +780 +798.8 2 5 1057060479
a range +780 +798.8 2 5 1.04
a contact +780 +796 5 6 841156015
a range +780 +796 5 6 0.13
a contact +782 +802.8 2 4 968162596
a range +782 +802.8 2 4 1.14
a contact +785 +804 1 3 982338873
a range +785 +804 1 3 0.12
a contact +787 +805 3 4 1111862277
a range +787 +805 3 4 1.04
a contact +788 +808.8 2 3 1038385170
a range +788 +808.8 2 3 0.12
a contact +788 +806 2 4 1001987548
a range +788 +806 2 4 1.25
a contact +789 +808.8 1 2 944158681
a range +789 +808.8 1 2 0.12
a contact +789 +806.8 2 4 1112668975
a range +789 +806.8 2 4 1.12
a contact +790 +808.8 1 3 891650782
a range +790 +808.8 1 3 0.12
a contact +791 +806.8 1 2 952042530
a range +791 +806.8 1 2 0.12
a contact +792 +807.8 1 2 972185284
a range +792 +807.8 1 2 0.12
a contact +792 +809.8 1 3 901051764
a range +792 +809.8 1 3 0.12
a contact +792 +809 2 4 1149573674
a range +792 +809 2 4 1.06
a contact +793 +812 1 2 975412064
a range +793 +812 1 2 0.12
a contact +793 +807.8 2 4 1177473038
a range +793 +807.8 2 4 1.25
a contact +795 +813 3 4 1099637678
a range +795 +813 3 4 1.12
a contact +796 +816 4 5 804737781
a range +796 +816 4 5 0.13
a contact +801 +820 2 4 1132538464
a range +801 +820 2 4 1.06
a contact +802 +818 4 5 813974672
a range +802 +818 4 5 0.13
a contact +803 +821 3 4 948115232
a range +803 +821 3 4 1.04
a contact +804 +827 5 6 1138738096
a range +804 +827 5 6 0.13
a contact +805 +822 2 5 1176694341
a range +805 +822 2 5 1.07
a contact +807 +830 3 4 858849792
a range +807 +830 3 4 1.19
a contact +808 +825 2 5 830492155
a range +808 +825 2 5 1.14
a contact +808 +829 4 5 937741115
a range +808 +829 4 5 0.13
a contact +812 +831 4 5 1115532070
a range +812 +831 4 5 0.13
a contact +813 +832 1 2 850510929
a range +813 +832 1 2 0.12
a contact +813 +834 4 5 957391072
a range +813 +834 4 5 0.13
a contact +814 +834 2 5 852394658
a range +814 +834 2 5 1.18
a contact +815 +836 1 2 826715073
a range +815 +836 1 2 0.12
a contact +815 +836 2 3 847978058
a range +815 +836 2 3 0.12
a contact +817 +837 3 4 1053869676
a range +817 +837 3 4 1.37
a contact +818 +834.8 2 4 902640891
a range +818 +834.8 2 4 1.2
a contact +819 +840 2 5 1192397209
a range +819 +840 2 5 1.16
a contact +821 +837.8 1 3 832309513
a range +821 +837.8 1 3 0.12
a contact +823 +840 4 6 1066917540
a range +823 +840 4 6 0.13
a contact +824 +846 4 5 1090148507
a range +824 +846 4 5 0.13
a contact +825 +842.8 2 3 885191152
a range +825 +842.8 2 3 0.12
a contact +825 +847 4 6 1010612425
a range +825 +847 4 6 0.13
a contact +826 +845 3 4 1045430961
a range +826 +845 3 4 1.11
a contact +828 +845 3 5 1087625843
a range +828 +845 3 5 1.14
a contact +829 +845.8 1 3 986883669
a range +829 +845.8 1 3 0.12
a contact +832 +849 3 5 1112578997
a range +832 +849 3 5 1.19
a contact +834 +854 2 3 1114373482
a range +834 +854 2 3 0.12
a contact +834 +850.8 1 3 1111689535
a range +834 +850.8 1 3 0.12
a contact +834 +849.8 2 5 941107967
a range +834 +849.8 2 5 1.12
a contact +836 +854 2 4 1177189772
a range +836 +854 2 4 1.32
a contact +836 +853 3 4 1051221318
a range +836 +853 3 4 1.23
a contact +837 +856.8 1 3 995961673
a range +837 +856.8 1 3 0.12
a contact +837 +855 5 6 804378866
a range +837 +855 5 6 0.13
a contact +843 +863.8 2 3 1194316275
a range +843 +863.8 2 3 0.12
a contact +843 +866 1 3 1172362313
a range +843 +866 1 3 0.12
a contact +843 +865 3 4 1000684606
a range +843 +865 3 4 1.38
a contact +843 +861 3 5 1170360183
a range +843 +861 3 5 1.18
a contact +844 +865 2 3 869276328
a range +844 +865 2 3 0.12
a contact +844 +858.8 1 3 1113984129
a range +844 +858.8 1 3 0.12
a contact +844 +865 2 5 1183658429
a range +844 +865 2 5 1.3
a contact +849 +867 1 2 1157321759
a range +849 +867 1 2 0.12
a contact +849 +867 2 5 1006782524
a range +849 +867 2 5 1.19
a contact +849 +865 3 4 908275354
a range +849 +865 3 4 1.25
a contact +850 +870 4 5 1054478637
a range +850 +870 4 5 0.13
a contact +850 +869 5 6 1156941716
a range +850 +869 5 6 0.13
a contact +851 +873 1 3 909834635
a range +851 +873 1 3 0.12
a contact +852 +874 3 4 1137338270
a range +852 +874 3 4 1.34
a contact +852 +868 4 5 908285469
a range +852 +868 4 5 0.13
a contact +854 +876 2 3 1049879855
a range +854 +876 2 3 0.12
a contact +854 +868.8 1 3 837833229
a range +854 +868.8 1 3 0.12
a contact +855 +876.8 2 4 1152650807
a range +855 +876.8 2 4 1.21
a contact +860 +878 2 3 865026119
a range +860 +878 2 3 0.12
a contact +861 +884 1 2 1085138959
a range +861 +884 1 2 0.12
a contact +863 +885 1 2 952753740
a range +863 +885 1 2 0.12
a contact +863 +881.8 3 5 953801174
a range +863 +881.8 3 5 1.11
a contact +867 +886.8 3 4 1126527142
a range +867 +886.8 3 4 1.26
a contact +867 +885 4 6 1136460332
a range +867 +885 4 6 0.13
a contact +867 +890 4 6 952802973
a range +867 +890 4 6 0.13
a contact +870 +890 1 2 1112897889
a range +870 +890 1 2 0.12
a contact +870 +893 4 6 1088712719
a range +870 +893 4 6 0.13
a contact +871 +893 4 6 1071820066
a range +871 +893 4 6 0.13
a contact +873 +890 4 6 1131699901
a range +873 +890 4 6 0.13
a contact +874 +895 2 5 964274238
a range +874 +895 2 5 1.35
a contact +874 +892 3 4 998253321
a range +874 +892 3 4 1.17
a contact +875 +896 4 5 1054256891
a range +875 +896 4 5 0.13
a contact +877 +900 2 5 1183658115
a range +877 +900 2 5 1.34
a contact +877 +896.8 2 5 873985695
a range +877 +896.8 2 5 1.02
a contact +877 +896 4 5 1067865289
a range +877 +896 4 5 0.13
a contact +878 +896.8 2 4 922894081
a range +878 +896.8 2 4 1.21
a contact +879 +893.8 2 3 930706081
a range +879 +893.8 2 3 0.12
a contact +880 +902 2 4 936153860
a range +880 +902 2 4 1.12
a contact +880 +903 3 5 1166512551
a range +880 +903 3 5 1.22
a contact +882 +900 5 6 1175113032
a range +882 +900 5 6 0.13
a contact +884 +901 1 2 937518005
a range +884 +901 1 2 0.12
a contact +884 +902.8 2 3 1130621287
a range +884 +902.8 2 3 0.12
a contact +884 +904 5 6 926039053
a range +884 +904 5 6 0.13
a contact +885 +905 2 5 946168930
a range +885 +905 2 5 1.1
a contact +885 +901 4 5 1171667796
a range +885 +901 4 5 0.13
a contact +886 +906 4 6 1004055853
a range +886 +906 4 6 0.13
a contact +886 +903 5 6 935301460
a range +886 +903 5 6 0.13
a contact +887 +906 1 3 850472939
a range +887 +906 1 3 0.12
a contact +887 +907 3 5 1053013506
a range +887 +907 3 5 1.28
a contact +888 +909 4 6 822254127
a range +888 +909 4 6 0.13
a contact +889 +905 5 6 848423613
a range +889 +905 5 6 0.13
a contact +890 +906 4 5 1123020934
a range +890 +906 4 5 0.13
a contact +891 +910 1 3 1091232285
a range +891 +910 1 3 0.12
a contact +891 +910 4 6 898736532
a range +891 +910 4 6 0.13
a contact +894 +910 5 6 994391544
a range +894 +910 5 6 0.13
a contact +895 +915 1 2 974037636
a range +895 +915 1 2 0.12
a contact +895 +918 2 3 1122631274
a range +895 +918 2 3 0.12
a contact +895 +916 2 3 839022744
a range +895 +916 2 3 0.12
a contact +895 +912 4 5 926826437
a range +895 +912 4 5 0.13
a contact +896 +915.8 3 4 897019818
a range +896 +915.8 3 4 1.29
a contact +897 +917 3 4 1053503123
a range +897 +917 3 4 1.06
a contact +897 +920 4 6 946381583
a range +897 +920 4 6 0.13
a contact +898 +914.8 3 5 1133730274
a range +898 +914.8 3 5 1.15
a contact +899 +915 2 4 1138687494
a range +899 +915 2 4 1.25
a contact +899 +919 3 5 1038313516
a range +899 +919 3 5 1.19
a contact +903 +919.8 2 4 1181867790
a range +903 +919.8 2 4 1.33
a contact +903 +920 2 5 819163580
a range +903 +920 2 5 1.06
a contact +908 +930 1 2 1150683617
a range +908 +930 1 2 0.12
a contact +910 +930 4 6 1070039608
a range +910 +930 4 6 0.13
a contact +912 +929 1 2 1196102192
a range +912 +929 1 2 0.12
a contact +915 +933 3 5 1021597159
a range +915 +933 3 5 1.15
a contact +916 +938 1 3 873731358
a range +916 +938 1 3 0.12
a contact +916 +935 4 6 1010291703
a range +916 +935 4 6 0.13
a contact +919 +940 3 5 1053050224
a range +919 +940 3 5 1.32
a contact +920 +934.8 2 5 1115997060
a range +920 +934.8 2 5 1.09
a contact +920 +942 3 4 928177063
a range +920 +942 3 4 1.2
a contact +923 +945 3 4 1161717621
a range +923 +945 3 4 1.26
a contact +926 +943 2 3 880845945
a range +926 +943 2 3 0.12
a contact +928 +944 1 3 879558502
a range +928 +944 1 3 0.12
a contact +931 +952.8 1 2 1149385095
a range +931 +952.8 1 2 0.12
a contact +931 +947.8 3 5 1083340643
a range +931 +947.8 3 5 1.06
a contact +932 +949 2 5 1166327545
a range +932 +949 2 5 1.37
a contact +933 +954 2 5 925439338
a range +933 +954 2 5 1.36
a contact +934 +955 1 2 1032683637
a range +934 +955 1 2 0.12
a contact +935 +953 3 5 946381987
a range +935 +953 3 5 1.05
a contact +937 +952.8 1 3 850259497
a range +937 +952.8 1 3 0.12
a contact +938 +956.8 2 5 944768774
a range +938 +956.8 2 5 1.07
a contact +938 +961 3 5 1147616153
a range +938 +961 3 5 1.36
a contact +939 +960 2 5 1144082531
a range +939 +960 2 5 1.17
a contact +939 +959 3 5 1092939523
a range +939 +959 3 5 1.19
a contact +939 +960 5 6 1197745271
a range +939 +960 5 6 0.13
a contact +941 +957 4 5 998830880
a range +941 +957 4 5 0.13
a contact +943 +964 2 4 1095674459
a range +943 +964 2 4 1.23
a contact +945 +968 2 4 819002227
a range +945 +968 2 4 1.18
a contact +947 +968 2 4 859418775
a range +947 +968 2 4 1.36
a contact +947 +968.8 3 5 847488588
a range +947 +968.8 3 5 1.16
a contact +948 +968.8 3 5 1115281759
a range +948 +968.8 3 5 1.31
a contact +950 +966 4 5 944508344
a range +950 +966 4 5 0.13
a contact +951 +973 1 2 1182947479
a range +951 +973 1 2 0.12
a contact +952 +969 5 6 976517357
a range +952 +969 5 6 0.13
a contact +953 +975 4 6 1141723056
a range +953 +975 4 6 0.13
a contact +954 +976 4 6 877912215
a range +954 +976 4 6 0.13
a contact +955 +975.8 2 4 1157943681
a range +955 +975.8 2 4 1.28
a contact +955 +972 3 5 1184426113
a range +955 +972 3 5 1.14
a contact +956 +979 3 5 986383722
a range +956 +979 3 5 1.15
a contact +956 +975 4 5 1084343462
a range +956 +975 4 5 0.13
a contact +956 +977 4 6 834202717
a range +956 +977 4 6 0.13
a contact +956 +979 5 6 1057383689
a range +956 +979 5 6 0.13
a contact +958 +981 5 6 1051124379
a range +958 +981 5 6 0.13
a contact +960 +978 2 3 1036250944
a range +960 +978 2 3 0.12
a contact +963 +985 3 5 822753676
a range +963 +985 3 5 1.32
a contact +966 +989 1 2 1094970378
a range +966 +989 1 2 0.12
a contact +966 +985 4 6 888736636
a range +966 +985 4 6 0.13
a contact +966 +984 5 6 838621838
a range +966 +984 5 6 0.13
a contact +967 +989 4 6 1134383574
a range +967 +989 4 6 0.13
a contact +969 +989 1 3 1183585597
a range +969 +989 1 3 0.12
a contact +969 +986 2 4 1002866212
a range +969 +986 2 4 1.31
a contact +973 +996 2 3 977403039
a range +973 +996 2 3 0.12
a contact +973 +990.8 1 3 944427962
a range +973 +990.8 1 3 0.12
a contact +975 +996.8 2 3 832896993
a range +975 +996.8 2 3 0.12
a contact +975 +998 2 5 939845228
a range +975 +998 2 5 1.33
a contact +975 +998 3 4 1153132411
a range +975 +998 3 4 1.3
a contact +975 +995 3 4 853434779
a range +975 +995 3 4 1.3
a contact +975 +994 3 5 1149907421
a range +975 +994 3 5 1.24
a contact +976 +997 4 5 1172535037
a range +976 +997 4 5 0.13
a contact +979 +994.8 1 2 987929203
a range +979 +994.8 1 2 0.12
a contact +980 +999 2 5 1140286490
a range +980 +999 2 5 1.27
a contact +982 +998.8 2 4 803622987
a range +982 +998.8 2 4 1.08
a contact +983 +998.8 2 3 940946268
a range +983 +998.8 2 3 0.12
a contact +985 +1000 2 3 873866178
a range +985 +1000 2 3 0.12
a contact +985 +1000 4 5 1085590350
a range +985 +1000 4 5 0.13
a contact +986 +998.8 2 4 1034015061
a range +986 +998.8 2 4 1.22
a contact +987 +1000 4 5 856167085
a range +987 +1000 4 5 0.13
a contact +988 +1000 4 6 1113016212
a range +988 +1000 4 6 0.13
a contact +989 +1000 1 3 1012655654
a range +989 +1000 1 3 0.12
a contact +991 +998.8 1 3 1162481670
a range +991 +998.8 1 3 0.12
a contact +994 +1000 3 5 915248586
a range +994 +1000 3 5 1.07
a contact +995 +1000 2 5 1026916226
a range +995 +1000 2 5 1.21
a contact +997 +1000 5 6 927472152
a range +997 +1000 5 6 0.13
a contact +998 +1000 3 4 1121746030
a range +998 +1000 3 4 1.03
a contact +998 +1000 4 6 884579747
a range +998 +1000 4 6 0.13

